20
0,1,3,4,6,7,8,9,10,11,13,16,19
1,2,4,6,7,10,12,14,15,16,18,19
2,3,4,5,8,9,10,13,14,16,17,19
3,5,7,8,12,13,14,15,16,17,18
4,5,7,8,9,10,11,14,16,19
5,6,7,10,11,13,14,15,17,19
6,7,9,11,12,13,15,17,18,19
7,8,9,11,12,16,17
8,9,10,11,12,14,15,18
9,10,11,12,13,15,17
10,11,12,14,17,18
11,12,17,18,19
12,13,14,15,16
13,15,16,17,18,19
14,16,17,18,19
15,16,17,18,19
16,18,19
17,18
18,19
19
4,15,17,19
6,7,9,11,12,13,15,17,18,19
7,8,9,11,12,16,17
8,9,10,11,12,14,15,18
9,10,11,12,13,15,17
10,11,12,14,17,18
11,12,17,18,19
12,13,14,15,16
13,15,16,17,18,19
14,16,17,18,19
15,16,17,18,19
16,18,19
17,18
18,19
19
