n_nodes:166
n_edges:10470
density:0.76451
0,1,2,3,4,5,8,9,10,11,12,16,17,18,19,22,23,24,25,26,28,30,31,32,33,34,35,36,37,38,41,42,43,44,45,46,47,48,49,50,51,52,53,54,56,58,59,60,61,63,66,68,69,70,71,73,74,75,76,78,80,83,84,85,87,88,90,92,93,95,96,97,98,99,101,103,104,105,106,110,111,112,113,114,115,116,119,120,122,123,124,125,126,127,128,129,130,131,132,136,137,138,139,140,141,142,143,144,145,147,148,149,150,152,153,154,155,157,158,160,161,162,163,164,165
1,2,3,4,6,7,8,9,10,12,14,15,16,17,18,19,20,21,22,23,24,25,27,28,31,32,33,34,35,36,38,39,40,41,43,44,47,48,49,50,51,52,53,55,56,57,59,61,62,63,64,65,66,67,68,69,71,72,73,74,75,81,82,84,86,88,89,91,92,93,94,95,96,97,98,99,100,101,102,104,105,106,107,108,110,111,112,113,116,117,118,121,122,123,125,126,129,131,132,133,134,135,137,139,140,142,145,148,150,151,152,155,156,159,161,162,164,165
2,3,4,5,6,8,9,10,11,12,13,14,16,17,18,19,20,21,23,24,25,26,27,28,30,31,32,33,35,36,37,38,40,41,44,45,46,47,48,49,51,52,54,55,56,58,59,61,62,64,67,68,70,71,72,73,74,75,76,77,78,79,81,82,83,84,86,87,88,90,93,95,96,97,99,101,104,105,106,108,109,110,111,112,114,115,117,118,119,120,121,122,123,124,125,126,127,128,130,131,133,134,139,140,141,143,144,145,146,147,150,151,152,153,154,156,157,158,160,163,164,165
3,5,7,9,10,12,13,14,16,18,19,20,21,22,23,24,25,26,27,28,30,32,33,35,36,37,39,41,42,43,44,45,47,48,49,50,51,52,53,55,56,57,58,60,65,66,68,70,73,75,77,78,79,80,81,82,83,84,85,86,88,89,91,92,93,94,95,96,97,101,102,103,106,107,108,110,111,112,113,114,116,117,119,120,121,122,124,125,126,129,130,131,133,135,136,138,139,140,141,143,144,145,146,147,148,150,151,152,153,154,156,157,158,159,160,161,162,163,164
4,5,6,7,8,9,10,12,13,14,15,16,17,21,22,24,25,27,29,30,31,32,33,34,35,36,37,38,40,41,42,43,44,45,46,47,48,50,51,52,53,54,56,57,59,60,61,62,63,64,65,66,67,68,69,70,71,72,73,74,75,76,77,78,80,81,83,84,85,86,87,90,91,92,93,94,95,96,97,98,99,100,102,103,104,105,106,107,108,109,110,111,112,115,117,118,120,121,122,123,124,125,126,127,128,129,130,131,132,134,135,136,137,138,139,140,142,144,145,146,147,150,151,153,154,156,157,158,159,160,161,162,163,164,165
5,6,7,8,10,11,13,14,15,18,19,20,21,22,25,26,27,28,29,30,31,32,33,34,35,36,37,38,40,41,42,43,45,46,47,49,50,51,52,54,55,56,57,58,59,61,63,65,66,67,68,69,71,72,73,74,75,76,77,78,79,80,82,83,84,85,86,88,89,90,91,92,93,95,96,97,98,99,100,101,102,104,106,107,108,109,110,111,112,113,114,116,117,118,119,120,122,123,124,128,130,132,133,134,135,136,137,138,139,140,141,142,143,144,145,146,147,148,149,150,151,152,153,154,155,156,157,158,159,161,162,163,164
6,7,8,9,10,11,12,13,16,17,18,19,20,22,23,25,26,27,29,30,31,32,33,34,35,36,37,38,41,43,44,45,46,47,48,49,50,52,53,55,57,58,59,60,61,63,64,65,66,68,69,71,72,74,75,76,77,79,80,81,82,83,84,85,87,88,89,90,91,93,94,95,97,98,99,100,101,102,103,104,105,106,107,108,109,110,111,112,113,114,115,116,117,120,121,122,123,125,126,127,128,129,130,132,133,134,135,136,137,138,139,140,141,142,143,145,147,148,152,153,154,156,157,158,161,162,163,164,165
7,8,9,10,11,12,13,15,16,17,18,19,20,21,22,23,24,25,26,27,29,32,33,34,35,36,37,38,39,41,43,44,45,46,47,48,49,50,51,52,53,54,55,56,57,58,59,61,62,66,68,70,72,73,74,75,76,77,78,79,82,84,85,86,87,91,94,95,98,99,101,104,105,106,108,109,110,111,112,113,114,116,117,119,120,121,122,123,124,125,126,127,128,129,130,133,134,135,136,138,140,141,142,143,144,145,146,147,148,150,151,152,153,154,155,159,160,161,164,165
8,9,10,11,13,15,16,17,18,19,21,22,26,27,28,29,30,31,33,34,35,37,38,40,41,43,44,47,48,49,51,52,53,54,55,57,58,59,61,62,63,64,65,67,68,69,70,71,72,73,74,76,77,78,79,80,81,82,83,84,87,88,89,90,93,95,97,98,99,103,104,105,106,108,109,110,111,112,114,115,116,117,119,122,123,124,125,126,127,128,129,132,133,135,137,138,139,140,141,142,143,146,148,149,151,152,153,154,155,156,159,160,161,162,163,164,165
9,10,11,12,13,14,16,17,18,20,21,22,24,25,26,27,28,29,32,33,34,35,36,37,39,41,43,45,47,48,49,51,52,53,54,55,56,58,59,60,61,62,63,64,65,66,67,68,69,70,71,72,73,74,75,76,77,78,79,80,81,83,85,86,87,89,90,91,94,95,97,98,99,100,101,103,105,107,108,109,111,114,116,118,119,120,121,122,123,125,126,128,129,130,131,132,133,134,135,136,138,139,140,141,142,143,144,146,147,148,149,150,151,152,153,154,155,156,157,158,159,161,162,163,164,165
10,11,12,13,14,15,16,17,18,19,20,21,23,24,25,26,28,29,30,32,33,34,35,36,38,39,40,42,43,45,46,47,48,50,52,55,57,58,59,60,61,62,63,64,65,66,67,68,70,71,72,73,74,75,76,78,79,80,81,83,84,85,86,87,88,89,91,92,94,95,96,98,100,101,102,103,104,105,106,109,110,113,114,118,119,121,122,124,125,126,129,130,132,134,135,139,140,141,142,143,144,146,147,148,149,150,152,153,154,155,156,157,158,159,160,161,162,163,165
11,12,13,14,15,16,17,18,21,22,23,24,25,26,27,28,29,30,31,32,33,35,36,38,40,41,42,43,44,45,46,47,48,49,50,51,52,55,56,57,58,59,61,62,65,67,68,71,72,74,77,78,79,81,82,83,85,86,87,88,89,90,91,93,94,95,96,98,99,100,101,103,104,106,107,108,109,110,111,112,113,114,115,116,117,118,119,120,121,122,124,125,126,127,129,130,131,132,133,134,135,136,138,139,140,141,143,144,146,148,150,152,153,154,155,156,158,160,161,162,163,164
12,13,14,15,16,18,19,20,21,22,23,24,25,26,27,28,29,30,31,33,34,35,36,37,38,40,41,44,45,46,47,50,52,53,54,55,56,57,59,61,62,63,64,65,66,67,68,69,71,72,73,74,75,76,77,79,80,81,82,83,84,87,88,89,92,93,94,95,96,97,98,99,100,101,102,103,104,105,106,107,108,109,111,112,113,115,118,119,120,121,123,124,127,128,129,131,132,133,134,135,136,137,138,139,141,142,143,144,145,146,148,149,150,153,154,155,156,158,160,161,162,163,164,165
13,14,15,16,17,18,20,21,22,23,24,26,27,28,29,30,31,32,33,34,35,37,38,40,41,42,43,44,45,46,47,48,51,52,54,55,56,57,58,61,62,63,65,66,67,68,69,70,71,72,73,74,75,76,77,78,79,80,81,82,83,84,86,87,88,89,91,92,93,96,97,99,100,101,102,103,104,105,107,108,109,110,114,116,117,118,119,120,121,122,123,124,126,127,128,129,130,131,132,134,136,139,140,141,142,143,144,145,146,147,148,149,151,152,153,154,155,156,157,158,160,161,162,163,165
14,15,16,18,20,22,23,24,27,28,31,33,34,36,37,40,41,42,43,44,48,49,50,51,52,53,54,57,58,60,61,62,63,64,65,66,67,68,69,70,71,72,73,74,75,78,79,80,81,83,84,85,87,89,92,93,94,96,97,98,99,101,103,104,105,106,107,108,109,110,111,112,114,116,118,119,120,121,122,124,126,127,129,130,131,132,133,134,135,136,137,139,142,144,145,146,148,149,150,151,152,154,155,156,158,159,160,162,163,165
15,17,18,19,20,21,22,23,24,26,30,31,32,33,34,35,36,38,39,40,41,42,43,46,49,50,51,52,53,54,55,56,57,58,59,60,63,64,65,66,67,69,70,72,73,77,79,80,81,82,83,84,86,87,88,89,90,91,92,93,94,95,96,97,100,101,102,104,105,106,109,110,111,112,113,114,115,116,117,118,119,121,123,124,125,126,127,128,129,130,131,133,134,138,139,141,142,143,144,145,147,149,151,152,153,154,155,157,158,161,162,163,164,165
16,17,18,19,21,24,25,26,27,29,30,31,32,33,34,35,36,37,38,39,40,43,44,47,48,49,50,51,52,53,54,55,56,57,59,60,62,64,65,66,67,68,69,70,72,73,74,75,76,77,78,79,81,83,84,85,86,88,89,92,94,95,96,97,98,99,100,101,103,105,106,107,108,109,110,111,112,113,114,116,119,120,121,122,123,124,125,127,128,129,130,131,132,133,135,136,137,138,140,141,142,143,145,146,147,148,149,150,151,152,153,154,155,156,157,158,159,162,163,164,165
17,19,20,24,25,26,27,28,29,31,32,33,35,37,38,39,40,44,46,47,48,50,51,52,54,56,57,58,59,61,62,63,65,66,68,69,70,71,72,73,74,75,76,78,79,81,82,83,85,86,87,88,89,90,91,92,94,95,96,97,99,100,101,102,103,104,106,107,109,110,111,112,113,114,115,117,118,120,123,124,125,126,127,129,130,131,132,133,134,136,138,139,140,141,142,143,144,146,147,148,149,150,151,152,153,155,158,159,160,161,162,163,164,165
18,19,20,22,23,24,25,27,28,30,32,33,34,35,36,37,38,39,40,42,43,45,46,47,49,51,52,53,55,56,57,58,59,60,61,62,64,65,66,69,70,71,72,74,78,79,80,82,83,84,85,87,88,89,90,92,93,94,95,96,97,99,100,101,102,104,105,106,107,109,110,111,114,115,118,120,121,122,123,124,125,126,128,129,130,133,134,136,137,139,140,141,142,143,144,145,146,147,150,152,153,156,157,159,160,163,164,165
19,20,21,22,23,26,27,30,32,33,34,35,36,38,39,40,41,42,43,44,47,48,49,50,51,52,53,54,55,56,57,58,59,60,61,62,64,65,67,69,71,72,74,75,76,77,79,80,81,82,83,84,86,87,89,90,91,92,94,95,97,98,100,101,102,104,106,107,108,109,110,111,113,114,115,116,118,119,120,121,123,124,125,126,127,128,129,130,131,132,134,135,136,137,139,141,142,143,145,146,147,148,149,150,151,152,154,155,156,157,158,159,161,162,163,164,165
20,21,22,23,25,28,29,30,31,32,33,34,35,36,38,39,40,42,45,47,48,49,50,52,53,54,55,56,57,59,60,61,62,63,64,65,66,67,70,71,74,75,76,78,79,80,81,82,83,85,87,88,89,90,91,92,95,96,97,98,99,101,102,103,104,105,106,107,109,111,112,114,115,117,118,119,120,121,122,123,125,127,128,130,131,132,135,136,137,140,141,142,143,144,145,146,147,149,150,151,152,153,154,155,156,157,160,162,163,165
21,22,23,24,25,26,27,28,29,30,31,32,33,35,36,38,39,40,41,42,43,45,47,48,51,53,54,55,56,57,58,59,60,61,63,64,65,66,67,69,70,73,74,75,76,78,79,80,81,83,84,85,86,87,89,90,92,93,94,95,96,97,99,100,101,102,103,104,105,107,108,109,110,111,112,114,115,116,117,118,120,121,122,123,124,125,127,129,131,132,133,134,135,136,138,139,141,142,143,144,145,146,147,148,150,151,152,154,156,157,158,159,160,161,162,163,165
22,23,24,25,28,29,31,32,33,35,37,38,39,41,43,44,45,46,47,48,50,51,52,54,55,56,57,58,59,61,62,65,68,69,71,72,73,75,77,78,79,80,81,82,83,84,85,86,87,88,89,90,91,92,93,97,100,102,106,107,109,110,112,113,114,116,117,118,119,120,121,123,124,127,129,130,131,132,133,134,135,136,137,138,139,141,142,143,144,145,146,147,148,149,152,153,154,155,156,157,158,159,162,163,164
23,24,25,26,27,28,29,30,31,32,33,34,36,37,38,39,40,42,43,44,46,47,48,49,50,51,53,54,55,56,57,59,60,61,62,63,64,65,69,70,71,72,73,74,75,76,77,79,80,81,82,83,85,86,87,88,89,90,92,93,95,96,97,98,99,100,101,103,105,106,108,109,110,111,112,115,117,119,120,121,122,123,124,125,126,130,132,133,134,135,136,138,141,143,144,147,148,149,150,151,153,155,156,157,158,159,160,161,162,164,165
24,25,26,27,28,29,30,31,33,34,35,36,37,38,39,40,41,42,43,44,45,46,47,49,50,52,53,54,55,56,57,58,59,60,61,62,64,65,66,67,68,69,70,71,73,74,75,76,77,78,79,80,82,85,86,87,89,91,92,93,94,95,96,97,98,99,100,101,102,103,104,107,108,109,110,111,112,113,114,115,116,117,118,119,120,121,122,123,125,126,127,128,131,132,133,134,135,136,137,139,140,142,143,144,145,147,148,149,150,151,153,154,156,157,158,160,161,162,163,165
25,26,27,30,32,33,34,35,36,38,39,42,44,45,46,47,49,52,55,56,57,58,60,61,62,63,65,69,71,72,73,74,77,78,79,80,85,86,87,88,89,90,91,92,93,96,98,99,103,104,105,107,108,109,110,111,112,113,115,116,117,118,119,121,123,124,126,127,128,129,131,132,133,134,137,138,139,140,142,143,144,146,147,148,149,150,152,153,154,155,156,159,161,162,164,165
26,27,28,29,30,31,33,34,35,38,40,41,42,43,44,46,47,48,49,50,51,53,54,55,56,57,58,59,60,61,62,63,64,65,66,67,68,69,70,73,74,75,76,77,79,80,82,83,84,85,86,87,88,89,90,91,92,94,96,97,98,101,102,103,104,105,106,107,111,112,113,115,116,118,119,120,121,122,123,126,127,128,129,130,132,133,134,135,136,138,140,141,142,143,146,147,148,149,150,154,155,157,158,159,162,163,164,165
27,28,29,31,32,33,35,36,37,39,40,41,42,43,44,46,47,48,50,51,52,53,54,55,56,57,58,59,60,61,62,64,67,71,73,76,77,78,80,81,82,83,84,86,87,88,89,90,91,95,96,97,98,99,100,102,103,104,105,106,107,109,110,111,112,113,114,115,116,117,118,119,121,122,123,124,125,126,127,128,129,130,131,132,134,135,136,137,139,140,141,142,143,144,145,146,147,149,150,151,152,153,154,155,156,158,159,160,162,164,165
28,29,30,31,32,33,34,35,37,39,41,42,43,45,46,47,48,50,51,52,53,54,56,57,58,59,60,61,62,63,64,65,66,67,68,69,70,72,73,74,75,76,77,78,79,80,82,83,84,85,86,87,88,89,90,91,94,96,97,99,100,101,103,105,106,107,108,109,110,111,112,113,114,115,117,118,119,120,121,122,124,129,130,131,132,133,134,136,138,139,140,141,142,143,144,145,147,148,149,153,154,155,156,157,158,160,161,162,163,164
29,30,31,32,34,35,37,38,39,40,41,44,45,47,48,50,52,53,54,55,56,57,59,60,61,62,64,65,68,69,71,72,73,75,76,77,78,79,80,81,84,85,86,87,88,89,91,92,93,96,97,99,100,101,102,103,104,106,108,109,110,113,114,116,117,119,120,122,123,125,127,128,129,133,134,135,137,138,139,140,141,142,143,144,145,147,148,149,151,152,155,156,158,159,160,161,162,163,164,165
30,31,32,33,34,35,36,37,38,42,44,45,46,47,48,51,52,53,55,56,59,60,61,62,63,65,66,67,68,69,70,72,74,75,77,78,79,80,81,82,83,84,85,86,87,89,90,91,92,93,94,96,97,98,99,101,102,103,104,105,106,108,109,111,113,114,115,116,117,118,120,122,123,124,125,126,127,128,129,130,131,132,133,134,135,136,138,140,141,142,145,146,147,148,149,150,151,152,153,154,156,157,158,159,160,161,162,163,164,165
31,32,33,34,35,36,37,38,39,40,41,43,44,46,47,48,49,50,52,54,55,56,59,60,61,62,64,66,67,68,69,70,71,72,73,74,76,77,78,79,80,81,83,84,86,87,88,90,91,93,94,95,96,101,102,103,105,107,108,109,110,111,112,119,120,121,122,123,124,126,128,132,133,134,135,138,139,141,144,145,146,147,148,149,150,151,153,154,155,156,157,158,159,161,163,164,165
32,33,34,35,36,37,38,39,41,42,43,45,47,48,49,50,52,53,54,55,57,59,60,61,62,63,64,68,69,70,72,73,74,75,76,77,78,79,80,81,82,85,87,88,89,90,91,92,93,94,95,97,98,99,100,101,102,103,105,106,107,108,109,110,111,112,113,115,117,118,119,120,121,122,123,124,125,126,127,129,130,131,132,133,135,138,139,140,142,143,145,146,147,148,150,152,153,154,155,157,158,159,160,162,164
33,34,35,37,38,39,40,41,42,43,45,47,48,49,50,51,52,53,54,55,56,58,60,61,62,64,65,67,68,69,71,72,73,74,75,77,78,79,80,81,85,87,88,89,90,91,92,93,95,96,98,99,100,101,102,103,104,105,106,107,108,109,110,112,113,114,115,116,117,119,121,122,123,126,128,129,132,134,135,138,141,142,143,144,145,146,148,149,150,152,153,154,156,157,158,159,160,161,162,164,165
34,36,37,38,39,40,42,43,44,45,46,49,50,51,52,53,54,55,57,58,59,60,62,63,64,65,66,68,69,70,71,72,73,74,75,79,80,81,82,83,84,86,87,88,89,90,91,94,96,98,99,100,102,103,104,105,106,107,108,110,111,113,115,116,122,123,125,126,127,128,129,130,131,133,134,135,136,137,139,140,141,143,144,145,146,147,148,151,152,153,156,157,158,159,161,162,163,164,165
35,38,39,40,41,42,44,45,46,47,48,49,50,51,54,56,57,58,59,60,61,62,66,68,69,70,71,72,73,74,75,76,77,78,79,80,81,82,83,85,86,87,88,89,91,92,93,94,95,96,97,98,99,100,101,102,103,104,105,106,108,109,110,111,112,113,115,116,117,119,120,121,122,123,125,126,127,128,129,132,133,134,135,136,137,139,140,141,142,144,145,146,147,148,149,150,152,153,154,157,158,159,160,161,163,164,165
36,37,38,40,41,42,44,45,46,47,48,49,50,51,52,53,54,55,56,57,59,62,63,64,65,66,67,69,70,71,72,73,74,76,78,80,81,82,84,85,86,87,89,91,93,94,95,96,97,98,99,100,101,102,103,104,105,106,107,108,109,111,113,114,115,116,119,120,121,123,124,125,127,128,129,131,132,133,134,135,136,137,138,139,141,143,144,145,147,148,149,150,152,154,155,156,157,158,159,160,161,162,164,165
37,39,41,42,43,44,46,48,49,51,52,53,54,55,56,57,58,59,60,61,62,63,64,65,66,68,69,70,73,74,75,77,78,79,80,81,82,83,84,85,86,88,89,91,92,93,94,95,96,97,98,99,102,104,105,107,108,109,110,112,113,114,115,116,117,118,119,120,121,122,123,124,125,126,128,129,130,131,132,134,135,137,138,139,140,142,143,144,145,146,147,148,150,152,153,154,155,157,158,159,160,161,162,163,165
38,39,41,42,43,47,48,49,51,52,53,54,55,57,58,59,60,61,62,63,64,65,68,70,72,73,75,76,77,78,79,80,81,83,84,85,86,87,88,89,92,94,95,97,98,99,100,101,102,103,104,105,106,107,108,109,110,111,112,113,114,115,116,117,118,119,120,121,123,124,127,129,130,131,132,133,134,135,136,137,138,141,142,143,144,145,146,147,149,150,151,153,154,155,156,158,159,160,161,162,163,164,165
39,41,42,43,44,45,46,47,48,49,50,51,52,53,55,56,58,59,60,61,62,64,65,67,70,72,73,74,76,77,79,80,82,83,84,85,86,87,88,89,90,91,92,93,95,97,98,99,100,101,104,105,106,108,109,110,111,112,114,116,117,118,119,121,122,123,125,126,127,128,130,131,132,133,134,135,136,137,138,139,140,141,143,145,146,147,148,150,154,155,156,158,160,161,163,164,165
40,41,42,44,45,46,47,48,49,50,51,52,55,56,57,58,59,60,61,63,64,65,66,67,68,70,72,73,76,77,78,79,80,81,83,84,85,87,88,91,93,94,95,96,98,100,101,102,104,105,106,107,108,109,110,111,113,114,116,117,120,121,122,123,124,125,126,127,128,130,132,133,137,139,140,142,144,145,146,147,148,149,150,151,152,153,155,157,159,161,162,163,164,165
41,43,44,45,47,48,49,50,51,53,54,55,57,58,60,61,62,63,64,65,68,69,70,71,72,73,74,75,76,77,79,80,81,83,84,85,86,87,88,89,90,92,93,94,96,97,99,100,101,102,103,104,105,106,107,110,111,112,113,115,116,117,118,119,120,121,123,124,125,126,127,128,130,131,133,134,135,136,137,138,140,141,142,143,144,145,146,147,149,150,151,152,154,155,156,157,159,160,161,162,163,164,165
42,44,45,47,48,49,50,51,53,54,55,56,57,58,59,61,62,63,64,65,66,68,69,70,71,72,74,76,77,78,81,82,83,84,85,87,89,91,92,93,95,96,99,100,101,102,103,104,105,106,107,108,109,110,111,112,113,114,115,116,117,119,120,121,122,123,125,126,127,128,129,131,133,134,135,136,137,138,140,142,144,145,146,147,149,151,152,153,154,155,158,160,161,162,163,164,165
43,44,45,46,47,48,49,50,51,52,53,54,55,56,58,59,61,63,64,65,67,72,73,74,75,76,77,79,81,82,83,84,87,88,89,90,91,92,93,94,97,98,99,101,102,104,105,106,107,108,109,110,111,113,115,116,118,119,121,123,124,125,128,129,131,133,134,135,136,137,138,140,141,142,143,144,145,146,147,148,149,150,152,153,154,155,156,160,161,162,163,164,165
44,45,46,47,49,50,52,53,54,55,56,58,59,61,62,65,66,67,68,69,70,71,72,73,74,76,77,80,84,85,86,87,88,89,90,91,92,93,94,95,96,98,99,100,101,102,103,105,106,107,108,109,110,111,112,116,117,118,119,120,121,122,123,124,125,126,127,129,131,133,134,137,139,142,144,145,146,147,148,149,150,151,152,153,154,155,156,157,158,159,162,163,164,165
45,46,47,48,49,50,51,54,55,56,57,58,60,61,62,63,64,65,66,67,68,70,72,73,74,75,76,77,78,79,80,82,84,86,87,88,90,91,92,93,95,97,98,99,100,101,102,103,104,105,106,107,109,110,111,112,113,114,115,116,117,118,119,123,124,125,126,127,128,129,130,132,133,134,135,138,140,141,142,143,144,145,146,147,148,149,150,151,152,153,154,155,156,158,159,160,161,163,164
46,49,50,51,55,56,58,59,61,62,63,64,65,67,68,69,70,71,75,77,79,80,81,82,84,85,87,90,91,93,94,95,97,98,101,102,103,106,108,109,110,111,112,113,114,115,118,119,120,122,123,124,126,127,128,129,131,132,133,134,135,136,137,139,140,141,142,144,145,146,148,149,150,151,152,153,154,155,156,157,158,159,160,161,162,163,164,165
47,48,49,50,51,53,55,57,58,59,60,62,64,66,67,68,70,72,73,74,75,77,78,79,80,82,83,85,87,88,89,90,92,94,95,96,97,99,101,103,104,105,106,107,108,109,111,114,118,119,120,122,123,124,126,127,128,129,131,136,137,138,139,140,141,142,143,144,145,146,147,149,150,151,152,154,155,156,157,158,159,161,163,165
48,50,51,55,56,57,59,60,61,62,63,64,66,67,68,71,73,74,78,79,80,82,83,85,86,87,88,89,90,91,92,93,96,97,98,100,101,102,103,104,105,106,107,108,109,111,115,116,119,120,121,122,123,124,125,126,128,130,132,133,134,135,136,138,139,140,141,142,143,144,145,146,147,148,150,152,153,154,155,156,159,160,161,162,163,165
49,52,53,54,55,57,60,61,62,63,64,65,69,70,71,72,73,74,75,76,77,79,80,81,82,83,85,87,89,90,91,92,93,94,96,97,98,100,101,103,104,106,109,110,111,113,114,116,117,118,119,120,121,122,125,126,127,130,132,134,136,137,138,140,141,142,144,145,146,147,148,149,150,151,152,153,155,156,157,158,159,161,162,164
50,51,52,55,56,58,60,61,64,65,66,67,69,70,71,72,73,74,75,76,77,78,79,80,81,82,83,84,85,86,87,88,90,91,92,95,96,97,98,99,100,101,102,103,104,105,106,107,108,109,110,111,112,113,116,117,119,121,122,123,125,126,127,128,129,130,131,132,133,134,135,136,138,139,140,141,142,143,144,145,147,149,150,151,152,154,155,156,158,160,163,164,165
51,52,53,54,55,56,57,58,59,60,62,64,66,67,69,70,71,72,74,75,76,79,80,81,83,86,87,88,90,92,94,95,96,97,98,99,100,101,104,105,106,107,108,109,110,111,112,113,114,118,119,120,121,122,123,124,125,126,127,128,129,130,131,134,136,137,138,139,140,141,142,144,146,147,148,149,150,152,153,154,155,156,157,158,159,160,162,163,164,165
52,53,54,55,56,57,58,59,60,62,63,64,65,67,68,69,70,71,72,73,74,75,76,77,80,81,82,83,84,85,86,87,89,90,91,92,93,94,95,97,98,99,100,102,103,104,105,106,107,108,109,110,111,116,117,118,119,120,121,122,123,124,126,127,128,129,130,132,134,135,136,137,138,139,141,142,143,144,145,146,148,149,151,152,155,156,157,158,159,160,162,163,164,165
53,54,55,57,58,61,63,64,65,66,67,68,69,70,71,72,73,74,76,77,78,79,80,81,82,83,85,86,87,88,89,90,91,92,93,94,95,96,98,99,100,101,102,103,104,105,106,107,108,109,110,111,112,113,116,118,119,120,121,122,123,124,126,127,128,130,132,135,136,137,139,141,142,143,146,147,150,151,152,153,154,156,157,158,159,160,162,163,164,165
54,56,57,58,59,61,62,63,64,65,69,70,71,72,74,75,76,77,79,80,83,87,88,89,90,91,92,95,96,97,98,101,102,105,106,107,109,110,111,112,113,114,117,118,119,120,122,123,124,125,126,127,128,129,130,132,133,134,135,137,138,139,140,141,142,144,146,147,148,149,150,154,155,156,157,158,159,160,162,163,165
55,57,59,60,61,62,63,64,65,66,67,68,69,71,72,74,76,77,78,79,80,82,83,84,85,86,87,88,90,91,92,93,94,96,97,98,99,100,101,102,103,104,105,107,108,111,112,113,114,115,116,118,119,120,121,122,123,124,125,126,128,129,130,131,132,133,134,135,136,138,139,140,142,144,145,146,147,148,149,150,152,154,155,160,161,162,163,165
56,58,59,60,61,62,63,64,65,66,67,68,70,72,73,75,76,77,78,81,82,83,84,86,88,89,90,91,94,95,96,97,98,99,100,102,104,106,107,108,109,111,112,114,115,116,118,119,120,122,123,124,125,127,128,131,132,133,134,135,136,137,138,140,141,142,143,146,147,148,149,150,152,154,155,157,158,159,160,161,162,164,165
57,58,59,60,61,62,63,65,66,67,68,69,70,71,72,73,74,76,77,79,81,82,83,84,85,86,88,89,91,92,95,96,97,98,99,100,101,103,105,108,110,111,112,114,115,116,117,118,119,120,121,125,126,127,128,129,130,131,133,134,135,136,137,139,142,143,144,145,147,148,149,150,152,153,154,155,156,157,158,159,160,161,162,164,165
58,59,60,62,63,64,65,66,67,68,69,71,72,73,74,75,76,78,79,80,82,83,84,85,86,87,89,90,91,92,93,94,95,98,99,101,102,103,104,105,107,109,110,111,112,114,116,117,118,119,120,121,122,123,124,126,128,130,133,134,135,136,137,139,141,142,144,145,146,147,148,149,150,152,154,155,156,158,161,162,164,165
59,60,61,62,63,65,66,67,70,72,73,74,76,77,78,79,80,82,83,84,85,86,87,90,91,92,93,94,95,96,102,103,104,105,106,108,110,111,112,113,116,117,118,119,120,122,124,125,129,130,131,132,133,134,135,137,138,139,140,143,144,145,146,147,148,149,150,151,152,153,154,155,159,160,161,162,163,164,165
60,62,63,65,69,71,73,74,78,79,80,81,82,83,84,85,86,88,90,91,92,93,94,97,99,100,101,102,103,104,105,106,107,109,111,113,114,115,116,117,118,119,120,121,122,123,124,126,128,130,131,132,133,134,135,136,137,138,141,142,144,145,147,149,150,151,153,155,158,160,161,162,163,165
61,62,64,66,69,70,71,72,73,74,75,76,77,78,79,82,83,84,85,86,87,88,90,91,92,93,95,96,97,98,99,100,101,103,104,106,107,108,109,110,111,112,114,115,116,117,118,119,120,121,123,124,125,128,129,131,132,133,134,136,137,138,139,140,142,143,144,145,146,148,149,150,152,153,154,155,156,157,158,159,160,162,164,165
62,63,64,65,66,67,68,69,71,72,73,74,75,76,79,80,81,82,83,84,85,88,89,90,91,93,95,96,98,99,100,102,105,106,108,109,111,113,114,115,116,117,120,121,122,123,124,125,126,127,129,130,131,132,133,136,137,138,139,140,141,143,145,147,148,151,152,153,155,156,160,161,162,163,164
63,64,65,66,67,68,69,70,71,73,76,77,78,80,81,82,83,84,85,86,87,90,91,93,94,95,96,98,99,100,101,102,103,104,105,107,111,112,113,114,115,116,117,118,119,121,122,123,124,125,126,127,128,129,131,132,133,136,137,139,140,141,143,144,146,147,148,151,152,154,155,156,158,160,161,162,163,164,165
64,65,66,67,68,69,72,73,75,77,78,79,80,81,82,83,84,85,88,89,90,91,95,97,99,100,102,103,104,105,106,107,109,110,111,112,113,114,115,116,118,119,120,121,122,124,125,126,127,128,129,130,131,132,133,134,135,136,138,140,142,143,144,145,146,147,148,151,152,153,155,156,157,158,159,161,162
65,67,68,69,70,71,74,77,78,79,80,81,82,84,85,87,89,90,91,92,93,94,95,96,97,98,99,101,102,104,106,107,108,109,110,112,114,115,116,117,118,119,120,122,123,124,125,126,127,128,129,130,131,132,134,136,137,139,140,144,147,148,149,150,152,153,154,155,156,157,158,159,161,162,163,164,165
66,67,68,69,70,71,73,74,75,76,77,79,80,81,87,88,90,91,94,95,96,97,98,101,103,105,106,107,108,109,110,111,112,113,114,115,116,117,118,119,120,122,125,126,127,128,129,131,132,134,137,138,139,141,142,143,144,145,146,147,149,150,154,155,156,159,160,161,162,163,164,165
67,68,69,70,71,72,73,74,75,76,78,80,81,82,84,85,87,88,89,90,91,92,93,94,95,99,100,101,102,104,106,107,108,109,110,111,112,113,114,115,116,117,119,120,121,124,125,126,127,129,130,131,132,133,134,137,138,139,140,142,143,144,145,146,148,149,150,151,152,154,155,156,158,159,160,161,162,163,165
68,69,70,71,72,73,74,75,78,79,80,81,82,83,84,86,87,88,89,90,92,93,94,95,96,99,100,101,105,106,107,108,109,110,111,112,114,115,116,117,119,120,121,122,123,124,125,126,127,128,129,130,132,133,135,136,137,138,139,140,142,143,144,145,149,150,151,152,153,154,155,156,157,158,159,160,162,163,164,165
69,70,71,72,73,75,76,77,78,79,80,83,84,86,87,88,89,90,92,94,95,96,98,99,101,103,104,105,108,110,111,112,113,114,115,116,118,120,122,123,125,128,129,130,131,133,135,136,137,138,141,142,143,144,145,146,147,149,150,151,152,153,154,156,158,159,160,162,163,164,165
70,71,72,73,74,75,77,78,79,80,81,82,83,84,87,88,89,90,91,94,95,96,98,99,100,102,103,104,106,107,108,110,111,112,113,114,116,117,119,121,123,124,127,128,131,132,135,137,138,139,141,142,145,146,147,148,150,152,153,156,158,159,161,162,163
71,72,73,74,75,76,77,78,79,80,81,82,83,84,85,86,87,88,89,90,91,93,94,95,97,98,99,100,101,102,103,104,105,106,107,109,110,111,112,113,114,115,116,118,119,120,121,122,123,126,127,128,130,131,132,133,134,137,138,139,141,142,143,145,147,148,149,150,151,153,154,155,156,157,158,159,160,162,163,164
72,73,74,75,76,77,78,79,80,81,82,84,86,87,89,90,91,93,97,98,100,101,103,104,105,106,109,110,111,113,114,115,116,117,118,119,120,121,123,124,125,126,127,128,129,130,131,132,133,134,136,137,140,141,142,143,144,145,146,148,149,151,152,153,154,155,158,161,162,164,165
73,74,75,76,77,78,80,83,87,88,90,93,94,95,97,98,99,100,101,104,105,108,110,111,112,113,114,116,117,120,121,122,123,126,128,130,131,132,133,134,135,136,137,139,140,141,142,143,144,145,146,147,149,150,151,152,156,158,160,161,162,164,165
74,75,76,77,78,79,80,81,82,83,85,86,87,88,89,91,92,93,94,97,99,100,101,102,103,104,105,106,107,108,109,110,111,112,115,118,119,120,121,123,124,125,126,127,128,129,130,131,132,133,134,137,138,139,140,141,142,143,144,145,147,148,149,150,151,152,153,154,155,156,157,158,159,160,162,163,164,165
75,76,77,78,79,80,81,82,83,84,85,86,87,88,90,91,92,94,95,97,98,100,101,102,103,104,105,106,107,108,109,110,112,116,117,118,119,120,121,122,123,124,125,126,127,128,129,131,132,134,136,137,139,140,141,142,143,146,148,149,151,152,153,154,155,156,159,160,161,162,164,165
76,77,78,79,81,84,85,86,87,88,89,91,92,93,94,95,96,97,98,99,100,101,102,104,105,106,108,110,111,112,116,117,119,120,121,123,124,125,126,127,130,131,132,133,135,136,138,139,140,142,146,147,148,149,150,153,154,157,158,160,161,163,164
77,79,80,81,82,83,86,87,88,89,90,91,92,93,94,95,96,97,99,100,101,102,103,105,107,108,109,110,112,113,114,115,117,118,119,120,121,122,124,126,127,129,131,135,136,137,138,139,140,141,142,143,144,145,146,147,148,151,152,153,154,155,156,157,159,160,161,164,165
78,79,80,81,82,83,85,86,89,90,91,92,93,94,96,97,99,100,101,104,105,106,108,109,110,111,113,114,118,119,123,125,126,127,128,129,131,132,133,134,135,136,138,139,143,144,145,146,147,148,149,150,151,152,153,154,155,156,157,158,159,160,162,163,165
79,80,81,82,83,84,85,86,87,89,90,92,93,94,95,97,98,99,100,101,104,105,106,108,110,111,112,113,114,115,116,117,118,119,120,122,123,124,125,126,127,129,131,132,135,137,138,139,141,142,144,147,148,149,150,151,152,153,155,156,158,159,160,161,162,163,164,165
80,81,82,83,86,87,90,91,92,94,95,96,97,99,100,101,102,103,104,105,106,108,111,112,115,116,118,119,120,122,123,124,125,128,129,130,132,133,134,135,137,140,142,143,144,145,146,147,148,149,150,151,153,154,155,156,159,160,161,162,163,164
81,83,84,85,86,87,88,89,91,92,93,94,95,96,97,98,99,100,101,102,103,104,106,107,108,111,112,113,114,115,116,118,119,120,121,122,123,124,125,126,127,128,129,130,131,133,134,135,136,137,138,139,141,142,143,144,145,146,148,149,150,151,152,153,155,157,158,159,161,162,163,164,165
82,85,86,87,88,89,90,91,94,95,97,98,99,100,101,104,105,106,107,108,109,110,111,112,113,114,116,117,118,119,122,123,124,125,127,128,129,130,132,133,134,135,136,138,139,140,143,144,145,146,147,148,149,151,153,154,156,157,158,160,161,164,165
83,84,87,88,89,90,92,93,94,95,96,97,98,99,101,103,104,106,107,108,109,110,111,113,114,116,118,119,121,122,124,125,128,134,135,136,138,139,141,142,143,144,145,146,147,148,149,150,151,152,153,155,156,158,159,160,161,162,163,165
84,85,86,87,88,89,91,92,93,94,96,97,99,100,101,102,103,104,105,107,108,110,111,112,113,114,115,116,118,120,123,124,125,126,127,128,129,130,133,134,137,138,139,146,147,149,150,151,153,154,156,159,160,161,162,164,165
85,87,88,89,90,91,92,93,94,95,96,97,99,100,101,102,103,105,107,108,109,110,112,113,115,116,117,120,121,126,128,129,130,131,132,133,134,136,139,144,145,146,147,148,150,152,153,154,155,156,157,158,159,160,161,162,165
86,88,91,92,93,94,95,96,98,99,100,101,102,104,106,107,108,109,111,112,113,115,117,118,119,121,122,124,127,128,129,132,133,134,135,136,138,139,140,141,142,143,144,145,148,149,150,151,152,156,157,158,159,160,161,163,164,165
87,88,89,90,91,92,93,95,96,97,98,100,101,102,103,104,106,108,109,111,112,114,115,116,118,119,120,121,122,123,124,125,126,127,128,129,130,131,132,133,135,136,137,138,139,140,141,142,143,144,145,146,147,148,149,152,153,155,156,157,158,159,161,162,163
88,90,91,92,96,97,98,99,100,101,102,103,104,105,106,107,109,110,112,114,119,122,123,124,125,127,128,131,132,133,134,135,137,138,139,140,141,142,143,144,145,146,147,148,150,151,152,153,155,156,157,158,159,160,161,162,163,164,165
89,90,91,94,95,96,98,100,101,103,105,106,107,108,109,112,113,115,116,119,120,121,122,125,127,128,129,131,132,133,134,135,136,138,139,140,141,143,144,145,147,148,149,150,151,152,153,154,155,157,158,159,160,161,162,163,164,165
90,91,92,93,94,95,96,97,98,99,100,101,102,104,105,106,107,110,112,114,115,117,118,119,120,122,123,124,127,128,129,131,134,137,138,139,140,141,143,144,145,146,147,148,149,150,151,152,153,155,156,157,158,159,160,163,164,165
91,92,93,95,96,97,100,101,102,103,104,105,107,108,109,110,113,114,116,117,119,120,121,122,123,124,125,129,130,133,134,135,136,137,138,139,140,144,145,146,147,149,150,152,153,154,155,157,159,160,161,162,163,165
92,93,94,95,96,98,99,100,102,103,104,106,107,108,110,112,113,114,116,117,118,119,120,121,122,123,125,126,127,128,130,131,132,134,135,136,137,138,139,140,141,142,143,144,146,147,148,150,151,152,153,154,155,156,157,160,161,162,164
93,94,95,98,99,101,102,103,104,105,106,108,110,112,113,114,115,117,118,119,120,121,123,124,125,127,128,130,132,133,134,135,136,138,139,141,142,143,145,146,148,149,151,152,153,154,155,156,157,158,159,160,161,162
94,95,97,99,101,102,103,106,107,109,110,111,112,114,115,116,118,119,120,122,123,124,125,126,127,128,130,131,133,135,136,137,139,141,144,145,148,149,150,151,152,153,155,156,157,158,160,163,164,165
95,98,99,100,101,103,104,105,107,108,111,112,113,114,115,116,117,119,120,121,123,126,127,129,131,132,133,135,136,138,139,140,143,144,148,149,150,153,154,155,157,160,161,162,164,165
96,97,98,99,100,101,102,104,105,108,109,111,113,114,115,116,118,119,121,123,124,125,126,127,128,130,132,133,134,135,137,138,141,142,143,144,145,146,147,148,149,150,151,153,155,157,158,159,160,161,162,163,164,165
97,98,100,102,103,104,105,106,107,108,109,110,111,113,114,116,117,118,119,122,123,124,126,128,130,132,133,135,136,137,138,140,142,143,144,146,147,148,149,150,153,154,155,156,157,158,160,161,162,163,164,165
98,99,100,109,110,111,113,114,115,116,117,118,119,120,122,123,124,127,130,132,133,135,137,138,139,144,145,149,151,152,153,154,155,156,158,162,163,164,165
99,100,102,103,104,107,108,109,110,111,112,114,116,117,118,119,120,122,123,124,125,126,127,128,129,131,132,133,134,135,136,137,138,139,140,141,142,143,144,146,147,148,149,150,151,152,153,156,157,158,159,160,161,163,165
100,101,103,104,105,106,107,108,109,110,111,112,113,114,115,116,118,119,120,121,122,123,125,127,128,129,131,132,133,134,135,136,137,138,139,140,142,144,145,146,147,148,150,151,153,154,155,157,158,159,160,162,164
101,102,103,104,105,106,107,110,111,113,116,118,119,121,122,123,124,125,127,128,129,130,131,133,136,137,138,139,140,142,143,144,145,147,148,149,150,151,152,153,157,159,160,161,162,163,164,165
102,103,104,105,107,111,112,113,114,116,118,119,120,122,123,124,125,127,128,129,130,133,134,135,136,137,138,140,141,143,144,145,146,147,148,149,150,151,152,153,154,156,159,161,163,164,165
103,105,109,110,111,112,113,114,115,116,117,118,121,122,123,124,125,126,129,130,131,132,133,135,137,138,140,142,144,145,146,147,149,151,152,154,155,156,158,160,161,162,164,165
104,106,107,108,110,112,113,114,115,116,117,118,120,121,123,124,125,127,128,129,130,131,133,134,135,136,137,138,140,141,142,143,144,145,146,147,148,149,150,151,152,153,154,156,157,160,161,162,163,164
105,106,107,108,109,110,111,112,113,114,115,116,117,118,120,121,123,124,125,126,127,128,129,130,132,133,134,135,136,137,139,140,141,144,145,146,147,148,149,150,151,153,154,155,156,157,158,159,160,161,164,165
106,107,109,110,111,114,116,117,118,120,122,123,124,126,127,128,129,131,132,133,135,136,137,138,139,140,141,142,145,146,147,149,150,151,152,154,155,156,157,158,159,160,162,163,165
107,108,109,110,112,113,115,117,118,120,123,124,125,126,127,128,129,130,131,133,134,135,136,138,139,140,141,142,143,144,145,146,147,148,149,150,151,152,154,155,157,158,159,160,161,163,165
108,109,110,111,112,113,114,116,117,118,119,120,121,122,124,125,126,127,128,129,130,131,132,133,134,136,137,139,140,141,143,144,145,146,148,149,150,151,152,153,154,155,156,157,158,159,160,161,165
109,110,112,113,115,116,117,118,119,120,122,123,125,126,127,129,130,133,134,135,136,137,138,141,142,144,145,146,147,148,149,152,153,154,155,158,160,163,165
110,111,113,115,116,117,118,119,120,122,123,124,126,127,129,131,132,133,134,135,137,138,139,144,145,146,148,150,151,152,153,154,155,156,157,158,161,162,163,164,165
111,112,113,115,116,117,120,121,122,123,124,125,126,127,128,129,130,132,133,134,136,138,139,141,142,143,144,145,146,147,148,149,150,151,153,155,156,157,158,159,160,161,162,163,164,165
112,113,114,115,116,117,121,122,123,124,126,127,128,129,130,131,133,134,135,136,137,138,140,141,142,144,145,146,147,148,149,150,151,152,154,155,156,158,161,162,163,164
113,114,115,117,118,119,120,121,122,123,124,125,127,129,130,131,132,133,134,135,136,137,140,142,143,144,146,147,149,151,152,154,155,156,157,158,159,161,162,164,165
114,115,116,117,118,119,120,121,122,123,124,125,128,129,130,131,132,133,135,136,138,139,140,141,142,143,145,146,147,149,151,152,153,154,155,156,157,158,159,160,161,163,165
115,116,118,119,121,122,124,126,127,128,130,131,132,133,134,135,137,138,139,140,141,142,143,144,145,146,147,149,150,151,152,153,154,155,156,157,160,161,162,163,164,165
116,117,119,120,121,123,124,125,126,127,129,130,131,132,134,135,136,137,138,139,140,143,144,145,148,149,150,151,152,153,155,157,159,161,162,164,165
117,118,119,121,123,124,125,126,127,128,129,130,131,132,134,136,137,138,140,141,142,143,144,145,146,147,148,149,150,151,154,155,156,157,158,159,161,163,165
118,119,122,124,126,127,130,131,132,133,134,136,137,140,141,143,144,145,146,147,148,149,151,152,153,154,155,158,159,160,161,162,163,164
119,120,121,122,123,124,125,126,127,128,130,131,132,133,134,135,136,137,138,139,140,141,142,144,145,146,147,148,149,150,151,152,154,155,156,157,158,159,160,161,163,164,165
120,121,124,125,126,127,128,129,130,131,132,133,134,135,136,137,138,139,140,141,143,144,145,147,149,150,151,152,153,154,155,156,157,161,162,163,164,165
121,123,124,125,126,128,131,135,136,137,138,139,140,141,142,143,144,145,148,149,150,151,152,153,154,155,157,158,159,160,161,162,165
122,123,124,125,126,127,129,131,132,133,134,135,137,138,140,141,143,144,145,147,148,149,151,152,153,154,155,156,157,158,159,160,161,162,164
123,125,126,127,128,130,131,132,134,135,136,137,138,139,140,141,142,144,145,146,147,148,149,151,152,153,155,156,157,158,159,160,164,165
124,125,126,129,131,132,134,135,136,137,139,141,142,143,144,145,148,149,150,153,154,155,156,160,161,162,163,164,165
125,126,127,128,130,131,132,133,134,137,138,139,140,141,143,144,146,148,149,150,151,152,154,155,156,157,159,160,161,162,163,164,165
126,127,128,129,130,131,133,134,135,136,138,139,140,141,143,144,146,147,148,149,150,151,152,154,155,156,157,159,160,162,163,164,165
127,128,130,131,132,136,138,139,140,143,144,145,146,147,148,150,151,152,154,156,157,158,159,160,161,162,164,165
128,129,130,131,132,133,135,136,137,139,140,141,142,143,144,145,146,147,148,149,151,154,155,156,157,160,161,162,163,164,165
129,130,131,134,135,136,137,138,139,140,142,143,145,146,147,148,149,151,153,155,156,157,158,159,160,162,164,165
130,131,132,133,134,137,138,139,140,141,142,146,147,149,151,152,153,154,155,156,157,158,163,164,165
131,132,133,134,135,136,137,138,139,141,143,145,146,147,148,149,150,152,153,155,156,158,160,162,163,164
132,133,134,135,136,137,138,139,141,142,144,146,147,148,149,151,152,153,154,155,156,159,160,161,162,164
133,134,136,138,139,140,141,142,143,144,145,147,148,149,150,151,152,154,156,157,158,160,162,163,164,165
134,135,136,137,138,140,141,144,145,146,149,150,152,153,155,156,157,158,159,160,161,162,163,164,165
135,136,137,138,139,142,143,144,147,148,150,151,152,153,154,155,156,158,159,160,161,162,163,164
136,137,140,141,142,143,144,145,146,147,148,149,150,152,153,155,157,158,159,160,161,162,163,165
137,139,140,142,143,144,145,147,148,149,151,152,153,154,156,158,159,160,161,163,164,165
138,139,140,141,143,144,145,147,148,150,151,152,153,154,155,156,157,159,161,162,164,165
139,140,142,143,146,147,148,149,151,152,153,154,155,159,160,161,162,163,164,165
140,141,142,143,144,145,146,147,148,149,151,152,153,154,156,158,160,162,163,164
141,142,143,144,146,147,148,149,150,151,152,153,154,155,156,157,158,160,161,162,163,164
142,143,145,148,149,150,151,153,154,155,156,157,158,159,160,161,162,163,164,165
143,144,146,147,148,151,152,153,154,155,156,157,158,159,160,161,162,163,164,165
144,145,146,147,149,151,153,154,155,156,157,159,160,162,163,164
145,146,148,149,150,151,152,153,155,156,157,158,159,160,161,162,163,165
146,147,148,149,151,152,153,155,156,157,161,162,163,165
147,149,150,151,153,154,155,157,158,159,160,161,164
148,150,151,153,154,156,157,158,159,160,161,162,163,165
149,150,152,153,154,156,157,158,160,161,162,163
150,151,152,153,154,155,156,158,159,160,161,163,164,165
151,152,155,156,159,160,161,162,163,165
152,153,154,156,157,158,159,161,162,165
153,154,155,158,159,160,161,162,164,165
154,155,156,157,158,159,161,164,165
155,156,157,159,162,163,165
156,157,158,160,161,162,163,165
157,158,159,160,161,162,163,164
158,161,163,164,165
159,160,161,162,163,164
160,161,162,163,164,165
161,162,164,165
162,163,164,165
163,164,165
164,165
165
