n_nodes:108
n_edges:4968
density:0.85981
0,1,3,4,5,6,7,8,10,11,12,14,15,16,18,19,20,21,22,23,24,25,26,28,29,30,31,32,33,35,38,39,40,41,42,43,44,45,46,47,48,49,51,52,53,54,56,57,59,60,62,63,64,67,68,71,72,73,75,76,78,79,80,81,82,83,84,85,86,87,89,90,91,92,93,94,95,96,98,99,101,102,103,104,106,107
1,2,3,4,5,6,7,8,9,10,12,13,14,15,17,18,19,20,22,23,24,25,26,28,29,30,32,33,34,36,37,38,39,40,41,42,43,44,45,46,48,50,51,52,53,54,55,56,57,59,60,61,62,63,64,65,66,67,68,69,70,71,72,73,74,75,76,77,80,81,83,84,86,87,88,89,90,91,92,93,94,95,98,99,100,101,102,103,104,105,106,107
2,3,4,6,7,8,10,11,12,13,14,15,16,17,18,19,21,22,23,24,25,26,27,30,31,32,34,35,36,37,38,39,40,41,42,44,46,47,48,49,50,51,52,53,54,55,56,57,58,59,60,61,62,63,64,65,66,67,68,70,71,73,74,76,77,78,79,81,82,83,84,85,86,87,88,89,90,91,92,93,94,96,98,100,101,102,103,104,106,107
3,4,6,7,8,9,10,11,13,14,15,18,19,20,22,23,24,25,27,28,29,30,31,32,33,34,35,36,37,38,39,40,42,44,45,46,47,48,49,50,51,52,53,54,57,58,59,61,62,63,64,65,66,67,68,69,70,71,72,74,76,77,78,79,80,81,83,84,85,86,87,88,89,90,91,92,93,95,96,97,98,99,100,101,102,103,105,106,107
4,5,6,7,8,9,10,11,12,13,14,15,16,17,18,19,20,21,22,23,24,25,26,27,28,29,33,34,36,38,39,41,42,43,44,45,46,47,48,49,50,51,52,53,55,56,57,58,59,60,62,63,64,65,66,68,69,70,72,73,74,75,76,78,79,80,81,83,84,85,86,87,89,91,93,94,97,98,99,100,101,102,103,104,105,106,107
5,6,7,8,11,12,13,14,15,16,17,18,19,20,21,22,24,25,26,27,28,29,30,31,32,33,34,35,36,37,38,39,40,41,42,43,44,45,46,47,48,49,50,51,52,53,54,55,56,58,59,60,61,62,63,64,65,66,68,69,70,71,72,73,74,75,76,77,78,79,80,81,82,83,84,85,86,87,88,89,90,91,92,93,94,95,96,98,99,100,101,102,103,104,105,106
6,7,8,9,10,11,12,14,15,16,17,18,19,20,21,22,23,24,25,26,27,29,30,31,32,33,34,35,36,37,38,39,40,41,42,43,44,45,46,47,48,49,50,51,52,53,54,55,56,57,58,59,60,61,62,64,65,66,67,68,69,70,71,72,73,74,75,76,77,78,79,81,82,83,84,85,87,88,89,91,92,93,94,95,96,97,100,101,102,103,104,105,107
7,8,9,10,11,12,13,14,15,16,17,19,20,21,22,24,25,27,28,29,30,31,32,33,35,36,37,38,39,40,41,42,43,44,45,46,47,48,49,50,51,52,54,55,56,57,59,60,61,62,63,64,65,66,67,68,70,71,72,73,74,75,76,77,78,79,80,81,82,83,84,85,86,87,88,90,91,92,93,94,97,98,99,102,103,104,105,106,107
8,9,10,11,12,13,14,15,16,17,18,20,21,22,24,25,26,27,28,29,30,32,33,34,35,36,37,38,39,40,41,42,43,44,46,47,49,50,51,52,53,54,55,56,58,59,60,61,62,63,64,66,67,69,70,71,72,73,74,76,77,78,79,80,81,82,84,85,86,87,88,89,91,92,93,94,96,97,99,100,101,102,103,104,107
9,10,12,13,14,15,16,18,19,20,21,22,23,24,25,26,27,28,29,30,31,32,33,35,36,37,38,39,40,41,42,43,44,46,47,48,49,51,53,54,55,56,57,58,59,60,61,62,63,64,65,67,68,70,71,72,74,75,76,77,78,79,80,81,82,83,84,86,87,88,89,90,91,92,93,94,95,96,97,98,99,100,101,102,103,104,105,106,107
10,11,12,13,14,15,16,17,18,19,20,21,22,23,24,25,26,27,28,29,30,32,33,34,35,36,38,39,40,41,42,44,45,47,49,50,51,53,54,55,56,57,59,60,61,62,63,64,65,66,67,68,69,70,71,72,74,75,76,77,78,79,80,81,82,83,86,87,88,89,90,91,92,93,94,95,96,97,98,99,100,101,102,103,104,105,106,107
11,12,13,14,15,16,17,18,19,20,21,23,24,26,27,28,29,31,34,35,36,37,38,39,40,41,42,43,44,45,47,48,49,52,53,54,55,56,57,58,59,60,61,62,63,64,65,66,67,68,69,70,71,74,76,77,79,80,81,82,83,84,86,87,88,89,90,91,92,93,94,95,96,97,99,100,101,102,103,104,105,106,107
12,13,14,15,16,17,18,19,23,26,28,29,30,31,32,33,34,35,36,37,38,39,40,41,42,43,44,45,46,48,49,50,51,52,53,54,56,57,58,59,60,61,63,64,65,66,67,68,69,70,71,72,73,75,76,77,78,79,81,83,84,85,86,87,88,89,90,92,93,94,95,96,98,99,100,101,102,104,106,107
13,14,16,18,19,20,21,22,23,24,25,26,27,28,29,32,35,36,37,38,39,40,41,43,44,45,46,48,49,50,51,52,53,54,55,58,59,60,61,62,63,65,66,67,68,69,70,71,72,73,74,75,76,77,78,79,80,81,82,83,84,85,86,87,88,89,90,92,93,94,95,96,98,100,101,102,103,104,105,106
14,16,17,18,19,20,21,22,23,24,25,26,27,28,29,30,32,33,34,35,36,37,38,39,40,41,42,43,45,47,48,49,50,52,54,55,56,57,58,59,60,61,62,64,65,67,68,69,71,72,73,74,76,77,78,79,81,82,83,84,85,87,88,89,90,91,92,94,95,96,97,98,99,100,101,102,103,104,105,107
15,16,17,18,19,20,21,22,24,25,26,27,28,29,30,33,34,35,36,37,38,40,41,42,43,44,45,46,47,48,49,50,51,53,55,56,57,58,59,60,61,63,64,66,67,68,69,70,73,74,75,76,77,78,79,80,81,82,83,85,86,87,88,89,91,92,93,94,95,97,98,99,100,101,102,103,104,105,106,107
16,17,18,19,20,21,22,23,24,25,26,27,28,29,30,31,32,33,34,35,36,37,38,39,40,42,43,44,45,46,48,49,50,52,53,55,56,57,59,60,61,62,63,64,65,66,67,68,69,70,72,74,75,76,77,78,79,80,81,82,83,84,85,86,87,88,89,90,91,93,94,95,96,97,98,99,100,102,103,104,105,106,107
17,18,19,20,21,22,23,25,26,27,28,30,31,32,33,34,35,36,37,38,39,41,42,43,45,47,48,49,50,52,53,54,55,56,57,58,59,60,61,62,63,64,65,66,67,68,70,71,72,73,74,76,77,79,80,81,82,84,85,86,87,88,89,90,91,92,93,94,95,96,97,98,99,100,101,102,103,104,105,106,107
18,20,21,22,24,25,26,28,29,30,31,32,33,34,35,37,38,39,40,42,43,44,46,47,48,50,52,53,54,55,57,58,59,60,61,62,63,64,65,66,67,68,69,70,71,73,74,75,76,77,80,81,82,83,84,86,87,88,89,90,91,93,96,97,98,99,100,101,102,103,104,105,106,107
19,20,22,23,24,25,26,27,28,29,30,32,33,34,35,36,37,38,39,40,41,42,43,44,45,47,49,50,52,53,55,56,57,58,59,60,61,62,63,64,65,66,67,68,69,70,71,72,73,74,75,76,77,78,79,80,81,82,83,84,85,86,87,88,89,90,91,92,94,95,96,97,98,99,100,101,102,103,104,105,107
20,21,22,23,26,27,28,30,31,32,33,34,35,36,38,39,40,42,43,44,45,46,47,49,50,51,52,53,54,55,56,57,58,59,60,61,62,63,64,65,66,67,68,70,71,72,73,75,76,77,80,81,82,83,84,85,86,87,88,89,90,91,92,93,94,95,96,97,98,99,100,102,104,105,106,107
21,23,24,25,26,28,29,30,32,33,34,35,36,37,38,39,40,41,42,43,44,45,46,47,48,49,50,51,52,53,54,55,56,57,59,60,62,63,64,66,67,69,70,71,72,74,75,76,77,78,79,80,81,82,83,84,85,86,87,88,90,92,93,94,96,97,98,99,100,101,102,104,105,107
22,24,26,27,28,33,34,35,36,37,38,39,40,41,43,44,46,49,50,51,52,53,54,56,57,58,60,61,62,63,64,65,67,68,69,70,71,73,74,75,76,77,78,79,80,81,83,84,85,86,87,88,89,90,91,92,93,94,97,98,99,100,101,102,103,104,105,106
23,24,25,26,27,28,29,30,31,32,33,34,35,37,38,39,40,42,43,44,45,46,47,48,49,51,52,53,54,55,56,57,58,59,60,61,62,63,65,66,67,69,70,71,74,75,76,78,79,80,81,82,83,84,86,87,88,89,90,91,92,93,94,95,98,99,101,102,103,104,105,106
24,25,26,27,28,29,30,31,32,33,34,35,36,37,38,41,42,43,45,46,47,48,49,50,51,53,54,55,56,57,59,60,61,62,63,64,65,66,67,68,69,70,71,72,74,75,76,77,78,79,81,82,83,85,86,89,90,91,92,93,94,95,97,98,99,100,101,102,103,104,105,106,107
25,27,28,29,30,31,32,33,34,35,36,37,38,39,40,41,42,43,44,46,47,48,49,51,52,53,55,56,57,58,59,60,61,63,64,65,67,68,69,70,71,72,74,75,76,77,78,79,81,82,83,85,86,87,88,89,90,91,92,94,95,96,97,98,99,100,101,102,103,104,106,107
26,27,28,29,30,31,32,33,34,35,36,37,38,39,40,41,42,44,45,46,47,48,49,50,51,52,53,54,55,57,58,59,60,61,62,63,64,66,67,69,70,71,72,73,74,76,77,78,79,80,81,82,83,84,85,86,87,88,89,90,91,93,95,96,97,98,99,100,102,103,104,105,106,107
27,28,29,30,31,32,33,34,35,36,37,38,39,40,41,42,43,44,45,46,47,48,49,50,51,53,54,55,56,57,58,59,61,62,63,64,65,66,67,68,69,70,71,72,73,74,76,78,79,80,81,82,83,84,85,86,87,88,89,90,91,92,93,94,95,96,97,98,99,100,101,102,103,105,106,107
28,29,31,32,33,34,35,36,37,38,39,40,41,42,44,45,46,48,49,50,51,52,53,54,55,56,57,58,59,60,61,62,63,64,65,66,67,69,70,72,73,74,75,77,78,79,80,81,83,84,86,87,88,89,90,92,93,94,95,99,100,101,102,103,104,105,106,107
29,30,31,33,34,35,36,37,38,39,40,41,42,43,44,45,46,47,49,50,51,52,53,55,56,57,58,59,61,62,63,64,66,67,69,71,72,73,74,75,76,77,78,79,80,81,82,83,84,85,86,87,88,89,90,91,92,93,94,95,96,97,98,99,100,102,103,104,105,106,107
30,31,33,34,35,36,37,38,39,40,41,42,44,45,46,47,48,49,50,51,53,54,56,57,58,59,60,63,64,65,66,67,68,69,70,71,72,73,76,77,78,79,80,81,82,83,84,85,86,88,89,90,91,92,93,94,95,96,99,100,101,103,104,105,106,107
31,32,33,34,35,36,37,38,39,40,41,42,43,44,45,46,47,48,49,50,51,52,53,54,55,56,57,58,59,60,61,63,64,65,66,67,68,69,70,71,72,73,74,75,76,77,78,80,81,82,83,84,85,86,87,88,89,90,92,94,95,96,97,98,99,100,101,102,104,107
32,33,34,36,37,38,40,41,42,43,44,46,47,49,50,52,53,54,55,57,59,60,61,62,63,64,65,66,67,68,69,70,71,72,73,74,75,77,78,79,80,81,82,83,84,85,86,87,88,89,90,92,93,94,95,96,97,98,99,101,102,103,104,106,107
33,34,35,37,38,39,40,41,42,43,44,45,46,47,48,49,50,53,54,55,56,57,58,59,60,61,62,63,64,65,66,67,70,71,72,73,75,76,77,78,79,80,81,82,83,84,85,86,87,88,89,90,92,94,95,96,98,99,100,101,103,104,105,106,107
34,35,36,37,38,39,40,41,42,43,46,47,48,50,51,52,53,54,55,56,59,60,61,62,63,64,65,66,67,68,69,70,71,75,77,78,79,80,81,82,83,84,85,86,87,88,89,90,92,93,94,95,96,97,99,100,101,102,103,104,105,106,107
35,36,37,39,40,41,43,44,45,46,47,48,49,50,51,52,54,55,56,57,58,59,61,62,63,64,65,66,67,68,69,70,71,72,73,74,75,77,78,79,80,81,82,83,84,85,86,87,88,89,90,91,92,94,95,96,97,98,99,100,101,102,103,104,105,106
36,37,38,40,42,43,44,46,47,48,49,50,51,54,55,56,57,58,59,60,61,62,64,66,67,69,70,71,72,74,75,76,77,78,79,80,81,82,84,85,86,87,88,91,92,93,94,95,96,98,99,100,102,103,104,105,106,107
37,38,41,42,43,44,45,46,47,48,49,51,52,53,54,55,56,57,59,60,61,62,63,64,65,66,67,68,69,70,71,75,76,77,79,80,81,82,83,85,86,88,89,90,91,92,94,95,96,97,98,99,100,101,102,103,104,105,106,107
38,40,41,43,45,46,47,48,49,50,51,52,53,54,56,57,58,59,60,61,62,63,64,65,66,67,69,70,71,73,74,75,76,77,78,80,81,82,83,84,85,86,87,88,90,91,92,93,94,95,96,97,100,101,102,103,104,105,106,107
39,41,42,43,44,45,46,47,48,49,50,51,52,53,54,55,56,57,58,59,60,61,62,63,65,66,68,69,70,71,72,73,74,75,76,77,78,79,80,81,82,83,86,87,88,89,90,92,93,94,96,97,98,99,100,101,102,104,105,106,107
40,41,44,45,46,47,48,49,50,51,52,54,55,56,57,58,59,60,61,62,63,64,65,66,67,68,70,72,73,74,75,76,77,78,79,80,81,82,83,85,86,87,88,89,90,91,92,93,94,95,96,99,100,101,103,104,105,106,107
41,42,43,44,45,46,47,48,49,50,51,52,53,55,57,58,59,61,62,63,64,65,66,67,68,69,70,71,72,73,74,75,76,77,78,80,81,82,83,85,86,87,88,90,91,92,93,94,96,97,98,99,101,102,103,104,105,106,107
42,43,44,45,46,49,50,51,52,53,54,55,56,57,58,59,60,61,62,63,64,66,68,69,70,71,72,73,75,76,77,78,82,83,84,85,86,88,90,91,92,93,94,95,96,98,99,100,101,102,103,105,106,107
43,44,45,46,47,48,49,50,52,54,57,58,60,61,62,64,65,66,67,68,69,70,71,72,73,74,75,76,77,78,79,80,81,83,84,86,87,88,89,90,91,92,93,94,96,98,99,101,102,104,105,106
44,45,46,47,48,51,52,53,54,55,56,57,58,60,61,64,65,66,68,69,70,71,72,74,75,76,77,78,79,80,82,83,84,85,86,88,89,90,91,93,94,95,96,97,98,99,100,103,104,105,106,107
45,46,47,48,49,50,51,52,53,55,56,57,58,59,60,62,63,65,66,68,69,70,71,72,73,75,76,77,78,79,80,81,82,83,84,85,86,87,88,89,90,91,94,96,97,98,99,100,101,103,104,105,106,107
46,47,48,49,50,51,53,54,55,57,59,60,62,64,65,66,67,68,69,70,71,72,73,74,75,76,77,78,79,80,81,82,83,84,85,86,87,88,90,91,93,94,95,96,97,99,100,101,102,103,105,107
47,48,49,50,51,52,53,54,55,56,57,58,59,60,62,63,64,65,66,67,68,69,70,71,72,73,74,75,76,77,78,79,80,81,83,85,86,87,88,89,90,92,93,94,96,97,98,99,100,101,102,103,104,105,106,107
48,49,51,52,53,54,55,56,57,58,59,60,61,63,64,65,66,67,68,69,71,72,73,74,75,76,77,78,79,81,82,83,84,85,86,87,88,89,90,91,92,94,95,96,97,98,99,100,101,102,103,104,105,106,107
49,50,51,52,53,54,55,56,57,59,60,61,62,63,64,65,66,67,68,69,71,72,73,74,75,76,77,78,79,80,81,83,84,85,87,88,89,90,91,92,93,94,95,96,97,98,99,100,101,102,103,104,106
50,52,53,54,55,56,57,58,59,60,61,62,64,66,67,68,69,70,71,73,74,75,76,77,78,79,80,81,82,83,84,85,86,87,88,89,90,91,92,93,94,95,97,98,99,100,101,103,104,105,106,107
51,52,53,54,55,56,57,58,59,60,61,62,63,64,65,66,67,68,69,70,71,72,73,74,75,76,77,78,79,80,81,82,83,84,85,86,87,88,89,90,91,92,93,94,96,97,98,99,100,101,103,104,105,106,107
52,53,54,55,56,57,58,59,60,61,62,63,64,65,66,67,68,69,70,71,72,73,74,75,76,77,78,79,80,81,82,83,84,85,86,87,88,89,91,92,93,94,96,97,98,100,102,103,104,105,106,107
53,54,55,56,57,59,60,61,64,65,69,70,71,72,74,76,77,78,79,81,83,84,85,86,87,88,89,90,91,92,93,94,95,96,97,98,99,100,101,102,103,104,106,107
54,55,57,58,59,60,61,62,63,64,66,68,69,70,71,72,73,75,77,78,80,81,82,83,84,85,86,87,88,89,90,91,92,94,95,96,97,98,99,100,101,102,103,104,105,106,107
55,56,57,58,59,60,61,64,65,66,67,68,69,70,71,73,74,75,76,77,78,79,80,81,82,83,84,85,86,87,88,89,90,91,94,95,96,97,98,102,103,104,105,106,107
56,58,59,60,62,64,65,66,68,69,70,71,72,73,74,76,77,81,82,83,84,85,86,90,91,92,93,94,95,96,97,98,99,100,101,102,103,104,105,106,107
57,58,59,61,62,63,64,65,66,67,68,69,70,71,72,73,74,75,76,77,78,79,81,82,84,86,87,88,89,90,92,93,95,96,97,98,99,100,102,103,104,105,106,107
58,59,60,61,62,63,64,66,67,68,69,70,72,73,77,78,79,80,81,82,83,84,85,86,87,88,89,90,91,92,93,95,97,98,99,100,101,102,103,104,105,107
59,60,61,62,63,64,65,66,68,69,70,71,72,73,74,75,76,77,78,79,82,83,84,85,87,88,89,90,93,94,95,96,97,98,99,100,101,104,105,106,107
60,61,62,63,64,65,66,68,69,70,71,72,73,74,75,76,77,78,79,80,81,82,83,84,85,87,88,90,91,92,93,95,96,97,98,99,100,101,102,103,105,106,107
61,62,63,64,65,67,69,70,71,72,74,76,77,78,79,81,83,84,85,86,87,88,89,90,91,92,93,94,96,97,98,99,100,101,103,105,106,107
62,63,64,65,66,67,68,69,71,72,73,74,75,76,77,78,79,80,81,82,83,84,85,86,87,88,89,90,91,92,93,94,95,96,97,98,99,100,102,103,104,105,106,107
63,64,65,66,67,68,69,70,71,72,73,74,75,76,77,78,79,80,83,85,86,88,89,90,91,92,95,96,97,98,101,102,103,104,105,106,107
64,65,66,67,69,71,72,73,74,75,77,79,80,81,82,83,85,86,87,89,90,93,94,95,96,97,98,99,100,101,103,105,106,107
65,66,67,68,69,70,71,72,73,75,76,77,78,80,81,82,83,84,87,88,89,90,93,95,97,98,99,100,101,102,103,106,107
66,67,68,69,70,71,72,74,75,76,77,78,79,80,81,82,84,85,86,87,89,90,91,92,93,94,95,96,97,99,100,101,102,104,106
67,68,70,71,72,73,74,75,76,77,78,79,80,81,82,83,84,85,86,87,88,89,90,91,93,94,95,96,97,98,99,100,101,102,104,105,106,107
68,69,70,71,72,73,74,75,76,77,78,79,81,82,83,84,86,87,88,90,92,93,94,95,96,97,98,101,102,103,104,105,106,107
69,70,71,73,74,75,76,77,78,79,80,81,82,83,84,85,86,87,88,90,91,92,93,94,95,96,97,98,100,101,102,103,104,105,106,107
70,71,72,73,74,75,76,77,78,81,82,83,84,85,86,87,88,89,90,91,93,96,98,99,100,101,102,103,104,105,106,107
71,72,73,74,75,76,77,78,79,80,81,82,83,84,86,87,91,92,93,94,95,96,97,98,99,100,101,102,103,104,105,106,107
72,74,75,76,77,78,79,80,81,82,83,84,85,86,87,89,90,91,92,93,95,96,97,98,99,100,101,102,104,105,106,107
73,75,76,77,78,79,80,81,82,84,86,87,88,89,90,93,94,95,96,97,98,99,100,101,102,103,104,105,106,107
74,75,76,77,78,80,82,83,84,86,87,88,89,90,91,95,96,97,99,100,101,102,106,107
75,76,77,78,79,80,81,82,83,84,85,86,87,88,89,90,91,92,93,94,95,96,97,98,100,101,102,103,104,105,106
76,77,80,81,82,83,84,85,86,89,90,91,92,93,94,95,97,98,99,100,101,102,103,105,106
77,78,79,80,81,82,83,85,86,88,89,90,91,92,93,95,96,97,98,100,101,103,104,105,106,107
78,79,80,81,82,83,84,85,87,88,89,90,91,92,93,94,95,96,98,100,101,102,103,107
79,80,83,84,85,87,89,90,91,92,93,94,95,97,98,100,101,102,103,104,105
80,81,82,83,84,85,86,87,88,89,91,93,94,95,96,97,98,100,101,103,104,105,106,107
81,82,83,84,85,86,87,88,89,91,92,93,94,95,96,97,98,99,100,101,103,104,105,106,107
82,83,84,85,86,87,88,89,90,91,93,94,95,96,98,99,100,101,102,103,104,105,107
83,84,86,87,88,89,90,92,93,94,95,96,97,98,99,101,104,105,106,107
84,85,86,87,88,90,91,92,93,94,95,96,97,98,103,104,105,106,107
85,86,87,88,89,90,92,94,95,96,97,98,99,100,101,102,103,104,105,106
86,87,88,89,90,91,92,93,94,95,96,97,98,99,100,101,102,103,105,106,107
87,88,90,91,92,93,94,95,96,97,98,99,100,102,103,104,105,106,107
88,89,91,92,93,94,95,96,97,98,99,100,101,102,103,104,105,106
89,91,92,94,95,96,97,98,100,101,102,103,104,105,106,107
90,91,92,94,96,97,99,100,101,103,104,105,106,107
91,92,93,94,96,97,98,99,100,101,102,103,104,105,106,107
92,93,95,96,97,98,100,101,102,103,104,105,106,107
93,94,95,96,97,98,99,100,101,102,103,104,105,106,107
94,96,97,98,99,100,101,102,103,104,105,106
95,96,97,98,99,100,101,102,105,107
96,97,98,99,100,101,102,103,105,106,107
97,99,101,102,103,104,105,106,107
98,99,100,101,102,103,104,105,106,107
99,100,101,102,103,107
100,101,102,103,104,105,106,107
101,102,103,105,106,107
102,104,106,107
103,104,105,106,107
104,105,106
105,106
106,107
107
