n_nodes:182
n_edges:12238
density:0.743
0,1,4,6,7,8,9,10,11,12,14,15,16,20,21,22,23,24,25,26,27,28,30,31,34,35,37,38,41,44,47,48,49,51,52,53,54,55,57,59,60,62,64,65,66,67,69,71,74,75,76,77,78,79,81,82,83,84,87,88,89,90,91,92,93,94,95,96,98,99,100,101,102,103,104,105,106,107,109,111,112,113,114,115,116,117,119,120,122,123,124,125,126,128,129,131,132,133,138,141,142,143,144,145,146,147,149,150,151,152,153,154,155,156,157,158,159,162,163,164,165,166,167,169,170,171,172,173,174,175,176,177,178,179,181
1,3,5,6,7,9,10,11,14,15,16,17,18,19,21,23,25,27,28,32,33,34,35,36,37,38,39,40,41,45,46,47,48,49,50,51,52,56,57,58,59,60,62,64,65,67,68,71,72,75,78,79,80,82,83,84,85,87,88,89,90,91,92,93,94,95,96,98,99,100,101,102,103,104,107,108,109,110,111,112,114,115,116,117,119,120,123,124,125,126,127,129,130,131,133,135,138,140,141,142,143,145,146,148,149,150,151,153,154,156,157,159,160,161,164,165,166,167,168,169,170,171,175,176,178,179
2,3,4,6,8,9,10,12,14,15,16,17,18,19,20,21,22,23,24,26,27,28,31,32,34,35,36,37,38,39,40,42,44,45,46,47,48,49,51,52,53,54,56,59,60,61,62,63,64,65,66,67,68,69,71,72,73,75,76,77,79,81,82,83,84,85,87,88,89,91,92,94,95,96,97,98,99,100,101,104,105,106,108,110,111,112,113,114,115,117,118,119,120,121,122,123,124,125,126,128,130,131,133,134,135,136,137,138,140,141,142,143,145,146,147,148,149,150,151,153,154,155,156,157,158,159,163,164,165,166,167,168,170,171,173,174,175,176,177,179,180,181
3,4,6,8,9,10,11,12,13,14,17,19,20,22,23,24,25,26,27,28,29,30,31,32,33,35,36,37,38,39,40,41,42,43,45,46,47,48,49,50,52,53,54,56,57,58,59,60,61,62,63,64,65,66,67,68,69,70,71,72,73,74,75,76,77,78,79,81,82,83,84,86,87,88,89,91,95,97,100,101,102,103,104,105,107,108,109,112,113,116,117,118,119,120,121,122,123,124,125,126,127,129,130,131,132,133,134,136,139,140,142,143,144,145,147,148,150,153,154,156,157,158,159,160,161,162,163,164,166,167,168,170,172,174,175,176,177,180,181
4,5,6,7,8,9,10,11,12,13,14,15,16,17,19,20,21,22,23,25,26,27,30,32,33,34,35,36,38,39,40,41,42,44,45,46,47,48,49,51,52,53,54,55,56,57,58,59,60,61,62,65,66,67,68,71,72,73,74,77,78,82,83,84,87,89,90,91,94,95,96,97,98,99,100,101,102,103,105,106,107,108,110,111,113,115,117,118,120,122,123,124,125,126,127,128,129,130,131,132,133,134,136,137,138,139,141,143,144,145,147,150,152,154,155,156,158,159,162,163,164,165,166,169,170,172,173,174,175,178,179,180,181
5,6,7,8,9,11,13,15,16,17,18,19,20,21,22,24,25,26,28,31,32,33,34,35,36,37,38,39,40,42,43,48,49,50,52,53,54,55,56,57,58,59,60,64,65,68,69,70,71,72,73,74,75,78,79,80,81,83,84,86,87,88,89,91,93,94,95,97,98,100,101,102,103,104,105,106,110,112,113,115,118,121,122,123,125,127,129,130,133,134,135,136,137,138,139,140,142,143,144,147,148,151,152,155,156,157,158,159,160,161,163,164,165,166,167,168,169,170,172,173,174,175,176,177,179,180,181
6,7,8,9,11,12,13,15,16,17,18,19,20,21,22,23,24,25,26,27,28,29,31,33,34,35,37,38,39,40,43,44,46,47,48,49,50,51,52,53,54,55,56,57,58,59,60,61,62,64,65,66,67,68,69,70,74,75,76,77,78,81,82,84,85,86,87,88,89,90,91,92,93,94,95,96,97,98,99,100,101,102,105,106,107,108,109,111,112,113,115,116,117,118,119,120,121,122,123,124,125,128,129,130,131,132,134,135,136,137,138,139,140,141,142,143,144,145,146,148,149,150,151,152,153,154,155,156,157,158,160,162,163,164,165,166,169,170,171,172,173,175,179,181
7,8,9,10,11,12,13,14,15,16,17,18,19,20,22,23,24,25,26,27,28,30,31,33,34,35,37,38,39,40,42,43,44,45,47,48,50,51,52,53,54,56,57,58,59,60,61,62,63,66,67,68,69,70,72,73,74,75,76,77,79,80,81,82,83,84,87,89,90,91,92,93,94,97,98,99,100,101,102,103,104,105,107,109,110,111,112,113,115,116,117,118,119,120,122,123,124,126,127,129,132,133,134,137,138,139,140,141,142,143,144,146,147,148,149,150,152,153,154,155,156,157,158,159,160,162,163,165,167,170,172,173,174,175,176,177,178,180
8,9,10,11,12,13,14,15,16,17,18,19,21,23,24,25,26,28,29,31,32,35,38,39,40,41,42,43,44,45,46,47,48,49,50,51,52,53,54,55,57,58,59,60,61,62,63,64,66,67,68,69,70,71,72,73,74,75,76,81,83,84,85,86,87,88,89,90,91,92,93,94,95,96,97,100,101,102,103,104,106,107,108,109,111,112,113,116,117,118,119,121,122,123,124,126,127,128,131,132,133,134,135,137,140,141,142,143,144,145,146,147,149,151,152,153,154,156,158,159,160,161,163,164,165,167,169,170,171,173,174,175,176,177,178,179,181
9,10,11,12,16,19,20,21,22,24,25,27,28,30,31,32,33,38,39,40,42,45,46,47,48,49,50,51,52,53,55,56,57,58,59,61,62,63,64,65,66,67,68,69,70,71,72,73,74,75,76,77,78,79,80,81,82,83,84,85,86,88,89,90,92,93,95,96,97,98,99,100,103,104,106,107,109,110,111,112,113,116,117,120,121,122,123,125,126,127,129,130,131,132,133,134,135,136,139,140,141,142,143,145,148,150,151,153,154,155,156,157,158,159,160,161,162,163,165,166,167,168,169,170,172,173,174,175,176,179,180
10,11,13,15,16,17,18,19,20,21,22,23,24,25,27,29,30,32,33,34,36,37,39,44,45,46,47,48,49,50,53,54,55,56,58,59,60,62,63,64,65,66,67,68,69,70,71,74,75,76,77,78,80,81,82,84,85,86,87,88,89,90,91,92,93,95,96,97,98,99,106,109,110,112,113,115,116,117,118,119,122,123,124,125,126,127,128,130,132,133,134,135,137,138,139,140,142,143,144,145,146,148,149,150,151,153,154,155,157,159,161,162,164,166,168,169,170,173,174,175,176,177,178,179,180
11,12,13,14,16,17,19,20,23,26,27,28,29,30,31,32,33,34,37,39,42,43,44,45,46,48,50,53,56,57,60,61,64,65,67,68,69,70,72,74,76,77,78,79,81,82,85,87,88,89,91,93,94,95,96,97,98,99,100,101,102,104,105,107,108,109,110,111,113,115,116,117,118,120,121,122,123,124,125,127,128,129,130,131,133,135,136,137,138,139,140,141,143,145,146,147,149,150,151,152,154,155,159,161,162,163,164,165,167,168,170,172,174,175,177,179,180,181
12,13,15,19,20,21,22,24,25,26,29,32,33,34,36,37,39,40,44,45,47,48,51,52,54,55,56,60,61,63,66,67,69,70,71,72,76,77,78,79,80,81,83,84,85,86,87,88,89,90,91,93,95,96,98,99,100,101,102,103,104,105,106,107,108,109,110,113,114,115,116,117,118,119,120,121,122,124,125,126,127,128,129,132,133,134,136,137,138,140,141,142,143,144,145,146,147,148,149,152,154,157,158,159,164,165,166,167,169,170,171,172,173,175,177,178,179,180,181
13,14,15,16,17,18,19,20,21,22,24,25,27,29,30,31,32,34,35,36,37,41,42,46,48,49,50,51,52,53,55,56,57,58,59,60,61,63,65,66,67,69,70,71,72,74,75,79,80,81,82,83,85,86,87,88,89,91,92,93,94,95,96,97,98,99,102,103,105,106,108,109,110,112,113,114,115,116,118,119,120,121,124,125,126,127,128,130,132,133,135,136,137,138,139,141,144,146,149,150,151,152,153,155,156,157,159,160,162,165,166,167,169,170,171,172,173,174,175,176,177,178,180
14,16,18,19,20,21,22,24,26,27,28,30,31,32,34,35,36,37,39,40,42,43,44,45,46,47,48,50,51,52,54,55,56,57,58,59,60,61,62,63,66,67,68,69,70,73,74,75,76,77,78,80,82,83,84,85,88,89,90,91,92,95,96,98,101,102,103,104,106,107,111,113,114,115,116,118,121,122,123,124,125,126,127,128,130,131,133,135,136,137,138,140,141,142,143,144,146,147,149,150,151,152,153,154,156,158,159,160,161,165,166,168,170,172,173,174,175,176,178,180,181
15,16,17,18,19,20,21,22,23,24,25,26,28,29,30,31,32,33,35,36,37,38,39,41,42,43,44,45,46,47,49,50,51,53,54,59,61,63,64,65,66,67,68,69,70,72,73,74,75,76,77,78,79,80,82,83,84,85,86,87,88,89,90,92,93,94,96,98,99,100,101,103,104,105,106,109,110,112,114,115,116,117,118,120,121,122,123,124,125,126,127,128,129,131,133,134,135,136,137,139,140,141,143,144,145,147,148,149,150,151,152,153,154,158,160,163,164,165,166,167,168,169,170,171,172,174,175,176,177,178,179,180,181
16,17,18,19,20,21,22,25,26,27,28,29,30,32,33,34,35,36,37,38,40,41,42,45,49,51,52,53,54,55,58,59,60,61,62,63,64,65,66,67,68,69,70,73,74,75,78,80,81,82,84,86,88,89,90,92,93,94,97,98,99,101,102,103,104,105,106,108,112,113,114,116,117,118,119,124,125,127,128,129,135,137,138,139,141,144,147,148,149,150,151,152,153,156,157,158,159,160,161,162,163,165,167,169,171,172,173,174,177,178,180,181
17,20,21,22,23,24,25,27,28,30,31,34,35,36,39,41,42,43,44,45,46,48,49,50,51,54,55,56,57,58,59,60,61,62,64,65,66,67,69,71,72,74,75,76,77,79,80,82,83,84,86,87,89,90,91,94,95,97,99,100,101,102,103,105,106,107,109,110,112,113,114,115,116,117,118,119,122,123,124,125,126,128,129,130,133,135,136,137,138,139,140,141,142,144,145,148,149,151,152,153,154,155,157,158,159,160,161,162,163,164,165,166,167,168,169,170,171,172,174,175,176,178,179,180,181
18,19,20,22,23,24,26,27,28,29,31,32,33,34,35,36,38,39,40,41,42,43,44,45,46,47,48,49,50,52,53,54,55,56,57,58,59,61,62,63,64,65,66,68,69,70,71,72,73,74,75,76,79,80,81,83,84,85,86,87,88,89,90,91,93,94,95,97,98,99,101,102,103,104,105,106,107,108,109,110,111,112,113,114,115,116,117,118,119,120,123,124,125,126,127,131,132,134,136,137,138,139,140,143,144,146,148,149,150,151,152,155,157,158,159,160,161,162,163,164,166,167,170,171,172,173,174,175,176,177,178,179,180,181
19,22,23,24,28,29,30,31,32,33,34,35,37,38,40,41,43,45,46,47,48,50,51,53,55,57,58,60,61,62,63,67,69,70,71,72,73,75,76,78,79,80,81,82,83,84,86,88,89,90,91,92,94,95,96,97,98,99,100,102,103,104,108,109,111,112,113,114,115,116,118,121,122,123,124,125,126,128,129,130,131,132,133,134,135,136,137,138,139,141,142,144,145,148,149,150,151,152,153,155,156,157,159,160,162,163,165,169,170,172,174,176,177,179,181
20,21,22,23,24,25,28,30,31,32,33,34,37,39,40,41,42,44,45,47,48,49,51,52,53,54,55,56,57,59,60,61,63,64,65,67,68,69,70,71,72,74,75,76,77,78,79,80,81,82,84,85,87,88,89,90,91,92,93,94,95,97,98,99,100,101,103,104,105,106,107,108,110,112,113,117,118,119,120,121,123,124,125,126,127,130,132,133,134,135,136,137,138,139,140,141,142,144,146,147,148,149,150,151,152,153,154,155,156,157,158,159,162,163,164,165,166,167,168,169,171,173,175,176,177,178,179,181
21,23,25,27,29,30,31,32,33,34,35,38,39,40,42,43,44,45,46,47,50,52,53,54,55,57,59,60,63,64,66,68,69,70,74,78,79,80,81,83,85,86,88,89,92,93,94,95,97,98,99,100,101,102,105,106,107,108,109,110,111,112,115,116,117,118,119,121,122,124,125,126,128,129,130,132,133,135,136,140,142,143,144,146,147,148,149,150,151,152,153,154,155,156,157,158,159,160,163,166,167,168,169,172,173,174,175,176,178,180,181
22,23,24,27,28,29,30,34,35,37,38,39,40,41,43,44,45,47,48,49,50,51,52,53,54,55,56,59,61,62,65,67,68,69,70,71,72,73,74,75,76,78,81,82,83,84,85,86,87,89,90,94,95,96,97,100,101,102,105,107,108,109,110,111,112,113,114,115,116,117,119,122,125,126,127,129,130,132,133,134,135,136,137,138,141,142,143,144,146,149,150,151,152,158,159,161,162,163,164,165,166,168,170,172,173,174,175,177,178,179,180,181
23,24,25,26,28,29,31,32,34,36,37,38,39,40,41,42,43,44,45,46,48,49,53,54,55,57,58,59,60,61,62,64,66,67,69,70,72,75,76,78,79,80,81,85,86,88,89,91,92,93,94,95,96,99,100,101,104,105,107,108,110,111,112,113,114,115,116,117,119,120,121,122,123,124,127,128,129,130,131,132,133,134,136,137,138,139,141,142,144,145,146,147,149,150,151,153,154,155,156,157,159,160,161,162,163,164,165,167,168,170,172,173,174,175,178,179,180
24,25,26,28,29,30,31,32,34,37,38,39,40,41,43,46,47,48,49,50,51,52,54,55,56,57,58,59,60,61,62,63,64,67,68,71,72,73,78,79,81,82,83,84,85,86,87,89,90,91,93,94,95,99,101,103,105,106,107,108,109,110,112,113,116,117,118,121,122,123,124,127,128,130,131,133,134,135,136,137,138,139,140,141,144,145,146,147,148,149,151,153,154,155,156,157,159,160,161,163,164,166,170,171,172,174,175,176,178,180
25,26,27,28,29,30,31,32,34,35,38,42,43,44,45,47,48,50,51,53,54,55,57,58,60,62,63,65,66,67,68,69,71,72,74,75,78,79,82,83,84,87,88,89,91,92,93,94,95,97,98,99,100,101,102,104,105,107,109,110,111,112,113,114,115,116,117,119,121,122,123,124,125,126,127,128,129,130,131,132,136,137,138,141,142,143,144,145,146,150,151,152,154,155,158,159,162,163,165,166,167,168,169,170,171,172,173,174,175,176,177,178,179,180,181
26,27,29,33,34,35,36,37,38,39,40,41,42,43,45,50,52,53,54,55,56,59,60,61,62,63,64,66,67,68,69,71,73,75,76,77,78,79,80,81,82,83,84,85,86,87,88,92,93,95,96,97,98,99,101,102,104,105,106,108,109,110,111,113,114,115,116,117,118,119,120,122,123,128,129,131,133,134,136,137,139,140,141,143,145,146,147,148,150,151,153,155,156,157,160,161,162,164,165,169,175,176,177,178,179,180,181
27,28,29,30,31,33,34,35,36,37,39,40,42,44,48,49,50,51,52,53,54,55,56,57,58,59,60,62,63,64,66,67,68,69,70,71,72,73,75,76,77,78,79,80,81,82,83,85,87,88,89,90,92,93,94,95,96,97,98,99,102,103,104,105,107,108,109,110,111,113,114,115,116,117,118,119,120,121,122,124,125,126,127,128,129,132,133,134,135,137,138,140,142,145,146,147,148,149,150,151,153,154,155,156,159,160,162,164,165,166,167,169,171,172,174,175,176,178,179,180,181
28,31,32,33,34,35,36,37,38,39,40,41,42,43,44,45,47,48,49,50,51,52,55,56,57,60,61,63,64,66,68,69,72,73,74,75,76,77,78,79,80,81,82,83,84,85,86,87,88,89,90,93,94,95,96,98,99,100,102,103,104,105,106,107,108,109,110,113,115,116,117,118,121,122,123,125,126,127,128,129,130,131,132,134,137,138,139,140,141,142,143,144,149,150,151,154,156,157,159,160,162,163,164,166,167,169,170,172,173,174,175,176,178,179,180
29,31,32,33,34,36,37,38,39,40,41,42,44,45,46,48,50,52,53,54,55,56,58,60,61,62,64,65,66,67,70,71,73,74,75,77,78,81,82,85,86,87,88,89,90,91,94,95,96,97,98,99,100,102,104,105,107,108,110,111,112,114,115,117,118,119,120,121,122,123,124,125,127,128,130,131,132,133,134,135,136,137,138,139,141,142,143,144,146,147,148,149,150,152,153,154,155,156,157,158,159,161,162,164,167,168,169,170,171,172,173,174,175,176,177,178,179,180,181
30,32,33,34,35,36,37,39,41,42,43,44,45,47,48,49,51,52,53,54,55,57,58,59,60,63,65,68,71,72,73,74,75,78,79,80,82,83,84,85,86,87,89,90,93,94,95,96,97,98,99,101,102,103,104,106,107,108,111,112,114,116,118,120,121,122,123,124,126,127,128,129,130,131,133,134,135,136,137,138,139,141,142,143,144,146,147,148,149,151,152,154,156,157,159,160,161,162,164,165,167,168,169,170,172,173,175,176,177,179,181
31,32,33,35,37,39,42,44,45,46,48,51,52,53,54,55,58,59,60,61,62,64,65,67,68,69,70,72,75,76,78,80,81,82,84,85,87,88,89,90,91,93,94,95,96,97,98,99,100,102,103,105,106,109,110,111,112,113,114,115,117,121,124,126,127,130,131,132,134,138,139,141,142,143,144,145,146,148,149,150,151,153,155,156,158,160,161,162,164,165,166,167,169,171,172,174,176,177,178,180,181
32,33,34,35,37,38,39,41,43,44,46,48,49,50,52,53,55,56,57,58,61,62,63,66,68,69,70,72,74,77,80,82,84,85,88,90,91,92,94,96,100,101,102,103,104,105,106,107,108,110,112,114,115,117,118,119,120,121,122,123,125,126,127,128,129,130,131,132,133,135,136,137,138,139,140,141,143,144,145,146,147,148,150,152,153,154,155,156,157,158,162,164,166,167,168,169,170,171,172,173,174,176,177,178,179,180
33,34,35,36,37,39,40,41,43,45,46,50,54,56,58,59,60,61,62,63,65,66,67,68,69,70,71,73,74,75,77,78,79,81,82,85,86,89,90,92,93,94,95,97,98,99,100,101,102,103,104,105,106,108,109,110,111,113,114,115,116,117,118,119,120,122,124,125,126,127,129,132,133,134,135,136,137,138,139,140,141,142,143,144,145,146,147,148,150,151,153,155,157,159,160,163,164,165,166,167,168,169,172,174,175,176,178,179,180,181
34,35,36,38,40,41,42,43,44,45,46,48,49,50,51,52,55,56,57,58,62,65,67,68,69,70,71,72,73,74,75,76,77,78,79,80,81,82,84,86,87,89,92,93,95,96,98,100,101,102,103,104,105,106,107,108,109,110,111,112,114,115,117,118,120,121,122,123,124,125,126,127,128,129,130,131,132,133,135,136,137,138,139,140,142,143,144,145,146,148,149,151,152,153,154,156,157,158,159,160,162,163,164,165,166,167,169,170,171,172,173,175,178,179,180,181
35,38,40,42,43,44,45,46,47,48,49,52,53,55,56,57,58,60,61,62,63,64,65,68,69,70,71,75,76,78,80,81,82,83,84,85,87,88,89,90,92,93,94,95,96,97,98,99,100,101,103,104,105,106,108,109,110,111,112,113,115,116,121,123,124,127,128,129,131,132,135,136,138,139,140,141,142,143,146,149,150,151,152,153,155,157,158,159,160,162,164,165,166,167,168,170,171,172,173,174,175,176,177,178,179,180,181
36,37,40,41,42,43,44,45,47,50,51,52,53,54,55,58,59,61,62,63,64,67,68,69,70,71,72,74,75,76,77,78,79,82,83,85,87,89,90,91,92,94,95,97,98,99,100,101,102,103,104,105,106,107,108,109,110,111,112,113,115,117,118,119,120,121,122,126,127,128,129,130,131,132,133,134,138,140,142,143,144,145,147,148,149,150,151,156,157,158,159,163,164,166,168,169,170,172,173,174,177,178,180
37,38,39,40,43,44,45,47,48,49,50,52,53,54,55,57,58,59,60,61,62,63,66,68,69,71,72,74,75,76,78,79,80,81,82,83,84,86,88,89,91,92,93,94,95,97,99,100,101,102,103,104,105,106,107,111,112,113,114,115,116,117,119,120,121,122,123,124,125,126,127,128,129,130,131,132,133,134,135,136,139,143,145,147,148,149,150,152,153,158,159,161,164,165,166,167,170,171,173,174,176,177,178
38,39,40,41,42,43,45,46,47,48,49,50,51,52,53,56,57,58,59,62,63,64,65,66,67,68,69,70,71,73,75,76,77,78,79,81,82,83,84,85,87,88,90,91,93,94,96,97,98,99,100,101,102,103,104,105,106,107,109,110,111,112,114,116,119,120,121,122,123,124,125,128,129,130,131,132,135,136,138,139,140,141,142,143,145,146,147,148,151,154,155,158,160,161,162,163,164,165,166,168,171,172,173,175,176,178,179,180,181
39,40,42,43,45,47,48,50,51,52,53,54,55,56,57,59,60,61,63,64,66,67,68,69,70,72,73,74,78,79,80,81,82,84,85,86,88,90,91,92,95,96,97,99,101,102,103,104,108,109,111,113,114,116,119,121,122,123,124,125,126,127,128,129,130,132,133,135,136,138,139,140,141,142,143,144,146,148,149,150,151,152,153,154,155,157,158,159,160,161,163,165,167,168,169,171,172,173,174,175,176,177,178,180
40,42,43,44,45,48,49,50,52,53,54,55,56,57,58,59,61,62,63,64,66,67,68,69,70,71,73,75,76,77,78,79,80,81,82,83,85,86,87,88,89,90,92,93,95,96,97,98,100,101,102,103,104,106,111,112,114,115,116,117,118,119,120,121,122,123,124,125,126,127,128,129,130,131,133,134,135,136,137,138,140,141,142,143,144,145,146,148,149,150,151,152,153,155,156,158,159,160,161,162,163,164,167,168,169,171,172,173,174,175,176,178,179,180
41,43,44,45,46,48,49,50,53,54,55,56,57,58,59,61,62,63,64,65,66,67,69,71,72,73,74,75,76,77,78,80,81,82,85,86,87,89,90,91,92,93,95,96,99,101,102,103,105,107,108,109,110,111,112,113,116,117,118,120,122,123,124,125,126,127,128,129,130,131,132,134,135,136,137,138,139,142,143,147,148,149,150,151,152,154,155,157,158,160,161,162,163,165,166,168,174,175,177,179,180
42,44,46,47,48,50,51,52,54,55,56,57,58,59,60,61,62,63,64,65,68,70,72,73,74,75,77,78,79,80,81,82,83,84,86,87,88,89,90,91,92,93,95,97,100,101,102,103,105,106,107,108,109,111,112,115,116,117,118,119,120,121,122,124,125,126,127,129,131,132,133,134,135,136,137,138,139,140,142,143,144,145,149,150,152,153,155,156,157,158,161,162,163,164,165,166,167,169,171,172,173,174,175,176,177,180,181
43,45,46,47,48,49,50,51,55,56,57,59,60,61,62,63,64,65,66,67,68,69,70,71,72,73,74,75,77,78,79,80,81,82,84,85,86,87,88,90,92,93,94,95,96,97,100,101,103,105,106,108,109,110,111,115,116,117,118,120,121,122,123,124,125,126,127,128,129,130,132,133,135,137,139,140,141,142,143,144,146,147,148,150,151,152,153,154,156,157,160,161,163,166,167,168,169,170,172,174,175,176,177,178,179,180,181
44,45,48,50,51,52,53,54,55,57,58,59,60,61,62,63,64,65,66,67,70,71,73,74,75,76,79,80,81,82,85,89,91,92,93,94,96,97,98,99,100,102,103,104,106,108,109,111,112,114,115,116,117,118,119,120,121,122,126,127,128,129,130,131,132,133,135,136,137,138,139,140,142,143,144,145,146,147,148,150,151,152,153,154,155,156,157,158,159,160,161,164,165,166,168,169,170,171,172,173,175,176,177,178,179,181
45,47,48,49,50,51,53,55,56,59,61,63,64,65,66,67,69,70,71,72,73,74,75,76,77,78,79,80,82,83,84,86,89,90,92,93,94,95,96,97,98,99,100,101,103,104,105,106,107,108,110,111,112,114,115,117,118,119,120,121,123,124,126,127,128,129,130,131,134,135,136,138,139,140,141,142,143,144,148,149,151,153,154,156,157,159,161,162,163,165,166,167,168,169,171,173,174,177,178,179,181
46,47,49,50,51,52,53,54,57,58,59,61,62,64,65,66,67,68,69,71,72,73,74,75,76,77,78,81,85,86,87,88,89,90,91,92,93,94,95,96,97,98,99,102,103,105,106,107,109,110,111,112,113,114,115,116,118,119,120,121,122,123,124,125,127,129,130,131,132,134,135,136,139,141,142,143,144,146,147,148,149,150,151,153,154,155,156,158,159,160,161,162,163,165,166,169,171,172,173,174,176,177,178,179,181
47,48,49,51,52,53,54,55,56,58,59,61,62,64,65,66,67,69,70,72,73,74,77,78,80,81,83,84,86,87,88,89,90,91,92,93,94,96,98,101,102,103,104,106,107,108,109,111,112,113,114,116,119,120,121,122,123,124,125,126,127,128,129,130,131,132,133,134,135,136,137,138,139,140,141,144,145,147,148,149,151,152,153,155,156,158,159,160,161,162,163,164,166,167,170,172,173,174,176,178,181
48,49,51,52,53,54,55,56,57,58,59,60,61,62,63,64,65,66,67,70,71,72,73,74,76,77,78,80,81,82,83,85,86,87,88,89,90,91,92,93,94,95,96,97,98,99,100,101,102,104,105,106,108,109,110,112,113,114,115,118,119,120,121,124,126,127,129,130,131,132,133,135,137,138,141,142,143,144,145,147,148,149,150,151,152,153,155,156,157,158,159,160,161,162,163,166,167,168,169,171,173,175,176,177,178,179,180
49,50,52,53,56,57,59,60,62,63,65,66,67,68,69,70,71,72,73,74,75,76,77,79,81,82,83,84,85,87,89,90,93,95,96,97,98,99,102,103,104,105,106,107,108,109,110,111,112,114,115,116,117,118,120,121,122,123,125,126,127,128,129,130,131,132,135,136,137,139,140,141,142,143,144,146,147,149,150,155,156,158,159,160,161,163,165,167,168,170,171,172,175,176,178,179,180,181
50,51,55,56,57,58,59,60,62,63,64,65,66,67,69,70,71,72,73,75,76,77,78,80,81,82,84,85,86,87,88,90,91,94,95,96,97,98,100,101,102,104,105,106,109,111,112,114,116,118,119,122,123,124,125,126,127,129,130,131,132,135,137,138,139,142,143,145,146,147,148,149,150,151,152,154,156,158,159,160,161,162,163,164,165,167,168,169,171,173,175,176,177,178,179,180,181
51,52,53,54,56,57,58,59,60,61,62,63,64,65,66,67,68,69,71,72,73,75,76,77,78,79,81,82,83,84,85,86,87,88,89,91,92,94,95,96,97,98,99,100,101,102,103,104,105,106,107,108,109,111,112,113,114,115,116,117,119,120,122,124,125,127,128,129,130,131,132,133,134,135,137,138,139,140,141,143,144,145,146,147,148,149,150,152,153,154,155,157,160,161,162,163,165,166,167,168,169,171,172,173,174,178,179,180
52,53,54,55,56,59,60,62,63,65,66,67,68,69,71,72,73,75,77,78,79,80,81,82,83,84,85,86,87,88,89,90,91,92,93,96,97,98,99,100,101,102,107,108,110,111,113,115,116,117,118,120,121,122,123,124,125,126,127,128,129,134,135,136,137,140,141,142,143,144,146,148,149,151,152,153,154,155,156,157,159,161,162,164,165,166,167,169,170,173,174,177,178,179,180,181
53,55,56,57,58,59,65,66,68,69,70,71,72,73,74,75,77,78,79,80,81,82,84,85,86,88,89,90,91,93,94,95,96,97,98,99,100,101,102,103,106,107,108,111,114,115,116,117,119,120,122,125,126,127,128,130,131,132,135,136,138,139,140,141,142,146,147,148,150,151,152,153,154,155,157,159,161,164,165,166,167,169,170,171,172,173,176,177,178,180,181
54,55,56,57,58,59,60,62,63,64,65,66,70,72,73,75,76,77,78,79,80,81,82,83,84,85,88,90,91,94,97,98,99,100,101,102,103,105,107,109,110,111,112,113,114,117,119,120,121,122,124,125,127,128,129,131,132,134,135,137,138,141,142,143,144,145,146,148,152,153,156,157,158,159,160,161,162,163,164,165,167,168,169,170,171,172,173,175,177,178,179,181
55,56,57,58,59,60,61,62,63,64,66,69,70,71,72,73,74,75,76,80,81,82,85,86,87,88,89,90,91,94,95,96,97,98,99,100,101,102,103,104,105,106,107,108,109,111,113,116,117,119,121,122,125,128,129,132,133,134,135,137,138,139,140,141,142,143,144,146,147,148,149,150,153,154,156,157,158,159,160,162,163,165,167,168,169,170,171,172,173,174,175,177,178,179,180,181
56,58,59,60,62,66,67,68,69,71,72,73,75,76,81,82,85,86,87,88,90,91,92,93,94,97,98,99,101,103,104,106,107,108,109,110,112,113,114,115,116,117,119,121,122,123,124,125,128,129,131,132,134,135,136,137,139,141,143,146,147,148,149,151,154,155,156,157,161,163,164,166,167,168,169,170,171,172,173,175,176,177,178,179,180,181
57,58,59,60,62,64,65,68,69,71,72,74,75,76,77,79,80,82,83,84,85,86,87,88,89,91,92,93,94,96,98,100,102,103,105,106,107,108,109,111,113,114,115,116,118,119,121,122,123,124,125,126,127,128,129,130,131,132,133,134,135,136,137,138,139,142,143,144,145,146,147,149,150,151,152,153,157,158,159,160,162,163,165,166,167,168,169,170,171,172,173,175,176,177,178,179
58,59,62,64,65,66,68,69,70,71,73,74,75,76,77,79,80,81,82,83,84,85,86,87,88,90,91,94,97,98,99,100,101,102,104,106,107,108,110,111,112,113,114,115,117,119,121,122,123,124,126,127,128,130,131,132,133,134,135,136,137,138,139,140,141,142,143,145,146,147,149,151,152,153,155,156,157,159,161,162,164,168,169,171,173,174,176,179,181
59,60,61,62,63,64,65,66,67,69,70,72,73,74,75,76,79,82,84,85,86,87,88,89,91,92,93,94,96,97,98,100,101,102,103,104,105,106,107,108,111,112,113,114,116,117,118,119,120,123,124,125,126,127,128,129,130,133,135,136,138,140,142,145,146,147,149,150,151,154,155,157,158,159,160,162,163,164,165,166,167,168,169,171,173,174,175,176,177,178,179,180,181
60,64,65,67,69,71,73,74,75,76,77,78,79,80,81,83,84,85,86,87,88,93,94,95,98,99,100,102,103,105,106,108,110,111,112,113,114,115,116,118,120,121,122,123,124,126,128,129,130,132,134,135,136,138,139,140,141,142,143,144,146,147,148,151,152,153,154,155,157,158,159,161,162,163,166,167,168,169,171,173,174,176,178,180,181
61,62,64,65,66,67,70,71,72,74,75,78,79,80,82,83,84,86,87,88,89,92,93,94,95,96,97,98,99,100,104,105,106,107,108,109,110,111,115,116,117,118,119,120,121,122,123,124,125,126,128,129,130,132,133,135,136,138,140,141,142,144,146,148,149,150,151,152,153,155,156,158,159,160,161,162,164,165,166,167,168,169,170,171,173,174,175,177,178,179,180,181
62,63,64,65,66,67,68,69,70,72,73,74,75,76,77,78,80,81,82,83,84,85,86,87,88,89,90,91,93,94,95,96,97,98,99,101,102,104,106,107,109,110,114,117,118,119,120,121,122,123,125,127,128,129,130,131,132,136,138,139,140,141,142,144,145,146,148,149,150,151,152,153,154,155,156,157,158,161,162,163,164,166,168,170,171,172,173,174,177,180,181
63,64,65,66,67,68,70,72,74,76,77,79,80,82,83,84,87,90,91,92,93,94,95,96,97,98,99,100,101,102,103,104,105,106,107,108,109,110,111,112,113,115,116,117,118,119,121,122,123,124,126,129,130,131,132,133,135,136,138,139,141,142,143,144,147,148,149,151,152,153,154,155,156,157,158,159,160,161,162,163,166,168,169,170,171,172,174,175,176,178,179,180,181
64,66,68,71,74,76,77,78,80,81,83,84,86,87,89,91,92,93,95,96,98,99,100,101,102,103,104,105,106,107,108,110,111,112,113,114,117,118,120,122,123,124,125,126,127,128,130,133,135,136,138,139,141,142,143,145,146,148,149,151,152,153,154,155,157,159,162,165,166,167,168,169,170,171,173,174,175,176,177,178,179
65,66,67,68,69,70,71,72,73,74,76,77,78,79,80,83,84,85,86,87,90,91,93,94,95,96,98,99,100,102,103,104,105,106,108,109,110,111,112,113,114,115,116,117,118,119,120,123,124,126,128,130,131,133,134,135,136,137,138,139,140,141,142,143,144,145,147,148,151,152,153,154,155,157,158,160,162,163,164,166,167,168,169,170,171,172,174,175,177,178,179,181
66,68,69,71,74,75,77,78,79,80,81,82,83,84,85,86,87,88,89,91,95,96,97,101,102,103,104,105,106,107,109,110,112,114,115,116,117,118,119,120,121,122,123,124,125,126,127,129,131,132,133,134,136,138,140,141,142,143,144,145,146,147,149,150,152,153,155,156,158,161,162,163,165,166,167,169,170,171,173,176,177,178,179,180,181
67,68,69,70,71,72,73,74,75,76,77,79,80,81,83,84,85,86,87,89,90,91,92,93,94,95,96,97,98,99,100,101,102,104,105,106,107,108,109,110,111,112,114,115,116,117,118,119,121,122,124,125,126,127,128,130,131,132,133,134,135,140,143,144,145,146,147,148,149,150,151,152,153,155,157,158,159,161,162,163,164,166,167,168,169,170,171,172,173,174,175,176,178,179
68,69,70,74,75,76,77,78,79,80,81,82,83,85,86,87,88,89,90,91,93,94,95,98,99,100,102,103,105,106,107,109,111,112,113,114,115,116,117,118,120,122,123,125,126,128,129,130,132,133,135,136,137,138,139,140,141,142,144,146,147,148,149,150,151,152,153,154,157,158,160,161,162,163,165,166,167,168,169,170,171,172,173,174,175,176,177,179,180,181
69,70,71,72,75,77,78,79,80,81,82,83,84,85,87,89,90,91,92,93,95,96,97,98,99,100,101,102,104,105,106,107,109,113,114,115,116,118,120,121,122,124,125,126,131,132,133,135,136,137,138,139,140,141,142,143,144,145,146,147,148,149,150,151,152,154,155,156,157,158,159,161,162,163,164,165,166,167,169,170,172,174,175,177,178,179,180,181
70,71,73,77,80,82,83,84,85,86,87,88,89,90,91,92,93,94,96,97,98,100,101,102,103,104,105,108,109,110,115,116,117,119,120,124,125,126,128,129,130,131,132,134,135,136,137,138,139,140,141,142,143,144,145,146,147,148,149,150,151,152,153,154,155,156,157,158,159,160,161,162,163,164,165,166,167,168,172,176,177,178,179,181
71,73,74,75,76,77,78,81,83,85,86,87,89,91,92,94,95,98,100,102,103,104,106,107,108,109,110,111,113,114,117,118,123,124,125,126,128,129,130,131,132,133,134,136,137,138,139,140,141,142,143,144,146,147,148,149,150,152,155,156,157,158,159,160,161,162,163,164,165,166,167,168,170,171,172,173,174,175,176,177,180,181
72,73,74,75,76,78,79,80,81,82,83,84,85,87,88,89,91,92,93,94,95,96,97,98,99,100,101,102,103,104,105,106,107,108,109,110,113,115,116,117,118,119,120,121,122,124,125,127,129,130,131,132,134,135,136,137,140,141,142,143,144,145,147,148,149,151,152,154,156,157,158,161,162,165,166,167,169,170,171,172,173,174,176,179,180,181
73,74,75,77,78,80,82,83,84,86,87,88,89,90,92,93,95,97,98,100,101,102,103,105,106,109,110,111,112,113,114,118,120,121,122,123,124,125,127,128,129,130,131,132,133,134,139,140,141,143,144,145,146,149,150,151,152,153,154,158,159,160,161,163,164,165,167,168,169,170,171,172,175,176,177,178,179,181
74,75,77,78,79,81,82,83,84,85,86,89,90,91,94,96,97,98,99,100,101,102,103,104,105,107,108,109,110,112,113,114,116,118,119,120,121,122,123,124,125,126,127,129,130,131,133,135,136,137,138,139,140,141,142,145,146,147,148,149,151,152,153,154,155,156,157,158,159,161,162,163,164,165,169,172,174,175,178,179,180,181
75,76,77,79,80,81,83,84,85,88,91,92,95,96,97,98,99,101,102,104,105,106,108,109,110,111,112,113,114,115,117,118,119,120,121,122,123,124,125,127,128,130,132,134,135,137,138,143,145,146,147,148,150,151,152,153,154,155,156,157,158,159,160,161,162,164,165,166,167,168,169,170,173,175,176,177,179,180
76,77,79,81,82,83,84,85,87,89,90,91,92,94,95,97,101,102,104,106,107,109,110,111,113,115,116,117,118,119,120,121,122,123,125,126,128,129,130,131,133,134,136,138,140,141,143,144,145,146,147,148,149,150,151,153,154,155,157,158,159,160,162,163,164,165,166,168,169,171,172,173,174,176,178,180,181
77,78,79,80,81,82,83,84,85,86,87,90,93,94,95,96,97,98,99,100,103,104,105,106,107,108,109,110,111,112,113,115,116,118,119,121,124,125,126,127,128,129,130,131,132,134,135,136,137,138,139,140,141,142,143,144,146,147,149,150,151,152,153,154,155,156,157,158,159,160,162,163,165,166,167,168,169,170,171,172,173,174,175,176,177,178,179,180,181
78,80,81,84,87,89,90,92,93,94,95,96,97,98,99,102,103,104,105,108,109,111,112,114,115,118,119,120,121,122,124,125,126,127,128,131,132,133,135,136,142,143,144,145,146,147,148,150,151,152,154,155,156,157,159,160,161,162,165,166,167,169,170,171,172,173,174,176,177,179,180,181
79,80,81,82,83,84,87,88,89,90,91,92,93,94,95,96,97,98,99,100,101,102,105,106,107,108,111,112,113,114,115,117,118,119,120,121,122,123,124,125,126,127,128,129,130,132,133,134,135,136,137,138,139,140,141,142,143,144,145,146,148,150,151,153,155,156,157,158,159,162,163,164,165,166,168,169,170,171,172,173,174,177,178,179,181
80,81,82,83,84,85,86,87,88,89,90,92,93,94,95,97,98,100,102,104,107,108,109,111,112,113,115,116,117,119,120,123,124,125,126,127,128,131,133,134,135,136,138,139,140,142,143,144,145,148,149,151,152,154,155,156,157,158,159,160,161,162,164,165,166,167,168,169,170,171,172,173,175,177,179,180,181
81,82,83,84,85,87,89,90,91,92,93,94,95,96,97,98,101,102,103,104,106,107,108,110,111,112,113,114,116,117,119,124,125,126,127,128,129,130,131,132,133,134,137,141,143,145,146,147,148,149,150,151,152,153,155,156,157,158,159,160,161,162,163,164,165,166,167,168,169,170,171,172,173,174,175,176,178,179,180
82,84,87,88,89,90,91,92,93,94,96,97,98,100,101,102,103,104,105,106,107,108,110,111,114,115,117,121,123,124,125,126,127,128,129,130,131,133,134,135,136,137,138,140,141,144,145,146,147,148,149,152,153,154,155,156,157,159,160,161,163,165,166,167,168,169,170,171,172,173,174,176,177,178,179,180,181
83,85,86,87,89,90,91,93,94,95,96,97,98,99,100,101,102,103,108,109,110,112,114,116,118,120,121,122,123,124,125,126,128,129,131,133,135,136,137,139,141,142,143,144,146,147,148,149,155,156,157,158,160,161,162,165,167,168,169,170,171,172,173,174,175,176,177,181
84,85,86,87,89,90,92,93,96,97,99,100,103,104,105,106,107,108,109,110,111,112,113,114,116,119,121,122,124,125,127,128,129,132,133,134,135,136,137,138,139,140,141,145,146,147,148,149,150,151,152,153,154,155,156,157,159,160,162,163,164,165,166,167,168,169,170,172,173,174,175,176,177,178,179
85,87,88,89,90,92,93,95,96,97,99,100,102,103,104,105,106,108,109,110,111,112,113,114,115,116,117,118,119,121,122,123,124,125,127,128,129,130,131,132,133,135,137,139,140,141,142,143,145,146,147,149,150,152,154,156,157,158,161,162,163,164,165,166,167,169,171,172,174,175,176,177,178,179,181
86,87,88,89,90,91,92,93,94,95,96,97,98,101,102,103,104,105,106,108,109,111,112,113,114,115,117,120,122,123,124,125,127,130,132,133,134,135,136,137,138,140,143,144,145,146,147,148,149,151,152,153,154,155,156,160,161,162,163,164,165,167,170,172,173,174,175,177,178,179,180,181
87,90,91,92,95,96,97,98,99,100,101,102,103,104,106,107,108,109,110,111,112,113,114,115,117,118,119,120,121,122,124,125,128,129,130,131,133,134,135,136,138,140,141,143,145,146,147,148,149,150,153,154,156,157,158,159,160,162,164,165,166,167,168,169,171,174,175,176,178,179
88,89,91,92,93,94,95,99,100,101,102,103,105,106,107,108,109,110,111,112,113,115,116,117,118,119,120,123,124,126,127,128,129,130,131,132,133,134,135,137,140,141,142,143,144,145,147,149,150,152,153,154,155,156,157,158,159,160,161,162,163,164,165,166,167,168,169,170,171,172,173,174,175,178,179,180,181
89,90,91,92,93,95,97,98,99,102,104,106,109,110,111,112,113,114,115,116,117,119,120,124,125,126,127,128,129,130,132,137,139,140,142,143,144,145,146,147,148,150,152,153,154,155,156,157,159,160,161,164,165,167,169,170,171,172,173,174,175,177,180
90,92,95,96,97,100,101,102,105,106,107,108,109,111,112,113,114,116,117,118,119,123,124,126,127,128,129,130,132,133,134,135,136,138,139,140,141,142,143,144,147,148,150,151,152,153,154,156,157,158,159,160,161,162,164,168,169,170,171,172,173,174,175,176,177,178,179,181
91,92,93,95,96,98,99,100,101,102,103,104,105,106,107,108,109,110,112,113,115,116,117,120,122,124,125,126,127,128,132,135,137,139,142,143,145,146,147,148,149,150,151,154,156,159,161,162,163,164,165,166,167,168,170,171,172,173,174,175,176,178,180,181
92,94,97,98,99,101,103,104,105,106,107,108,109,110,111,112,113,114,115,116,117,118,120,121,122,123,124,125,126,128,129,130,131,132,134,135,136,137,138,139,141,143,144,145,146,150,152,153,154,155,156,157,158,159,160,161,162,163,166,168,170,171,172,173,174,176,178,179,180,181
93,94,95,96,98,99,101,102,103,104,105,106,107,108,109,111,113,114,115,116,117,118,119,120,122,123,124,126,127,129,131,133,134,136,137,138,139,140,141,143,144,145,146,147,148,150,151,153,155,156,157,159,161,162,164,166,167,168,169,171,174,175,176,177,178,179,180
94,95,96,98,99,101,104,105,106,107,109,110,111,113,114,117,119,120,121,122,123,126,130,131,133,134,135,137,138,139,142,143,144,145,146,147,148,149,150,151,154,155,156,157,160,161,162,163,164,165,166,168,169,170,171,172,173,174,176,177,178,180
95,96,97,98,99,100,102,103,104,105,106,108,109,110,112,114,116,118,121,122,123,125,126,127,133,134,135,136,137,139,144,145,146,147,149,150,151,152,153,154,155,156,157,158,159,160,161,162,163,164,165,166,167,168,170,171,172,173,174,175,178,180,181
96,97,98,99,100,102,103,105,108,109,110,112,113,114,115,116,117,119,120,125,128,129,130,132,134,135,137,138,140,141,142,146,147,148,149,152,153,155,156,157,158,160,164,165,166,167,168,169,171,172,174,175,176,177,180,181
97,98,99,100,101,106,107,109,111,112,113,115,116,117,118,119,120,121,123,125,127,128,130,131,133,134,136,138,140,141,142,144,145,146,148,150,151,154,155,156,157,159,160,161,163,164,166,167,168,169,170,172,173,174,175,176,177,179,181
98,99,100,101,102,103,104,105,106,107,108,109,110,112,113,114,115,116,117,118,119,120,121,122,123,124,126,127,128,129,130,131,132,133,134,135,136,137,138,139,141,142,145,147,149,151,153,154,155,156,157,158,159,161,167,169,170,171,173,174,175,176,178,180,181
99,100,102,103,104,105,106,107,109,110,111,115,116,117,118,119,122,123,124,127,128,129,130,131,132,133,134,135,136,137,138,139,140,142,144,147,148,149,150,151,153,154,155,156,157,159,160,161,162,164,167,168,170,173,174,175,176,178,180,181
100,101,102,103,104,105,107,108,110,113,114,115,118,119,120,121,123,125,126,128,131,132,133,134,135,136,137,138,139,140,141,142,143,144,145,146,147,148,150,151,152,153,154,155,156,157,159,160,161,162,163,164,166,168,169,170,171,173,174,175,176,179,180,181
101,102,103,104,105,106,108,109,111,112,114,115,117,118,122,124,125,126,127,128,129,131,132,133,136,137,138,140,141,142,143,144,146,147,148,149,150,151,152,153,154,155,157,158,159,160,161,162,163,164,165,166,167,168,169,170,172,173,175,176,177,179,180,181
102,103,105,106,107,108,112,113,114,115,116,118,119,123,125,126,127,128,129,130,131,133,135,136,137,138,139,141,142,143,144,145,147,148,149,150,151,152,153,155,156,158,159,160,161,162,163,165,166,167,169,171,172,173,175,176,177,178,179,180,181
103,104,105,106,107,108,109,111,112,113,114,115,116,117,118,119,120,121,122,126,127,128,129,130,131,132,134,135,138,139,140,143,145,146,148,149,150,151,154,155,156,157,159,160,161,162,163,165,166,167,168,169,170,171,172,173,174,175,178,180
104,105,107,108,109,110,111,112,113,114,115,116,118,119,120,121,122,123,124,125,126,128,129,130,132,133,134,135,136,138,139,140,141,142,143,144,145,146,148,149,150,151,152,154,156,158,159,160,161,162,164,166,167,168,169,171,172,173,175,178,179,180,181
105,106,108,109,111,112,113,114,116,117,118,119,120,121,122,123,124,126,129,130,131,134,135,138,139,140,141,143,144,145,146,148,149,150,151,152,153,154,155,156,157,158,159,162,163,166,167,168,169,170,172,173,174,175,176,179,180
106,107,108,109,110,111,112,113,114,115,118,119,120,121,122,124,126,127,128,129,130,131,132,133,136,137,138,139,140,142,143,144,146,147,148,149,153,154,155,156,157,158,159,160,162,163,165,167,168,169,170,172,173,174,175,176,177,178,180,181
107,109,110,111,112,115,117,118,119,122,123,124,125,126,127,128,129,130,131,132,135,136,138,139,140,142,143,144,145,146,147,148,149,150,151,152,154,155,156,157,159,160,162,163,164,166,168,169,172,173,174,175,176,177,178,180,181
108,109,110,111,112,114,116,117,119,120,121,122,123,125,126,127,128,129,130,131,132,134,135,136,137,139,140,141,142,143,144,145,147,149,150,151,152,154,155,156,160,161,162,164,165,166,167,169,170,171,172,173,174,175,177,178,179,181
109,110,111,114,115,116,117,118,120,121,123,124,125,127,130,131,132,133,134,135,137,139,140,141,144,145,146,150,151,152,153,155,157,158,159,160,161,163,164,165,166,167,168,169,170,171,175,176,178,179,180,181
110,111,112,113,115,116,117,120,121,122,123,124,125,126,127,128,130,132,134,135,136,137,139,140,141,142,143,144,145,146,147,148,149,150,152,156,157,158,159,160,161,162,163,164,166,167,168,169,171,172,173,174,175,176,179,180
111,113,114,115,116,117,119,120,121,122,124,125,128,129,132,133,134,135,136,137,138,139,140,141,142,143,144,146,149,150,151,153,154,156,158,159,160,161,162,163,164,166,167,169,170,171,172,173,174,175,176,177,178,179,180,181
112,113,116,117,119,120,121,122,123,124,125,126,127,128,129,130,131,132,135,136,137,138,139,140,145,147,148,149,151,152,153,154,157,158,159,161,162,165,166,167,168,169,170,172,173,174,175,176,177,178,181
113,114,116,117,118,119,123,124,126,127,128,131,132,133,134,135,136,138,139,141,143,145,146,148,149,150,151,153,154,157,159,160,161,164,165,166,169,171,172,173,174,176,177,178,179,181
114,115,118,119,120,121,122,123,124,125,126,127,128,129,130,132,134,135,136,137,138,139,140,141,142,143,145,146,147,151,152,153,154,155,158,159,160,161,162,164,165,166,167,168,169,170,171,173,175,176,177,179,180,181
115,116,117,118,119,120,121,122,123,125,127,128,129,131,132,133,135,136,137,138,139,140,141,142,143,144,146,147,148,149,150,151,152,156,157,158,159,160,161,162,166,167,168,169,170,172,174,176,177,178,180,181
116,117,118,119,122,124,126,127,129,130,131,132,133,134,136,138,139,140,142,143,148,149,150,151,153,154,155,156,160,161,162,163,164,166,168,169,170,171,172,173,176,178,179,181
117,119,120,121,125,126,127,128,130,131,132,133,134,135,136,137,138,140,142,143,145,146,147,149,152,153,157,158,159,160,162,163,165,166,168,169,171,173,175,176,178,180,181
118,119,122,123,124,128,129,130,131,132,133,135,136,138,139,140,141,142,143,144,145,146,147,152,154,155,157,159,160,162,163,164,165,166,168,169,171,172,173,174,175,176,177,179,180,181
119,120,121,122,123,124,125,128,129,130,131,132,134,135,136,138,139,140,141,142,143,144,147,148,149,150,152,155,156,157,158,159,160,162,165,166,167,169,170,171,172,174,176,177,178,179,180,181
120,121,122,123,124,125,126,127,128,129,130,132,135,136,137,138,139,140,141,143,144,145,146,147,148,149,150,151,152,154,157,158,159,161,162,163,164,165,166,167,168,169,170,171,172,173,175,176,178,179,180,181
121,123,124,125,126,127,128,129,130,131,132,134,135,136,138,139,140,141,142,143,144,145,146,147,149,150,152,153,156,157,159,160,164,165,167,168,169,173,174,175,177,178,179,180
122,124,125,127,128,131,132,133,138,139,140,141,142,143,144,145,146,147,149,150,151,152,153,158,159,160,162,163,164,165,166,167,168,169,170,174,175,176,177,180,181
123,125,126,128,130,132,133,134,135,138,139,141,142,143,144,145,146,147,148,149,150,151,152,154,155,156,158,159,161,162,164,165,166,167,168,169,170,171,172,173,174,175,176,177,178,179,181
124,127,128,129,130,131,132,133,134,135,136,137,138,140,141,142,143,145,146,147,148,149,150,151,154,156,157,158,159,160,161,162,163,164,165,166,167,168,169,171,172,173,177,178,179,180,181
125,127,128,131,132,134,135,136,137,140,141,143,144,145,146,147,149,150,151,154,157,158,159,161,164,165,166,167,168,171,173,177,178,179,180,181
126,127,128,129,130,131,132,134,135,136,137,138,139,141,142,143,144,145,147,149,150,151,152,153,155,157,158,159,160,161,162,163,164,165,166,169,170,174,175,177,178,179,180
127,128,129,130,131,132,134,136,137,138,139,140,141,143,144,147,150,151,152,153,154,156,157,159,160,161,162,163,164,166,167,168,169,170,171,172,174,175,176,177,178,181
128,129,130,132,133,134,135,136,137,138,139,140,141,142,143,146,148,149,150,151,153,154,155,157,158,160,161,163,164,165,166,167,170,171,172,173,174,175,179,180
129,130,131,133,134,135,137,138,139,140,142,143,144,146,147,148,149,150,151,152,153,154,157,159,160,162,163,164,166,167,168,169,171,172,173,174,176,177,178,180,181
130,132,133,134,135,136,138,139,140,141,142,143,144,146,147,148,149,150,151,152,153,154,155,158,159,160,161,162,164,165,167,170,172,174,177,178,179,180
131,133,134,135,137,138,139,140,141,142,143,144,146,147,150,151,152,153,157,158,159,160,161,163,164,166,167,168,169,170,172,173,175,176,177,178,179,181
132,134,135,137,138,139,140,141,142,143,144,145,146,147,148,149,151,154,156,157,159,161,162,163,164,166,167,168,169,170,171,172,173,174,175,176,177,178,179,180,181
133,137,139,140,142,143,145,146,147,149,151,152,153,155,156,157,158,159,160,161,163,164,165,166,167,168,169,170,171,172,173,175,177,179,180
134,136,137,138,141,144,146,147,148,151,152,154,155,156,157,158,159,160,161,163,165,167,169,170,171,173,175,177,178,179
135,136,137,138,139,140,143,144,146,147,148,149,150,151,153,154,155,156,157,158,160,161,162,163,164,166,167,168,169,170,171,173,174,175,176,177,178,179,180,181
136,137,138,139,140,141,143,147,148,150,152,153,154,155,158,159,161,162,163,164,165,166,168,169,170,171,172,173,175,176,177,178,179,180,181
137,138,140,141,142,143,145,146,147,149,150,151,152,156,157,159,161,162,164,165,166,167,169,170,171,172,173,174,175,177,178,179,180,181
138,139,140,141,142,145,146,147,149,150,152,153,154,155,156,157,159,161,162,163,165,166,167,169,170,171,173,174,175,176,179,180,181
139,140,141,143,144,145,146,147,148,149,150,151,152,153,155,156,157,158,159,161,162,163,164,166,167,168,170,171,172,175,176,177,178,179,180,181
140,142,144,145,147,151,152,153,154,157,158,159,160,161,163,164,166,167,168,169,170,172,173,174,175,176,177,179,181
141,142,144,145,147,150,151,152,153,155,156,157,158,159,161,162,163,164,167,168,169,170,172,175,178,180,181
142,144,145,147,148,149,150,152,153,154,156,157,158,159,160,161,163,165,166,169,170,171,173,174,176,177,178,179,180,181
143,144,145,146,147,148,149,150,151,152,153,157,158,160,161,162,163,164,166,167,168,169,170,172,173,174,175,177,178,180,181
144,145,146,147,149,151,152,155,156,157,158,160,161,162,163,164,165,166,167,168,169,170,171,172,175,177,178,180
145,146,147,148,149,151,153,154,155,156,158,159,160,161,162,163,166,167,169,170,171,172,173,174,175,176,177,178,179,180
146,147,149,150,151,152,153,154,156,157,158,159,161,162,163,164,165,166,167,168,171,172,173,175,177,178,179,180,181
147,149,151,152,155,156,157,158,160,161,163,164,165,166,169,170,171,172,173,174,175,176,177,178,179,180,181
148,151,152,153,154,155,157,158,159,160,161,162,163,164,169,171,172,173,174,176,177,178,179
149,150,151,152,153,154,155,160,161,162,164,165,166,167,168,169,170,172,173,174,175,176,177,178,179,180
150,152,153,154,155,157,158,159,160,162,164,165,166,167,168,169,170,171,173,174,175,176,177,178,179,181
151,152,153,154,156,157,158,159,161,162,164,165,166,168,169,170,171,172,173,176,177,178,179,180,181
152,153,155,157,158,159,160,161,162,163,165,168,170,171,173,174,175,176,177,180,181
153,154,155,156,157,158,159,160,161,162,163,164,165,167,170,171,172,173,174,175,176,177,178,179,181
154,156,157,162,164,165,166,167,168,169,170,171,172,173,175,177,178,179,180,181
155,156,157,158,159,160,161,162,163,164,166,167,168,172,173,174,175,176,178,179,180
156,157,158,160,162,165,166,167,168,172,173,174,175,176,177,178,179,180
157,158,159,160,161,162,163,167,169,171,173,176,177,178,179,181
158,159,160,161,162,164,166,167,168,171,173,176,177,178,179,180,181
159,160,161,162,163,164,166,167,168,169,170,171,173,174,175,176,178,179,180
160,161,162,164,165,168,169,170,171,173,176,177,178,179,181
161,163,164,165,166,168,172,173,175,176,177,178,179,180
162,165,166,167,168,169,171,172,173,174,175,177,178,179,180
163,164,165,167,169,170,173,174,175,176,177,178,179,181
164,166,167,168,170,171,172,173,174,175,176,177,178,180,181
165,168,170,171,172,174,175,176,178,179,180,181
166,168,172,173,175,177,178,179
167,168,169,171,173,174,175,177,178,179,180
168,169,170,172,174,175,176,177,178,180,181
169,171,172,173,174,176,177,178,180
170,171,172,174,175,176,177,178,179,181
171,173,174,175,176,178,181
172,174,175,177,178,180,181
173,174,177,178,179,180
174,175,176,178,179,180,181
175,176
176,177,178,179,180,181
177,178,179,180,181
178,179,181
179,180,181
180,181
181
