n_nodes:143
n_edges:6744
density:0.66424
0,1,2,4,6,7,11,12,14,15,16,18,19,20,21,22,24,25,26,30,31,32,33,34,35,36,38,39,42,43,44,45,47,48,49,52,53,54,55,56,57,58,59,61,62,63,64,65,66,69,70,71,72,73,74,75,77,79,80,83,84,85,86,87,92,94,97,98,99,100,101,102,103,104,105,106,107,108,110,111,112,113,116,117,118,119,121,123,125,126,127,131,132,133,134,135,136,137,140,141,142
1,2,3,5,7,8,9,10,11,12,14,16,19,20,21,22,24,25,26,27,28,30,31,33,34,36,39,40,42,46,48,49,51,52,54,56,60,61,62,63,65,66,67,68,69,70,72,73,75,76,82,84,85,87,88,89,90,91,93,94,95,96,97,98,100,106,107,108,109,110,111,113,114,117,118,121,122,123,126,127,128,129,135,138,139,140,141,142
2,4,6,7,9,10,12,13,14,15,16,19,20,21,22,23,24,25,26,28,29,31,32,34,35,36,37,38,39,41,42,44,45,46,47,49,50,51,52,53,54,55,56,57,58,61,64,67,68,69,71,72,73,74,75,76,78,79,80,81,82,85,86,88,89,90,91,92,95,97,98,100,103,104,105,106,107,108,109,110,111,112,113,115,116,120,121,122,123,124,126,127,129,130,131,132,133,134,136
3,5,7,8,9,11,13,14,16,19,20,21,22,23,24,25,27,29,31,32,37,38,41,43,44,45,46,48,50,51,52,54,55,56,57,58,59,60,63,65,67,68,69,71,72,73,74,75,80,81,83,84,85,86,88,89,91,94,96,97,98,100,101,103,104,105,106,107,109,110,111,112,114,115,116,118,119,120,121,122,123,124,125,126,127,128,131,133,135,139,140,142
4,5,6,7,9,11,14,16,19,20,21,24,26,27,30,31,32,34,35,36,37,38,39,40,43,44,45,47,48,50,53,54,56,57,58,59,61,62,64,65,66,67,69,70,74,75,77,78,80,82,83,84,85,88,89,90,91,92,94,95,97,100,101,105,106,108,109,111,115,116,117,118,119,120,124,126,127,129,131,132,133,134,135,136,138,139,140,141
5,7,8,12,13,14,15,16,17,18,20,23,24,26,27,29,30,32,33,34,35,37,38,39,41,42,43,44,46,47,48,50,51,54,56,57,58,60,61,62,63,65,66,67,68,69,72,73,75,80,82,83,84,85,87,89,90,92,93,96,97,98,99,100,101,102,103,105,106,107,108,111,112,114,116,117,121,126,127,128,129,132,134,137,140,141,142
6,7,8,9,10,11,12,15,18,22,23,26,28,29,30,32,34,36,38,39,40,41,42,43,45,46,47,51,53,55,56,57,58,59,62,65,66,68,69,70,71,73,74,75,76,78,79,80,81,82,83,84,86,88,89,90,93,94,95,96,97,98,101,102,104,106,108,109,110,111,112,113,114,115,116,117,118,119,120,121,122,123,124,125,127,128,130,131,134,135,136,138,139,140,142
7,8,9,10,12,14,16,17,18,20,23,25,26,27,29,30,31,32,34,38,40,41,43,44,45,46,48,49,50,51,52,54,56,57,58,60,61,62,63,65,66,67,68,70,72,73,76,79,81,83,85,88,89,90,91,92,93,94,96,98,99,100,102,104,106,109,111,112,113,114,116,117,118,119,120,122,123,124,125,126,128,130,131,132,133,135,136,137,138,139,141,142
8,11,12,13,16,17,18,19,20,22,23,24,25,26,28,29,30,33,34,36,37,38,39,41,42,43,44,45,47,48,50,51,52,53,54,55,56,59,60,61,62,63,64,67,68,69,70,71,72,76,77,78,79,80,82,83,84,85,86,87,88,89,90,91,92,96,97,98,99,100,102,103,104,106,107,112,114,115,116,117,118,119,121,122,123,124,126,127,128,129,131,135,136,137,138,139,140,141
9,12,13,16,17,18,20,21,22,24,25,26,27,28,29,30,31,32,34,35,36,38,40,42,43,44,46,47,48,49,53,55,56,58,60,62,63,67,69,70,72,73,74,78,79,80,81,82,84,85,86,87,88,91,92,96,97,100,101,103,104,105,106,107,108,111,112,113,114,115,116,117,119,120,121,122,124,126,128,129,133,135,136,137,138,141,142
10,11,12,14,16,17,18,19,20,21,22,23,28,29,30,31,32,33,34,36,37,38,39,40,44,45,46,47,48,49,50,51,53,56,58,60,61,63,64,65,66,68,69,70,71,73,75,76,77,78,79,81,82,83,88,89,92,93,94,96,97,98,100,101,102,103,104,107,109,110,113,114,116,117,119,120,121,122,123,124,128,129,130,132,134,135,136,137,138,142
11,12,13,15,17,19,20,22,23,24,26,27,28,31,32,34,35,36,37,38,41,42,43,47,48,49,50,53,55,56,60,61,65,66,70,71,72,73,74,75,76,77,78,80,81,82,83,84,86,88,89,91,94,95,97,98,99,100,101,102,103,105,106,107,108,109,110,111,112,113,114,115,116,117,118,120,121,122,123,124,125,126,130,131,132,133,134,135,136,139,140,141,142
12,15,16,17,19,22,23,24,26,27,28,29,30,31,32,34,36,37,38,40,41,43,44,45,46,47,50,55,56,57,58,60,61,62,66,68,70,73,74,75,76,79,80,81,83,84,85,86,87,88,89,91,92,93,94,95,96,97,98,99,100,101,102,103,104,110,111,113,114,115,116,117,118,120,121,122,123,124,125,126,127,129,130,131,132,133,134,135,138,139,140,141
13,14,15,18,20,21,22,24,26,27,28,29,31,32,33,34,37,39,40,43,44,45,46,47,48,50,53,54,55,56,58,59,60,61,62,64,65,66,67,68,69,70,71,72,73,75,77,79,81,82,83,86,89,90,92,93,94,95,96,97,99,100,102,103,105,106,110,111,112,113,114,116,117,118,120,121,122,124,126,128,129,130,132,134,140,141,142
14,16,17,18,22,23,25,26,27,28,30,31,32,33,36,37,38,39,41,42,43,45,46,48,49,50,53,54,57,58,59,61,62,63,65,67,70,72,73,74,75,76,79,80,82,83,84,85,86,91,93,94,95,98,99,100,102,103,104,105,106,108,109,110,111,112,113,114,115,116,117,118,119,120,121,122,123,126,127,128,130,131,133,135,137,138,139,140,142
15,16,17,19,21,23,25,26,28,29,30,31,32,33,34,36,38,41,42,43,44,45,46,48,49,51,52,54,55,56,58,60,61,62,67,70,71,73,74,75,76,78,80,81,82,83,84,85,86,88,89,90,91,93,94,95,96,97,99,100,101,102,104,106,107,108,110,113,116,119,121,122,123,124,125,126,128,130,132,133,134,136,138,139,141,142
16,17,19,22,23,24,28,29,32,33,35,36,37,38,39,40,45,46,48,49,50,52,53,54,55,58,59,60,61,62,65,68,69,70,72,73,74,75,77,79,81,82,83,84,85,86,87,88,89,90,91,92,93,94,95,96,97,98,99,102,103,104,105,106,108,109,110,111,112,114,115,116,119,122,123,125,126,128,129,131,132,133,134,135,138,139,140,141,142
17,18,19,20,21,22,23,25,26,27,29,30,31,33,36,38,40,41,42,43,46,47,50,52,54,55,57,58,59,62,64,67,68,72,73,74,75,76,77,78,79,80,83,84,87,88,89,90,91,92,93,94,96,98,99,100,102,103,104,105,106,108,109,110,111,112,114,115,116,117,118,119,120,121,122,124,126,127,130,131,132,133,134,135,136,137,139,141,142
18,19,20,21,22,23,24,25,26,27,29,30,31,32,33,34,37,40,41,43,46,47,48,49,50,51,53,54,55,59,60,62,64,66,67,68,69,71,72,75,77,79,80,81,82,83,85,88,90,93,94,95,96,97,98,101,103,105,106,107,109,110,111,114,115,117,120,121,124,125,129,130,131,132,133,134,135,136,137,140,141,142
19,20,21,22,23,24,28,29,30,31,33,37,38,40,41,42,43,44,45,49,50,51,52,53,54,55,56,57,62,63,64,65,67,68,69,71,72,74,75,76,77,79,81,84,85,86,87,88,90,91,93,98,99,100,101,105,108,109,110,113,114,116,119,120,121,122,123,124,125,128,129,131,135,136,138,139,140,141,142
20,22,23,24,25,27,28,29,30,31,32,33,35,43,44,45,47,48,50,52,53,56,60,62,63,64,65,68,73,75,76,77,78,79,80,81,83,85,86,87,89,91,92,94,96,97,99,101,103,104,106,108,109,111,112,113,116,117,118,120,121,123,125,126,127,128,131,132,134,136,137,138,139,140
21,22,23,26,27,28,29,31,32,33,34,35,38,39,40,42,43,44,46,47,49,50,51,52,54,55,56,57,58,59,61,62,63,64,66,67,68,69,71,74,77,78,79,82,86,87,90,91,92,95,97,100,101,103,104,105,106,109,111,113,114,115,120,121,124,125,126,128,129,131,132,133,134,135,137,138,139,140,142
22,23,25,28,29,30,34,36,38,39,44,46,47,51,52,54,55,59,60,62,64,65,67,70,71,74,75,76,77,78,81,82,84,86,88,89,90,92,93,94,95,96,97,98,99,100,101,104,105,106,107,108,109,111,112,114,116,117,119,123,125,126,127,128,129,130,133,135,137,138,139,140,141,142
23,26,27,31,34,35,36,38,39,40,41,42,43,46,47,48,50,52,53,55,56,58,61,62,63,64,65,66,68,69,70,71,72,73,75,76,77,78,79,80,81,82,85,87,89,90,91,92,93,94,95,96,97,99,101,102,103,104,105,107,108,110,112,113,114,115,116,117,120,121,123,124,125,126,129,132,133,134,135,137,139,142
24,25,26,27,29,30,31,33,34,35,36,38,40,41,42,43,44,46,47,48,50,51,52,53,54,55,58,59,60,61,63,64,67,68,69,70,71,72,73,74,75,77,78,80,81,83,84,85,87,89,92,96,97,98,99,100,101,102,103,105,106,108,109,112,113,115,117,120,121,122,123,124,125,127,129,130,131,132,134,135,136,137,138,139,140,142
25,27,28,29,30,31,32,33,34,35,37,39,40,42,43,45,46,47,50,51,53,54,56,58,59,60,62,63,64,66,67,69,70,71,72,74,75,76,77,78,79,80,81,82,84,85,86,88,93,94,95,97,105,106,107,108,111,113,114,117,119,121,122,123,124,126,130,132,133,134,135,136,137,138,139,140,142
26,27,28,29,30,32,33,35,38,42,44,46,48,50,52,53,54,56,57,58,60,61,62,63,64,65,67,68,70,72,73,74,77,81,82,83,84,85,86,89,91,92,93,94,96,98,99,100,101,103,105,106,107,109,110,111,112,114,115,117,118,121,122,123,124,125,126,127,129,130,131,133,135,136,137,138,139,140,142
27,28,29,30,31,33,34,35,37,38,39,41,42,44,46,47,48,50,51,54,56,57,58,59,61,62,63,64,67,68,70,71,72,74,75,76,79,80,81,82,83,85,86,87,88,89,93,95,96,97,98,101,102,103,104,105,106,109,111,112,113,116,117,119,121,124,125,126,128,131,134,135,136,137,139,142
28,29,31,32,33,34,37,40,41,42,43,44,45,47,49,50,51,52,53,54,55,57,58,59,60,61,63,64,67,71,72,73,74,75,76,78,80,82,83,84,85,86,87,88,93,94,95,96,97,98,99,100,102,103,104,106,107,108,109,110,112,114,116,117,120,121,122,123,124,125,126,129,130,133,134,136,137,138,139
29,30,34,35,36,38,39,40,42,45,46,47,48,49,50,51,54,55,57,58,62,63,64,66,67,69,70,71,72,74,75,76,78,79,80,82,83,88,90,91,93,94,96,97,98,99,100,101,102,103,104,105,106,107,109,112,113,114,117,118,120,121,122,124,125,127,129,131,133,134,135,136,137,141,142
30,31,34,35,36,37,39,41,43,45,46,48,50,51,52,53,57,59,60,61,64,66,67,68,69,75,76,77,78,79,80,81,82,83,84,85,86,87,89,91,92,94,95,97,98,100,102,103,104,107,108,109,110,111,112,113,114,115,116,118,119,120,121,123,126,131,132,133,134,136,137,141,142
31,32,34,35,40,41,42,43,44,45,48,49,50,51,55,56,58,59,60,61,62,66,67,68,70,71,74,75,76,78,79,80,81,82,83,84,85,86,87,89,92,95,98,100,101,107,108,109,111,113,115,118,119,121,122,123,126,127,128,129,130,131,133,134,138,139,140
32,33,35,36,37,38,39,40,41,42,43,44,45,46,47,48,50,51,52,53,55,56,59,60,61,62,64,67,68,69,70,72,74,76,77,78,79,81,83,85,86,87,88,89,92,96,99,104,106,107,109,110,111,112,113,114,116,117,118,119,120,121,123,124,125,126,127,128,129,130,132,133,134,135,136,138,142
33,35,36,37,38,40,41,47,48,50,53,54,55,56,59,60,63,64,66,67,68,71,73,75,76,77,78,80,81,83,84,85,86,88,91,93,94,96,98,99,100,101,102,104,105,106,108,109,110,111,112,113,114,116,117,118,119,120,121,122,123,124,125,126,128,130,131,133,135,136,137,139,140,142
34,35,36,37,40,41,42,43,45,47,48,49,51,55,56,57,58,60,61,62,63,65,66,68,69,70,71,73,75,76,78,79,82,83,85,86,91,93,94,95,96,97,99,100,102,104,106,107,108,109,111,113,114,117,118,121,123,125,126,127,130,131,132,134,135,136,137,139,140,141
35,128,131,129,138,141,36,37,38,42,43,44,45,47,48,50,51,52,53,137,135,58,60,61,62,63,64,66,67,69,71,73,74,75,77,80,82,84,85,86,87,89,90,91,92,93,94,95,97,98,99,103,104,105,106,107,108,110,112,116,117,118,123,124,126
36,37,38,41,42,43,44,45,46,47,49,50,51,53,54,55,57,59,60,61,63,66,69,70,74,75,76,77,78,79,80,81,84,85,86,87,88,89,90,91,92,93,94,95,97,98,99,102,103,105,106,107,108,109,110,111,112,114,116,117,119,120,122,123,124,125,126,127,129,130,131,134,136,137,138,139,140,142
37,38,40,41,42,43,44,45,46,48,50,51,52,53,55,56,58,59,61,62,63,65,66,67,68,69,71,73,74,77,78,81,82,83,84,85,86,87,89,91,93,94,96,99,100,101,102,103,104,106,107,109,110,111,112,113,114,116,118,119,120,121,125,126,127,129,130,131,132,133,134,135,136,137,140
38,41,43,45,46,48,49,50,51,54,55,56,58,60,63,64,65,66,67,69,70,71,72,73,74,75,76,77,78,79,80,81,82,84,86,87,90,92,94,95,98,99,100,102,104,105,106,107,108,109,110,111,112,113,114,115,116,118,121,122,124,128,129,130,131,132,133,135,136,137,138,139,141
39,40,44,45,46,47,48,49,50,55,56,58,61,62,63,64,67,70,71,72,73,77,78,79,80,81,82,83,85,86,87,88,91,92,93,95,97,98,99,100,102,103,105,107,108,109,110,112,113,114,115,116,119,121,122,123,126,127,128,129,131,132,133,134,135,136,138,139,140,141,142
40,41,42,43,45,46,49,50,53,54,55,56,57,58,63,64,65,67,68,69,70,71,73,74,75,76,78,79,80,81,82,84,86,87,88,89,90,92,97,100,102,104,105,106,107,108,109,110,112,113,114,118,119,120,121,122,123,124,125,126,128,129,130,131,132,133,135,136,137,138,140,141,142
41,42,43,44,45,46,48,50,51,52,57,58,59,60,63,65,66,67,71,72,73,74,75,76,78,79,80,83,86,90,92,95,96,97,98,99,100,102,103,105,106,107,108,109,111,112,113,115,116,117,118,119,122,123,124,125,128,130,131,132,134,136,137,138,140,141,142
42,43,45,46,47,48,49,50,51,53,55,58,59,60,61,62,64,68,69,71,72,73,74,75,76,78,79,80,82,83,84,85,86,87,88,89,90,93,94,95,97,100,101,103,104,106,107,109,111,113,114,115,116,117,119,120,121,123,124,125,126,127,128,129,130,131,132,133,134,135,136,137,138,140,141,142
43,44,45,46,47,50,51,52,53,54,55,56,58,61,62,63,64,65,67,69,70,71,72,73,74,75,76,78,79,80,82,83,84,85,86,88,90,91,92,93,94,95,97,98,99,100,101,102,103,106,107,108,111,112,114,115,116,117,118,119,120,121,122,123,125,126,132,133,134,135,137,139,140,142
44,45,47,48,49,50,51,53,55,59,60,61,62,65,69,73,74,76,78,79,80,81,83,84,90,91,93,94,95,98,99,100,102,104,106,108,109,110,112,113,115,117,119,120,121,122,123,124,125,127,128,130,131,133,135,136,139,140,141
45,46,47,48,54,55,56,59,60,61,63,66,68,69,70,71,72,73,75,76,77,78,79,80,82,83,84,85,88,89,90,91,92,93,94,96,97,99,100,101,102,103,107,108,109,110,111,113,116,117,118,119,120,123,124,125,126,127,128,130,131,132,133,134,138,139,140,141
46,48,49,50,56,57,58,60,61,62,63,65,66,67,68,69,70,73,75,76,77,78,79,80,81,83,85,86,87,88,90,91,93,95,98,101,102,103,104,105,106,108,110,111,112,113,114,115,116,119,120,121,122,123,124,125,126,128,129,132,133,134,136,137,138,139,140,141,142
47,48,49,50,52,53,54,56,58,61,62,63,64,65,66,69,70,71,72,73,74,75,77,78,79,80,81,82,85,86,87,90,91,93,95,96,97,98,101,103,107,109,110,111,112,113,114,116,118,119,121,123,126,127,129,132,135,136,137,138,140
48,49,50,51,52,53,55,56,58,61,62,63,64,67,68,69,70,71,72,73,74,75,76,77,78,79,80,82,83,84,85,89,91,93,94,95,97,103,106,107,109,110,111,113,115,117,118,119,121,122,123,129,130,134,135,136,137,140,142
49,50,51,52,53,54,55,56,57,59,62,63,65,67,70,71,72,73,76,77,79,81,85,86,87,89,90,91,93,94,95,96,99,100,101,102,103,104,105,106,107,108,109,110,111,112,115,116,117,118,119,120,121,122,124,125,126,131,134,135,137,139
50,51,52,53,54,55,56,58,59,60,61,62,63,64,66,68,69,70,74,78,79,80,81,83,84,85,86,87,88,91,92,94,97,98,99,100,101,102,103,105,106,107,109,110,111,112,114,115,116,118,120,121,122,123,126,127,129,130,131,132,134,135,136,137,138,140,142
51,52,53,54,55,56,57,58,59,60,61,62,64,67,68,70,71,72,73,74,76,77,79,80,81,84,85,86,87,88,89,90,91,92,93,95,97,100,102,104,105,108,109,110,111,114,115,116,119,120,122,125,127,128,129,131,135,136,139,140,141,142
52,132,133,134,137,138,140,130,129,53,54,55,56,58,59,60,65,66,69,70,74,75,77,78,79,141,82,85,86,87,89,90,135,93,96,99,100,102,104,109,110,111,112,113,131,117,118,119,120,121,136,123,124,125,127
53,57,58,59,61,63,64,66,67,69,70,71,73,75,76,77,78,79,80,83,84,85,86,88,89,90,92,93,95,97,98,99,101,102,107,109,110,113,114,115,117,118,119,120,121,122,123,124,125,126,127,129,130,132,133,138,139,140,142
54,134,137,130,140,133,142,135,58,60,65,68,69,70,71,72,75,77,79,80,82,83,85,87,89,91,92,95,96,98,99,131,101,102,103,105,107,109,110,111,115,116,120,121,124,125,127
55,56,58,61,63,64,65,67,68,69,71,76,78,79,81,82,83,87,88,89,94,96,98,99,101,102,103,104,105,107,108,109,110,112,113,115,116,117,118,120,121,122,124,125,127,129,132,133,134,135,138,139,141,142
56,58,62,63,65,66,67,68,69,70,71,72,73,76,79,83,84,85,86,89,90,92,93,94,95,96,97,98,99,100,102,103,106,107,112,113,114,115,116,117,118,119,120,121,122,125,126,129,130,131,134,135,137,138,140,141,142
57,136,138,139,141,132,133,135,58,59,60,61,62,63,64,67,68,69,70,72,140,74,75,76,78,79,81,82,83,84,142,86,87,88,90,92,93,95,96,97,98,100,102,103,104,105,106,107,109,110,111,112,114,118,119,121,123,125,127
58,59,60,61,63,64,66,67,68,69,72,73,74,76,78,80,82,83,84,86,87,89,90,91,92,97,99,100,102,103,104,106,107,109,110,111,112,113,115,117,119,121,123,124,125,126,127,128,131,134,135,137,139,142
59,60,61,62,63,64,65,66,69,71,73,74,75,76,77,79,80,81,82,84,85,86,87,88,89,90,92,94,97,98,99,100,101,103,104,105,107,108,109,110,113,114,115,116,120,122,125,126,127,129,130,131,133,135,136,137,138,139,142
60,62,63,65,66,67,68,69,70,71,72,73,75,76,77,78,79,80,81,83,84,91,93,94,95,98,99,100,101,103,104,105,107,108,109,110,111,113,114,116,117,119,120,121,122,123,125,129,131,133,135,136,137,139,141,142
61,63,64,65,66,68,69,70,71,74,75,76,77,78,79,80,81,82,83,87,89,90,91,92,93,95,96,98,99,100,101,103,104,105,106,107,108,109,110,111,112,114,116,119,121,122,123,124,127,128,130,131,132,133,135,136,138,139,140,141
62,66,70,71,73,74,75,76,77,78,79,80,81,83,84,85,86,88,93,94,95,96,97,100,102,103,104,105,106,107,108,109,111,112,113,114,115,117,118,120,122,123,125,126,127,128,132,133,135,136,138,140,141,142
63,64,66,67,68,70,71,72,73,74,75,76,77,79,80,81,83,85,86,87,88,89,90,91,93,94,95,97,99,101,103,106,107,108,110,111,112,116,118,119,121,124,126,129,130,134,135,137,139,140,141,142
64,65,66,67,68,69,70,72,74,75,76,78,79,80,82,83,84,86,88,89,90,92,94,95,97,98,99,100,102,103,104,105,106,108,109,111,113,114,117,118,119,120,121,122,125,126,129,133,135,137,138,139,140,141
65,67,68,69,71,73,75,76,77,79,83,85,88,89,90,91,92,93,94,95,97,100,101,102,103,104,105,107,110,111,112,113,115,117,119,120,121,122,123,125,128,129,130,131,132,133,134,135,136,137,138,139,141
66,130,136,137,142,141,133,134,67,69,70,73,76,79,80,81,82,83,84,86,87,88,91,94,95,96,97,98,99,100,101,102,104,107,108,109,110,111,112,114,115,116,117,119,120,126,127
67,69,70,71,72,76,78,79,80,84,86,87,88,95,96,97,98,99,103,104,105,106,107,109,110,111,113,114,116,117,118,119,120,122,123,124,125,127,128,129,130,131,132,133,135,138,140,141,142
68,71,72,73,76,80,81,82,86,89,90,92,93,96,98,99,101,103,105,107,108,109,110,112,113,114,115,116,118,119,121,122,124,125,127,128,129,130,131,132,133,135,137,139,142
69,70,74,75,76,77,78,81,82,85,86,87,89,90,91,92,96,98,101,102,103,104,105,106,107,109,111,112,114,116,119,121,122,124,125,126,127,128,129,130,131,132,133,134,135,136,137,139,140,141,142
70,71,72,73,74,75,76,78,79,82,84,85,86,88,90,91,92,93,94,95,96,97,99,100,101,102,103,105,106,110,112,113,115,117,118,119,120,121,123,124,126,127,131,132,135,138,140,141,142
71,72,73,75,77,79,81,84,85,87,88,92,93,95,96,98,99,101,105,107,108,109,110,111,113,114,115,116,118,119,120,121,124,128,129,130,131,132,133,134,135,136,138,139,142
72,74,76,77,78,80,81,82,84,88,90,94,96,97,98,102,103,104,105,106,107,108,109,110,113,115,117,119,120,121,123,124,125,126,129,131,133,134,135,136,137,138,139,140,141,142
73,74,75,77,78,80,81,82,83,84,86,87,88,89,90,91,93,94,95,96,97,98,101,102,104,106,107,108,109,110,111,112,114,115,116,117,121,122,123,130,131,132,135,138,142
74,75,76,77,78,79,80,86,88,91,92,95,99,100,102,104,105,106,108,109,110,112,115,116,117,118,119,120,121,122,124,126,128,129,131,132,133,135,137,138,139,140,141,142
75,76,77,78,79,80,81,84,85,88,89,90,91,92,94,99,100,101,103,104,105,107,108,111,113,115,117,118,120,121,122,125,126,127,128,129,131,133,134,135,136,138,139,140,141,142
76,77,78,82,83,84,85,87,88,89,91,92,93,95,102,105,106,107,108,109,110,111,112,113,116,117,121,122,125,127,130,131,132,133,134,135,136,138,139,142
77,79,81,85,88,89,90,92,94,96,98,100,101,105,106,107,108,109,110,111,112,113,115,116,117,118,119,120,121,123,124,125,126,127,129,130,131,132,133,134,135,137,138,140
78,79,80,81,82,86,87,90,93,94,96,97,98,101,103,104,105,106,108,109,110,112,113,114,115,116,118,119,120,121,122,123,124,125,127,128,129,131,132,133,135,136,138,140,141
79,81,82,83,84,86,88,89,90,91,93,94,96,97,98,99,101,102,103,104,105,106,108,109,112,113,114,116,119,121,123,124,125,126,127,128,129,130,131,132,133,134,135,138,140,141
80,81,82,84,85,88,89,91,92,93,95,96,97,99,100,101,103,104,105,106,108,109,113,115,117,118,122,123,125,127,128,131,132,133,134,135,136,137,139,140,141,142
81,82,83,84,85,86,87,88,89,90,91,92,93,94,99,100,101,104,105,106,107,108,109,110,111,112,113,114,116,117,118,119,120,122,123,124,125,126,127,128,129,130,131,132,135,137,138,142
82,83,87,90,91,92,93,96,97,98,99,100,101,102,103,105,106,108,109,110,111,112,114,116,117,118,119,120,121,123,124,125,127,130,131,133,134,135,136,137,139,140,141,142
83,84,85,86,89,90,93,94,95,96,98,99,104,106,110,111,112,115,116,117,118,121,122,123,125,126,127,128,129,130,132,133,134,136,137,141,142
84,86,87,88,89,92,93,95,99,100,101,102,103,104,106,107,109,112,114,115,116,118,119,120,123,125,126,127,128,130,131,132,133,134,135,137,139,140,141,142
85,86,87,88,89,90,91,92,95,96,99,101,102,104,105,106,108,110,111,112,114,117,120,121,126,127,129,131,132,139,140,141
86,90,93,94,95,97,101,102,103,104,106,107,108,110,111,112,113,114,115,117,121,122,123,124,125,127,128,129,130,131,132,134,137,138,139,140,141
87,130,134,128,139,142,138,133,89,137,95,96,99,101,103,104,106,107,108,111,112,114,117,118,120,121,136,123,125,127
88,89,90,91,94,96,101,102,103,104,106,107,109,112,113,114,118,119,120,121,123,124,125,127,129,130,132,133,134,136,137,140,142
89,90,91,92,93,94,98,100,104,105,107,109,110,114,115,118,120,121,122,123,124,125,130,131,132,133,134,135,136,139,140,141,142
90,93,95,96,97,98,100,101,102,103,104,105,107,108,109,110,114,115,116,117,118,119,124,125,126,127,128,129,130,131,132,133,134,137,138,139,140,141,142
91,92,93,94,95,96,97,98,99,100,101,102,103,104,105,110,112,113,115,116,118,119,120,121,122,123,124,125,127,128,129,131,132,134,135,137,139,140,142
92,128,131,135,132,133,139,129,130,95,97,99,103,104,105,107,108,140,112,114,117,118,120,121,123,124,125,126,127
93,95,97,98,99,100,101,102,104,107,108,109,111,113,115,116,117,118,119,120,121,122,123,124,125,127,128,129,131,132,133,134,140,141,142
94,96,98,99,100,101,102,103,105,107,108,109,110,111,112,113,115,117,118,119,120,122,123,124,126,127,129,131,135,137,138,140,141,142
95,96,97,98,100,101,102,103,104,106,108,109,110,112,114,116,124,125,126,127,128,129,130,131,132,134,135,136,137,139,140,141
96,97,98,99,100,101,102,103,104,105,106,108,111,112,113,114,116,117,118,119,120,121,122,123,126,128,129,130,132,134,135,136,137,138,140,141,142
97,98,99,100,102,104,105,107,108,109,111,112,114,115,116,123,125,126,129,130,131,132,133,135,136,138,139,140,141,142
98,99,101,103,104,105,110,112,113,115,116,117,118,120,121,122,125,126,129,130,132,133,134,135,136,138,139,140,142
99,101,104,106,107,108,109,110,111,112,113,114,115,116,117,119,120,121,122,123,124,126,127,128,129,130,131,132,133,134,136,137,138,139,141
100,102,104,105,106,107,109,111,112,114,115,116,117,120,124,126,128,130,131,132,134,135,137,138,139,140,141,142
101,104,105,106,107,108,110,111,114,115,116,117,118,120,123,124,125,126,127,128,129,130,131,132,134,135,136,138,141,142
102,103,106,108,112,114,117,119,120,124,125,129,130,131,132,133,135,136,137,138,139,140,142
103,104,106,107,108,109,111,112,114,117,118,119,120,121,122,125,126,127,128,129,130,132,133,135,136,137,138,139,140,142
104,105,106,107,108,112,113,115,116,118,120,121,122,123,126,127,129,130,132,133,135,137,138,139,140,141,142
105,106,108,109,110,112,113,117,119,120,121,122,123,124,125,126,127,128,130,131,132,133,134,136,137,140,141,142
106,107,108,109,110,112,114,116,117,118,119,120,121,122,123,125,127,129,131,132,136,137,138,139,140
107,109,110,111,112,114,115,116,117,118,119,120,121,124,125,126,128,130,134,135,136,137,138,140,141,142
108,109,110,112,114,115,116,118,119,121,122,124,125,126,127,128,131,132,133,134,135,137,138,139,141
109,110,112,113,115,118,119,120,121,123,124,126,127,128,130,132,134,135,136,138,140
110,111,112,113,114,117,118,119,121,122,123,124,125,127,128,131,132,133,135,136,137,138,139,140,141
111,112,114,115,116,118,121,122,123,124,125,127,128,130,132,133,134,136,137,138,139,141
112,113,116,117,118,120,122,124,126,127,128,130,131,132,133,134,136,137,138,140,142
113,114,115,116,117,118,120,122,123,124,126,127,128,129,130,131,132,135,136,137,138,139,140,141,142
114,117,118,120,121,125,126,127,130,131,133,134,135,137,138,139,141
115,116,118,119,122,123,125,126,128,129,130,131,132,133,134,136,138,140,141,142
116,119,120,121,123,124,126,127,129,130,131,132,133,135,137,138,139,140,141,142
117,122,124,125,126,129,130,131,132,133,134,136,137,140,142
118,121,123,126,127,128,129,130,131,133,134,137,138,141,142
119,120,121,123,125,127,129,130,131,132,133,134,135,137,138,139,141,142
120,122,126,127,128,130,132,137,138,139,140,141,142
121,122,123,125,126,128,130,131,133,134,135,139,140,141,142
122,124,125,126,127,128,129,130,131,132,133,134,135,136,139
123,124,125,126,127,128,129,130,132,134,135,136,137,138,139,142
124,126,127,128,130,131,132,133,134,135,136,137,138,140,141,142
125,126,127,128,130,131,133,134,135,136,139,141,142
126,127,128,133,134,136,137,138,141
127,128,131,132,133,134,135,136,138,139,141,142
128,130,132,134,135,138,137,131
129,131,133,134,135,136,138,139,142
130,131,132,133,135,136,138,139,140,141
131,132,134,135,137,138,139,140
132,133,134,135,136,137,139,140,141,142
133,134,135,136,137,139,140
134,135,138,140,141
135,136,137,140,142
136,137,139,140,142
137,139,140,141
138,139,140,142
139,140,141,142
140,141
141
142
