n_nodes:73
n_edges:1129
density:0.4296
0,64,65,3,4,5,71,9,10,11,12,13,15,19,20,21,22,24,27,28,29,32,33,34,38,39,40,41,42,45,46,49,50,52,55,56,59,61,62,63
1,64,65,2,67,4,69,6,11,66,14,15,16,18,19,20,22,23,25,26,27,29,68,33,34,35,37,38,39,40,42,43,44,45,48,50,51,52,56,58,59,70
2,66,3,4,5,70,71,9,11,13,15,17,21,24,25,26,27,29,30,69,33,34,37,38,39,42,43,45,46,47,48,50,57,59,62,63
3,68,70,7,9,14,19,22,24,25,27,30,36,39,41,71,44,45,46,47,49,57,58,60,62,63
4,67,66,69,70,71,9,10,11,13,15,19,22,24,68,27,28,29,30,31,32,36,37,39,42,44,45,46,49,50,51,55,56,58,59,61
5,65,67,69,6,9,10,11,12,13,14,18,21,25,28,30,33,38,39,40,41,45,47,50,63
6,66,67,70,65,9,12,16,19,21,23,25,26,27,30,31,32,35,37,39,42,43,44,46,48,49,69,54,55,56,58,59,60,61,63
7,64,65,72,10,12,15,20,21,25,27,31,32,34,38,39,41,44,46,47,52,55,61
8,66,71,9,12,13,14,15,16,23,24,25,26,31,32,37,39,40,42,45,50,51,52,54,55,56,62,63
9,13,16,18,72,21,22,69,68,30,31,33,34,35,70,40,44,46,47,48,49,50,51,53,55,56,57,58,60,62
10,64,70,11,19,21,22,23,24,25,28,31,36,37,38,40,41,42,43,44,46,49,54,58,59,60,62
11,67,71,66,18,19,20,22,26,27,31,32,34,36,38,39,40,41,45,46,47,48,51,55,60,61
12,64,71,68,13,21,22,26,27,69,35,37,38,39,40,41,43,44,45,46,49,50,52,53,72,57,59,60,62
13,65,67,66,15,16,17,19,23,68,26,31,33,34,35,37,39,41,42,47,50,51,60
14,64,66,68,70,16,18,19,20,21,27,30,67,35,39,40,43,45,46,54,57,58,59,60,63
15,67,16,19,20,22,25,71,29,30,32,36,40,43,44,45,47,49,50,51,53,54,55,60,61,62
16,64,17,19,28,33,35,46,48,72,51,52,54,56,59,61
17,64,67,66,71,18,21,68,27,31,32,33,35,36,37,38,41,47,48,50,54,58,60,61,62,63
18,64,71,19,22,27,28,31,34,35,36,39,40,45,46,51,53,54,56,57,63
19,66,71,67,20,26,28,30,32,34,36,37,40,47,53,54,55,58,59,61
20,67,69,70,64,21,25,26,27,29,30,32,33,36,71,45,47,48,49,51,58,60
21,68,24,26,29,69,32,37,38,39,41,42,71,45,46,48,49,51,55,60,63
22,65,72,23,68,27,28,29,31,33,35,38,40,42,43,51,52,53,55,56,58,61,63
23,64,67,69,71,26,27,28,31,32,33,34,37,38,40,41,44,45,46,48,49,50,51,53,55,72,57,58,60,61,62,63
24,66,67,68,27,32,33,34,38,39,42,46,50,53,55,59,60,61,62
25,64,67,26,30,69,32,35,70,65,41,71,44,46,48,56,57,58
26,67,69,71,27,28,29,30,33,34,37,38,41,42,43,44,45,49,53,55,72,57,58,59,63
27,72,68,29,30,33,34,36,39,42,71,44,45,47,50,52,56,59,63
28,65,72,68,34,37,38,44,47,48,51,54,55,57,61
29,67,69,71,72,66,68,30,31,33,36,39,43,46,47,48,51,53,54,58,59,61
30,68,65,31,33,34,38,41,42,43,46,47,48,49,51,54,58,63
31,64,65,67,69,32,33,35,36,70,38,39,41,42,71,44,45,46,49,53,56,57,58,61
32,64,66,69,34,35,38,40,71,45,49,50,51,52,53,54,55,56,57,58,60,61,72,65
33,67,66,65,64,68,36,38,41,71,69,47,48,50,51,52,54,56,61,62
34,70,65,40,71,45,46,48,49,50,52,59,60,61
35,67,70,38,39,40,42,45,47,50,54,55,56,60,62
36,66,69,70,71,72,68,67,44,45,47,49,54,57,58,60,61,62
37,64,67,65,68,41,42,43,45,48,52,53,56,59,62
38,70,72,65,71,49,52,53,56,58,59,61,63
39,67,72,68,64,70,65,40,41,66,71,45,46,48,49,51,52,55,56,61,62
40,66,67,64,65,41,43,44,45,46,51,54,55,57,60
41,68,42,43,44,45,46,47,55,58,59,61,63
42,67,69,71,68,66,70,49,51,57,58,59,60
43,64,68,69,65,66,45,46,48,49,51,55,57,70,63
44,68,66,70,65,48,50,56,57,60,63
45,64,66,46,47,72,50,52,53,55,57,58,61
46,72,66,67,47,49,51,52,55,58,63
47,65,68,72,69,67,51,52,53,63
48,68,71,49,52,54,59,63
49,65,70,51,52,54,55,57,58,62
50,70,65,69,64,71,53,54,56,57,58,60,61,63
51,64,68,72,56,57,62,63
52,67,68,71,53,54,55,56,57,58,63
53,67,68,71,56,63
54,65,67,69,55,72,57,59,61,62,63
55,56,62
56,67,65,68,71,58,60,61,63
57,69,70,72,67,59
58,68,66,69,67,59,62
59,69,64,66,68,72,62,63
60,65,66,68,69,71,62
61,65,67,68,71
62,68
63,64,71,66,67,70
64,72,71
65,66,68,71
66,69,68,70
67,68,72
68,69
69
70,71,72
71
72
