n_nodes:118
n_edges:3102
density:0.44937
0,1,4,5,7,8,10,13,16,19,24,25,29,33,36,37,39,41,44,46,47,48,49,51,52,53,54,56,61,62,67,68,70,73,77,79,81,82,86,87,89,93,94,95,96,97,99,100,104,105,111,112,114,115,116
1,2,7,12,13,14,18,20,22,26,29,30,32,33,38,39,40,47,48,50,51,52,60,63,64,65,67,70,71,72,74,75,82,83,84,85,86,87,89,91,93,97,102,104,107,108,109,111,112,117
2,3,7,12,13,14,15,21,22,23,25,27,30,31,32,33,34,37,38,41,46,47,50,52,55,56,58,60,61,64,66,67,70,71,73,74,75,77,83,84,86,90,95,98,101,103,106,107,108,109,110,113,115
3,7,11,12,16,17,18,19,24,25,26,31,32,34,35,38,40,41,44,45,46,47,49,50,51,53,55,56,57,63,73,75,76,78,82,86,87,88,89,95,97,98,101,103,105,108,109,110,115,117
4,5,6,10,11,12,13,16,23,24,26,28,29,30,32,33,36,37,38,41,42,43,44,46,49,50,52,53,58,59,62,63,73,79,81,83,84,86,87,91,92,93,95,97,98,99,102,104,105,106,108,109,113,116
5,6,9,10,11,13,14,15,16,17,19,21,22,26,27,30,31,33,38,39,45,46,51,56,58,61,62,66,69,71,72,77,78,79,80,82,83,87,90,92,95,96,97,100,102,103,104,105,107,108,109,111,112,113
6,8,10,12,13,15,16,18,19,20,22,24,25,26,27,30,32,33,35,42,44,45,47,48,49,54,57,58,60,61,62,63,65,66,68,73,77,78,79,86,87,89,90,92,93,97,102,104,105,106,108,112,113,114,115
7,9,12,18,20,22,24,27,28,30,32,36,39,41,43,45,46,47,51,54,58,59,61,63,66,67,70,72,73,74,75,76,77,80,87,88,89,93,94,96,97,99,102,103,104,105,107,111,114,115,117
8,9,10,12,16,18,19,21,22,24,25,32,33,35,36,40,42,43,44,45,49,50,51,52,53,56,57,58,61,64,70,72,78,79,82,86,88,90,91,95,99,107,109,112,116
9,13,14,15,19,20,21,22,23,24,25,26,30,31,33,36,37,40,44,45,46,47,48,49,50,52,53,55,56,59,64,65,67,69,72,73,77,79,80,81,87,89,90,91,93,94,95,98,100,104,107,109,110,111,116
10,13,17,19,22,24,26,28,29,30,33,34,38,41,43,50,52,53,56,58,59,60,62,63,64,72,73,76,80,83,87,88,92,98,99,100,101,102,103,104,106,108,110,111,114,115,116
11,12,14,16,19,20,21,22,23,25,27,32,34,36,37,40,42,47,48,51,52,53,56,57,63,65,68,70,71,72,73,74,75,78,79,81,82,90,92,93,94,95,96,97,98,102,104,107,110,112
12,13,14,15,16,18,22,25,26,27,28,30,31,33,34,37,38,41,44,47,48,49,52,54,55,56,57,58,62,63,65,69,70,71,72,78,81,83,85,87,88,89,91,94,96,99,101,102,106,108,111
13,14,15,17,22,25,27,31,33,34,35,41,48,51,52,55,58,59,61,62,63,66,67,70,74,75,76,78,79,81,90,91,94,95,98,100,102,105,110,111,116,117
14,15,20,23,25,28,30,31,33,34,36,39,40,42,45,53,55,59,60,61,62,65,69,70,73,75,77,78,84,87,92,93,96,97,98,99,100,102,104,105,106,107,109,113,114,115,117
15,16,18,19,22,23,25,29,30,31,37,38,41,42,45,46,49,52,55,58,59,60,62,64,65,66,67,70,73,74,81,83,94,96,101,104,105,107,110,111,112,113
16,19,21,22,23,26,27,30,33,34,35,37,39,42,43,45,46,47,58,61,62,66,69,70,72,78,82,84,85,88,90,91,92,94,96,97,99,101,102,103,105,108,114,117
17,20,21,22,23,28,35,36,37,41,43,47,51,55,58,59,60,63,64,67,69,70,71,73,75,76,79,80,81,83,85,86,87,88,92,94,95,105,107,113,115,116,117
18,19,21,22,23,25,26,28,31,33,35,36,37,38,39,40,41,42,46,55,56,57,61,63,66,71,72,74,75,76,79,82,85,89,90,93,96,99,101,102,104,105,106,112,113,115,117
19,21,22,26,28,30,31,33,35,40,44,46,47,48,49,50,51,52,53,56,58,59,60,61,64,65,66,67,70,73,76,77,78,80,81,82,85,88,96,97,98,100,101,102,103,106,107,108,109,113,114,116
20,22,24,26,27,32,37,40,41,44,45,46,49,50,51,52,57,59,61,64,66,67,68,69,73,74,76,79,82,83,84,85,87,89,90,94,96,99,102,105,112,113
21,22,25,27,30,31,32,37,39,40,43,49,50,53,54,55,59,61,62,64,67,69,70,72,75,77,78,79,80,81,82,83,84,85,87,89,90,91,92,96,98,112
22,28,30,31,32,33,38,39,43,45,46,48,55,57,58,59,60,61,62,63,64,65,67,69,70,71,73,76,80,81,85,86,87,88,89,91,94,95,97,99,100,101,102,105,107,108,109,112,117
23,27,29,31,33,38,42,47,48,50,52,53,59,60,66,67,70,71,72,78,79,82,83,84,85,87,88,89,94,95,98,100,101,102,103,107,108,110,112,114,117
24,25,26,30,31,35,37,40,42,44,45,48,56,57,60,62,67,69,72,77,79,80,82,83,87,88,89,90,91,92,93,97,98,99,103,105,107,108,112,113,115,116,117
25,33,34,36,37,39,41,42,43,45,47,52,54,55,57,59,61,62,63,70,71,77,80,81,83,84,85,90,91,93,95,98,102,103,104,105,106,111,114,116
26,31,32,34,36,37,40,41,44,48,56,57,59,60,63,64,67,68,71,72,74,75,79,83,85,87,89,95,96,97,101,102,104,107,109,110,112,114,115,117
27,30,31,35,36,37,38,39,45,47,48,49,56,58,59,60,61,63,66,67,68,69,70,74,75,76,78,81,86,90,92,94,96,98,102,109,110,111,112
28,29,33,37,41,44,46,48,49,50,52,64,67,69,70,71,74,76,78,79,81,82,83,85,89,94,95,99,100,101,103,105,106,109,111,113,114,116,117
29,33,34,35,37,41,42,44,45,46,47,49,52,58,59,61,64,65,68,75,76,77,78,81,82,87,88,90,92,94,96,100,102,109,110,112,113,116
30,31,33,34,36,40,41,46,47,52,53,54,59,61,64,67,68,72,75,76,78,79,80,81,82,83,84,85,90,93,94,95,98,102,103,104,106,107,108,110,113
31,36,38,40,46,49,50,53,57,60,63,64,65,68,71,74,79,80,84,85,87,89,90,95,96,100,101,106,108,110,112,114,117
32,37,38,39,42,43,45,49,50,54,57,58,59,61,63,65,66,68,71,75,78,80,83,85,88,89,90,98,99,100,101,105,107,109,110,116
33,37,40,41,42,45,47,48,50,51,52,55,59,62,66,67,68,70,76,79,80,81,82,83,85,86,87,88,90,91,93,96,97,98,99,107,109,110,114
34,36,37,39,41,42,44,47,51,53,54,56,58,60,61,63,67,68,73,76,79,80,84,85,88,89,91,93,97,98,99,102,104,105,107,108,114,117
35,36,40,41,43,47,50,51,52,53,54,56,57,58,59,60,61,64,67,69,71,73,77,78,80,81,82,83,84,86,89,93,94,96,99,101,102,104,105,108,110,112,113,115
36,38,41,46,47,48,49,51,53,54,57,62,63,71,72,73,74,75,76,77,80,81,82,84,85,86,88,90,94,96,97,105,106,107,108,109,112,113,115,117
37,40,42,46,47,50,52,61,62,65,68,74,78,82,83,88,90,91,93,99,101,106,107,110,111,117
38,39,45,47,48,50,54,55,56,57,62,63,66,67,73,74,78,80,83,86,88,89,91,93,95,96,97,100,101,102,103,105,109,110,116
39,67,64,74,92,83,105,90,86,94,80,91,102,113,40,41,65,47,48,49,50,115,52,53,55,57,114,60,85,63
40,41,43,46,47,48,51,53,58,60,61,62,66,67,68,70,77,78,80,82,84,85,86,91,93,95,98,101,104,105,110,117
41,42,44,46,47,48,49,51,55,56,57,60,62,65,68,71,72,83,84,85,86,88,90,91,93,95,97,98,99,105,108,109,110,113,114
42,43,48,49,50,51,52,53,55,57,66,67,68,74,76,78,80,82,84,85,86,90,95,98,99,100,103,104,105,110,111,112,113,114
43,64,96,66,73,76,82,83,84,87,90,91,92,94,95,116,98,100,45,110,112,49,50,51,52,53,89,104,106,62,63
44,45,47,48,50,53,55,57,58,59,63,65,66,67,68,69,71,72,76,83,86,89,92,94,95,98,99,100,101,106,107,108,111,112,114,115,116,117
45,48,51,52,53,54,56,59,60,61,63,67,69,70,74,76,77,84,86,87,88,91,95,100,102,108,109,110,111,112
46,47,49,51,53,57,63,73,74,78,82,83,84,87,88,90,94,95,99,100,102,103,106,109,111,112,113,114,116,117
47,48,50,52,54,55,56,57,58,60,61,62,63,67,71,75,76,77,78,79,81,82,86,87,88,91,92,98,99,101,105,108,111,113,114,117
48,50,52,59,62,63,64,67,68,69,71,72,73,76,78,79,84,87,90,94,95,96,97,98,99,100,104,110,111,112,115
49,51,52,54,57,61,63,65,69,70,71,72,73,74,76,79,80,81,82,85,87,90,92,93,94,95,97,98,102,107,109,116
50,51,52,55,56,63,65,66,68,69,70,71,72,73,74,76,77,80,83,85,87,88,89,93,94,95,97,98,101,102,106,108,109,116,117
51,53,54,58,60,62,64,68,70,72,79,82,83,85,91,92,94,95,98,99,100,101,103,104,105,107,111,115,117
52,54,57,58,59,60,63,64,65,66,68,72,74,75,78,80,83,85,89,92,104,105,106,107,109,110,111,112,114,115,116,117
53,54,55,56,59,60,61,62,63,64,65,68,72,75,76,78,80,82,84,85,88,89,90,91,97,98,99,103,109,110,115,117
54,56,59,63,67,68,70,71,72,74,75,79,81,82,84,85,86,87,89,90,91,92,93,95,97,100,103,105,106,110,112,113,114,115
55,56,58,60,66,70,71,74,75,77,78,80,81,86,87,92,93,94,97,101,103,104,106,108,111,112,113,114,116
56,57,58,61,73,75,78,80,81,82,91,95,97,99,100,102,104,105,110,111,112,114,115
57,59,60,61,62,63,64,65,67,77,80,81,82,84,86,88,90,91,92,94,97,98,99,103,106,112,115
58,60,61,63,64,65,67,68,71,73,75,77,78,79,83,85,88,89,90,93,97,101,104,106,108,111,113,114,115,117
59,60,62,63,64,65,67,68,74,75,76,77,78,79,80,81,82,83,84,88,89,90,93,94,95,96,97,102,104,105,107,109,110,111,113,114,115,117
60,64,66,67,69,70,74,77,81,82,84,85,87,90,96,97,102,103,105,106,107,109,110,111,112,115,116,117
61,63,64,67,70,72,74,78,79,82,85,86,87,88,91,92,94,95,99,102,103,105,112,117
62,63,66,67,69,71,73,84,90,91,93,94,96,98,101,104,106,108,109,111
63,65,66,67,68,70,72,76,77,78,80,81,82,84,86,87,89,90,91,92,93,94,95,96,101,102,103,104,105,107,108,109,112,114,115,116,117
64,68,71,74,76,80,82,84,86,89,90,91,94,95,96,97,98,100,103,107,110,111,113,115,116,117
65,68,71,73,74,75,77,81,82,83,90,91,92,93,94,99,100,102,103,106,107,109,111,112,113,115,116
66,71,72,76,77,81,83,85,89,91,93,94,98,99,100,101,102,103,105,109,110,112,114,116
67,68,69,71,74,76,78,79,80,81,83,86,87,89,91,92,94,99,103,104,105,107,108,110,111,114,117
68,71,72,73,74,78,79,80,81,82,84,94,97,100,101,103,104,105,107,108,111,113,116
69,73,74,80,81,85,87,88,89,91,92,93,95,96,98,99,100,101,103,104,105,107,109,110,111,112,113,114,116,117
70,71,72,73,74,75,87,90,92,97,99,100,101,103,108,110,111
71,72,73,76,77,83,85,86,89,93,94,95,96,97,98,101,104,107,108,110,112,115,117
72,73,75,76,80,81,82,86,88,90,91,94,96,97,103,104,105,106,107,108,110,112
73,74,77,78,82,86,87,88,91,92,93,94,96,97,101,103,104,105,108,112,115
74,76,79,80,82,84,85,86,91,92,93,95,98,103,104,105,106,108,109,110,112,117
75,80,81,83,84,85,86,88,89,90,92,93,94,95,99,103,104,106,111,112,113,116
76,80,88,89,92,93,100,101,103,104,105,108,110,112,114
77,80,82,84,85,86,87,91,92,95,96,97,98,99,100,102,105,107,112,114,116,117
78,80,81,85,86,89,92,93,95,98,99,100,102,103,108,111,112,113,114,115
79,82,83,84,89,91,94,95,96,99,102,106,108,111,112,117
80,82,85,87,92,98,99,101,102,104,105,107,114,115,117
81,83,92,93,94,96,97,98,99,100,102,103,104,105,106,110,112,113,114,117
82,83,84,85,87,89,91,93,94,96,101,102,103,104,105,108,109,111,113
83,87,91,92,95,96,97,99,103,107,108,109,111,112,113
84,86,88,91,92,94,97,101,103,105,106,109,113,117
85,86,87,90,91,94,97,98,100,103,104,105,107,109,110,111,112,113,115
86,88,89,93,94,95,97,99,101,102,107,108,109,112,113,115,116,117
87,88,90,93,94,95,97,99,100,101,102,104,108,109,111,112,114,115
88,91,92,93,94,95,96,97,98,99,100,103,110,115,117
89,94,98,100,102,104,107,108,109,110,112,117
90,92,93,95,96,99,100,104,105,106,107,108,109,111,113,116
91,93,94,95,100,101,102,105,106,108,109,111,112,114,115,117
92,95,96,97,98,100,101,107,111,116
93,94,98,99,105,108,109,112,114,115,116
94,98,100,103,106,107,108,109,110,113,115,116,117
95,98,99,101,102,104,106,107,114,115,117
96,99,101,103,107,112,113,114,116
97,101,102,103,105,110,111,112,113,114,115,117
98,105,107,114,115,116
99,100,101,103,105,111,112,113,116,117
100,102,108,111,113,114,116,117
101,105,110,111,113,114,116
102,103,106,108,110,111,113,115
103,106,108,111,112,114
104,106,108,109,117
105,112,114
106,107,111,112,114,117
107,109,111,113,114,116,117
108,112,116
109,110,111,115,117
110,111,114,116,117
111,117
112,115,116
113,116
114
115,116
116
117
