n_nodes:262
n_edges:16404
density:0.47978
0,3,7,8,9,11,12,14,15,18,19,22,24,25,26,27,32,34,35,39,41,43,45,48,49,51,52,55,56,59,60,61,65,66,74,75,76,79,80,81,83,85,86,87,88,89,90,94,95,99,100,101,102,107,108,110,111,113,115,116,117,119,124,127,131,132,134,137,138,139,140,141,142,146,147,148,149,151,153,154,158,163,164,165,166,167,168,170,171,172,175,180,181,182,187,189,191,192,193,196,197,200,201,206,208,210,211,212,214,216,217,218,220,221,222,225,230,233,235,236,237,241,246,248,249,250,252,253
1,256,258,3,6,12,13,15,17,19,21,27,28,30,31,32,33,34,38,39,42,43,45,46,48,49,52,54,55,58,61,62,64,65,66,72,76,77,78,81,82,84,85,87,88,89,92,96,97,98,101,103,104,106,107,108,110,111,114,118,120,124,125,126,128,131,132,133,134,135,136,141,142,146,149,150,151,156,157,160,162,163,165,167,169,171,172,174,176,180,181,182,184,186,187,188,192,194,198,199,200,201,204,207,209,213,215,216,217,219,221,223,227,235,240,241,244,245,248,249,251,252,254
2,256,257,4,11,13,14,16,20,24,260,27,29,33,34,36,37,40,43,44,45,48,49,50,51,52,53,57,59,60,62,63,64,65,67,68,69,70,77,87,88,89,94,96,97,99,100,101,102,103,104,105,111,116,117,120,122,123,126,129,131,132,134,136,138,139,140,141,143,149,151,155,156,157,158,159,164,166,167,168,171,172,173,175,177,179,182,183,184,186,187,189,190,193,195,197,199,200,203,204,207,208,210,211,215,216,219,220,223,224,225,226,229,236,240,243,247,248,249,250,253,254,255
3,258,5,7,8,9,10,256,18,22,24,26,27,31,33,34,35,37,38,49,50,54,56,58,60,62,65,66,69,70,73,78,79,80,82,84,86,87,91,92,93,94,97,98,100,102,105,108,116,118,128,129,131,132,133,134,136,145,147,150,151,152,153,154,155,156,157,159,160,161,162,166,168,169,170,171,172,178,180,181,183,184,185,186,188,190,191,192,193,195,196,199,200,202,205,206,210,211,212,213,216,219,220,221,228,231,232,233,239,241,242,243,244,245,246,247,248,250,251,252,255
4,256,261,6,10,12,22,23,24,26,27,29,30,32,33,35,38,44,46,47,48,51,52,53,56,57,61,63,64,67,68,69,70,71,73,74,75,76,78,84,86,89,90,91,92,93,97,98,101,103,107,109,111,113,121,124,125,126,128,133,138,139,141,142,143,146,147,150,151,152,155,156,159,161,162,167,168,169,172,173,174,176,178,179,180,181,182,183,186,187,188,189,190,195,196,197,198,199,201,204,205,206,209,211,216,217,218,219,221,230,231,239,240,241,243,246,247,251,254,255
5,256,258,260,6,8,10,11,14,15,17,21,22,23,28,29,30,31,32,34,37,38,39,40,41,44,46,50,52,55,57,58,62,63,65,66,67,68,69,72,74,77,78,79,82,90,91,93,94,95,96,100,101,102,103,105,107,109,111,112,114,115,117,118,119,120,121,124,125,128,131,133,135,136,137,138,141,148,149,150,153,155,158,159,160,162,164,166,169,171,172,173,174,175,176,177,179,180,181,183,185,186,190,191,192,193,194,198,201,202,205,206,207,216,218,220,221,222,224,225,226,228,230,231,233,234,235,236,237,241,242,244,245,246,247,248,249,250,251,252,253
6,258,7,8,9,11,12,13,18,19,21,23,260,26,27,29,31,35,36,40,41,42,45,47,49,261,59,61,62,64,67,69,72,73,74,75,76,77,79,82,83,84,85,86,89,93,94,95,96,97,98,101,103,105,107,108,111,114,115,116,117,118,119,120,125,126,127,129,133,136,137,138,141,143,144,145,147,148,151,152,154,155,156,157,158,159,162,163,164,167,172,176,178,180,181,185,187,188,192,193,196,198,200,201,203,204,205,206,207,209,212,213,215,224,225,227,228,231,235,237,240,241,244,248,250,252,254
7,256,261,257,8,12,14,18,259,20,25,26,29,30,31,32,37,38,39,41,44,46,47,53,54,56,57,60,62,66,67,68,69,70,71,72,75,77,83,84,86,88,90,91,102,108,110,112,113,114,117,120,125,127,129,130,133,135,141,142,145,148,153,155,156,157,158,159,160,162,166,168,169,170,174,178,179,180,183,184,186,188,189,192,194,195,198,199,200,201,203,206,208,209,211,212,213,215,218,219,224,227,229,231,233,234,235,237,243,244,245,246,250,254,255
8,257,259,15,16,17,19,20,30,31,32,34,37,38,39,40,42,43,48,54,55,58,60,62,64,69,70,71,73,77,80,82,84,86,88,91,93,94,96,97,99,102,104,105,106,108,110,111,113,116,117,122,125,127,128,135,138,142,143,145,146,147,149,150,154,159,160,162,164,167,168,170,175,177,179,180,181,182,185,189,192,195,196,198,199,200,201,202,205,208,210,211,212,213,215,216,217,220,222,225,226,227,228,230,231,233,235,237,239,242,243,245,247,251,252,254,255
9,256,260,261,257,10,11,12,13,14,19,20,21,26,27,29,31,34,35,36,38,41,42,44,46,48,51,52,53,57,59,61,62,63,65,66,67,69,70,71,74,76,77,81,83,85,86,87,89,90,91,92,93,95,96,99,101,111,113,116,118,121,125,126,128,129,131,133,135,136,137,138,140,142,145,146,148,150,151,153,154,156,159,160,161,162,163,164,166,169,170,176,177,178,179,184,188,192,193,194,195,197,199,204,206,210,212,214,216,219,224,225,226,228,231,232,233,234,235,236,238,240,243,244,246,248,250,252,253,254,255
10,256,257,13,14,15,16,18,19,21,25,27,29,31,33,35,36,38,41,42,47,48,49,50,52,54,58,59,60,62,64,65,69,70,73,74,75,76,79,81,82,84,88,89,90,94,95,99,101,102,259,106,109,110,111,118,119,121,123,125,126,127,130,131,133,260,135,136,143,144,145,146,147,149,154,158,161,162,261,167,169,173,175,179,183,184,186,187,190,193,194,195,197,200,202,204,205,208,209,211,212,217,219,220,222,224,225,227,229,230,231,232,234,238,239,241,242,243,244,245,248,249,255
11,257,259,12,13,16,17,20,22,23,24,25,27,30,32,37,39,45,49,50,53,54,55,56,61,62,64,66,69,72,73,258,75,77,79,80,81,85,86,87,89,90,92,94,99,100,102,104,107,109,110,112,114,117,118,120,124,125,130,133,134,138,139,140,142,143,144,145,147,148,150,154,157,158,160,163,168,169,171,172,173,174,176,177,178,179,182,185,186,188,189,190,192,195,198,202,203,205,206,207,211,212,213,215,223,226,227,229,231,233,235,236,237,238,239,241,242,244,246,249,250,251,252,255
12,258,259,261,13,256,16,20,23,24,28,30,32,33,34,36,40,41,45,46,47,48,49,51,52,54,56,58,59,62,65,66,67,69,76,78,80,85,86,87,88,89,91,95,98,99,101,103,104,105,107,108,114,115,116,117,120,122,124,125,127,129,130,131,132,134,136,137,138,142,147,152,154,158,159,160,161,162,165,166,167,171,173,174,183,187,189,190,195,199,203,206,209,212,214,216,218,219,222,226,229,230,231,233,235,239,241,242,244,245,246,247,249,255
13,256,259,261,257,258,14,18,19,20,21,22,25,26,27,29,30,31,35,36,40,41,42,44,48,50,52,54,55,56,57,59,64,67,68,69,70,72,73,75,76,77,82,83,86,87,89,90,94,100,101,103,104,105,107,108,109,110,112,114,117,119,122,123,124,126,129,130,134,135,136,138,139,140,146,149,155,157,158,160,161,163,164,165,166,169,170,172,173,174,176,177,182,187,188,189,192,194,195,196,199,200,201,202,203,204,206,208,211,215,216,218,226,232,233,235,236,242,244,246,247,248,249,253
14,257,259,15,16,17,19,21,22,24,261,33,35,37,38,39,40,41,43,44,50,53,54,57,58,59,60,61,63,65,67,69,70,71,74,77,79,82,84,86,95,97,99,101,104,105,107,110,111,112,258,118,119,125,128,129,130,131,132,133,134,138,140,141,142,144,146,151,156,158,159,161,163,164,165,167,168,169,170,173,176,177,179,180,184,185,186,188,189,196,198,199,202,206,207,214,218,219,221,224,225,227,231,233,234,236,237,238,241,242,243,244,245,249,252,253,255
15,259,260,16,19,20,21,23,25,27,28,29,30,31,32,33,46,48,51,52,54,56,59,60,62,66,68,256,76,77,81,86,88,89,91,92,93,94,95,96,101,103,104,108,109,110,113,115,117,119,121,123,127,131,134,142,143,144,145,147,148,150,151,154,155,157,163,170,175,178,179,180,181,185,186,188,190,193,200,202,203,206,208,210,211,216,219,222,225,226,227,228,230,231,235,236,237,238,240,242,243,244,245,247,248,249,251,252,253
16,256,259,261,258,17,18,19,20,21,24,25,27,28,35,37,38,40,43,44,48,49,52,53,56,58,60,64,67,68,71,72,75,76,77,78,79,80,82,93,95,97,98,100,103,104,107,110,112,114,115,116,119,121,122,123,125,128,129,132,134,136,137,139,140,141,142,147,148,156,158,159,160,161,163,164,168,170,172,175,178,179,182,188,189,191,193,201,203,205,208,212,218,222,223,225,228,230,231,234,236,237,241,242,243,247,249,253,254
17,256,259,19,21,23,24,25,26,29,33,34,37,46,48,52,53,54,56,60,61,62,67,70,72,74,77,79,81,82,83,84,86,87,88,90,91,93,95,97,98,100,101,103,104,106,109,110,114,116,117,119,121,122,123,124,126,127,128,131,133,134,136,139,141,142,143,144,145,146,147,148,150,152,153,156,158,160,161,163,164,165,166,167,168,169,174,175,176,177,181,183,184,185,188,189,190,194,195,198,199,201,202,204,205,206,208,209,210,211,215,216,217,219,222,223,226,227,228,230,234,235,236,239,240,242,245,247,248,249,250,252
18,256,260,261,20,21,22,23,24,25,28,30,31,32,33,36,38,41,42,43,44,46,49,52,53,55,59,60,62,68,69,75,76,80,83,84,89,91,92,93,95,96,97,98,99,105,106,109,111,112,114,118,120,122,124,125,126,127,133,134,137,138,141,142,143,145,147,148,149,150,152,153,155,160,161,163,165,166,167,168,169,172,174,177,178,181,182,184,186,187,188,189,190,193,195,196,197,198,199,203,209,212,215,216,218,219,220,223,225,228,232,233,234,236,239,240,242,243,244,245,247,248,251,253,255
19,259,261,20,22,24,26,27,31,33,34,38,39,40,42,43,44,46,47,51,53,54,57,58,61,62,63,64,65,67,69,71,72,73,74,75,76,77,78,80,81,82,85,88,89,92,93,96,97,99,102,104,105,106,107,108,112,113,114,115,117,119,120,122,124,125,126,127,128,133,134,135,138,140,141,146,151,153,154,155,157,159,163,164,165,166,167,171,172,173,175,176,179,181,183,184,185,187,188,191,193,194,195,201,203,205,206,208,211,213,215,217,221,223,224,225,229,231,233,236,237,239,240,243,245,246,247,250,251,253,255
20,259,261,21,23,25,26,27,28,32,33,41,43,47,48,50,52,53,55,56,59,62,65,66,69,70,71,72,73,74,75,79,81,83,84,85,87,88,91,93,95,97,98,102,103,105,106,107,109,111,120,122,123,130,132,133,136,141,142,146,152,153,155,156,157,158,160,167,173,175,176,177,180,181,182,185,188,189,193,196,199,202,203,205,206,208,215,222,225,230,231,232,233,234,237,240,241,246,247,249,250,251,254,255
21,260,22,23,24,25,26,27,29,30,31,34,36,37,38,41,42,43,46,50,51,57,60,61,62,64,65,66,68,77,79,81,82,84,85,86,87,89,91,95,98,99,102,107,108,110,114,115,118,119,120,121,124,125,126,128,129,131,135,137,140,142,145,147,148,153,154,156,157,159,160,162,163,165,172,175,176,185,189,192,193,195,197,199,201,203,204,208,212,215,218,219,224,225,226,229,230,233,237,240,241,244,245,248,249,250,251,254
22,257,24,25,27,31,38,39,41,42,44,46,49,51,53,54,56,59,62,65,67,68,72,75,77,78,79,80,83,84,85,86,88,90,91,92,97,101,104,105,106,107,108,114,122,123,125,127,128,129,131,132,133,142,144,148,149,151,152,156,157,158,162,163,164,167,168,170,172,173,175,176,177,178,179,181,182,194,195,197,199,201,202,206,207,208,210,216,221,222,223,229,230,231,238,241,242,243,245,247,248,250,252,253,254,255
23,256,257,25,26,30,31,33,34,35,37,42,44,48,49,52,53,54,58,60,61,63,66,68,69,70,72,75,76,77,78,79,80,81,83,84,85,86,91,96,100,101,103,104,105,106,108,109,110,122,126,127,129,130,131,135,136,138,141,143,145,146,147,149,151,153,157,158,162,261,165,168,169,171,175,179,181,182,183,186,188,191,192,193,194,198,200,202,203,205,206,210,212,213,215,217,218,219,221,224,225,227,228,230,234,237,240,243,248,249,251,255
24,258,260,27,29,31,33,35,36,37,39,43,47,48,50,51,52,53,55,56,57,58,59,62,63,64,66,67,68,69,73,74,75,76,77,78,82,87,88,91,93,94,99,102,104,107,109,110,111,113,116,118,120,124,126,127,128,129,131,133,134,135,136,139,140,143,147,148,150,151,152,156,157,159,160,163,164,165,166,167,171,172,174,175,176,177,181,187,188,189,190,200,203,204,207,209,211,212,213,214,217,219,224,227,228,229,232,233,236,237,244,247,253
25,256,260,26,34,37,43,44,46,48,50,52,53,54,55,57,59,63,69,71,72,73,79,82,83,84,85,87,88,89,90,95,98,99,100,101,103,104,106,107,109,111,112,113,115,118,120,122,128,130,131,132,133,134,137,139,143,144,145,148,150,151,155,156,158,161,164,165,166,167,168,170,171,173,174,175,176,178,181,182,184,186,187,188,189,194,195,196,199,203,204,205,206,208,209,214,217,221,222,223,224,227,228,234,236,237,239,242,245,247,251,252
26,256,261,27,28,30,31,32,34,35,36,38,39,41,42,44,45,46,48,49,50,53,54,57,58,62,63,67,70,71,75,83,86,88,90,93,95,96,98,100,101,103,259,105,106,108,110,112,114,117,119,120,129,130,131,134,135,138,139,141,142,144,148,149,151,155,156,157,159,162,166,170,171,174,178,182,187,190,193,195,198,201,202,206,208,209,212,216,217,220,223,224,226,228,229,230,231,232,234,238,239,240,241,243,244,248,251
27,261,28,30,32,33,34,36,38,39,40,41,45,46,51,52,53,55,56,63,66,67,68,70,71,73,76,77,78,80,81,87,88,90,93,94,98,101,103,104,105,106,107,109,110,113,115,117,119,121,123,124,125,126,127,129,133,135,136,139,141,144,146,147,149,150,151,153,154,156,157,158,159,164,165,166,167,170,172,173,175,177,178,180,183,186,187,188,189,191,192,193,194,195,196,198,199,200,203,204,205,207,208,209,210,211,215,216,218,219,221,223,229,230,259,233,235,237,242,243,245,247,248,250,251,254
28,257,30,31,34,35,37,42,43,44,47,50,51,52,53,54,55,56,59,62,64,65,66,69,71,72,75,77,78,81,83,85,86,90,93,94,98,100,103,104,105,112,115,116,119,123,124,125,127,129,130,131,132,133,136,137,138,140,142,144,145,149,150,155,156,157,158,160,162,163,164,165,167,168,169,170,171,172,175,179,186,189,191,196,197,198,199,200,201,203,208,209,210,211,215,216,219,222,223,226,227,228,229,230,235,236,237,238,239,246,247,249,250,253
29,256,260,261,33,38,44,45,46,48,50,55,60,61,64,66,68,70,72,73,74,79,80,81,85,87,88,89,90,94,95,98,104,106,107,108,109,111,258,117,118,121,122,123,127,128,129,132,133,135,140,144,145,147,148,149,150,151,156,158,160,161,163,164,166,168,171,177,179,180,181,185,190,191,192,193,195,196,197,198,201,203,204,205,207,209,211,213,216,218,220,225,226,228,229,231,232,233,236,238,239,243,244,245,246,247,249,252
30,256,259,31,33,35,36,38,39,40,44,46,48,49,50,51,53,56,59,60,61,62,63,69,72,73,77,80,81,86,87,90,91,92,94,96,97,98,100,101,104,107,108,112,113,115,117,121,122,124,125,128,130,131,132,134,135,136,137,138,139,141,143,144,149,150,151,153,154,155,157,158,160,162,163,166,168,171,172,173,174,175,179,181,182,183,184,185,186,187,189,191,192,195,196,197,198,199,200,202,208,209,218,220,257,222,223,224,225,228,229,230,231,235,237,238,240,241,245,246,248,249,251,252,254,255
31,261,32,33,34,35,37,38,39,40,43,257,259,47,48,49,51,52,53,55,62,65,68,69,70,71,72,76,77,80,81,84,87,92,93,95,96,98,101,102,103,104,105,110,113,114,115,119,120,121,124,131,132,134,136,137,138,142,144,146,148,149,152,153,155,156,157,159,160,162,163,165,167,168,173,175,177,179,181,182,183,185,189,193,196,197,199,203,207,210,211,215,216,219,223,225,229,232,233,234,236,238,239,241,244,247,249,252,253,254,255
32,261,34,35,36,39,41,43,44,45,46,49,50,53,54,55,56,58,60,62,64,67,68,71,74,77,79,83,88,90,92,96,97,98,99,100,101,103,105,106,109,110,115,117,118,120,121,123,124,127,128,130,134,136,137,138,140,142,144,147,150,151,152,153,154,157,159,161,162,163,164,167,170,171,173,174,175,180,187,188,189,191,192,194,195,197,202,206,208,209,210,211,213,214,215,218,220,257,224,228,229,232,233,236,240,241,242,243,244,245,246,247,251,252,253,254,255
33,261,258,34,35,37,39,40,41,42,43,46,52,53,55,58,59,64,65,66,67,70,72,75,79,85,86,90,91,92,93,94,96,98,101,103,106,107,108,109,112,113,114,115,117,118,119,122,124,125,126,127,128,131,132,134,136,139,142,143,146,147,148,152,155,157,158,159,162,165,168,170,172,175,176,179,184,187,190,191,192,193,195,197,198,200,202,203,204,206,210,211,212,216,217,220,222,227,229,231,232,236,238,239,243,244,246,247,248,249,251,252,253,254,255
34,260,35,36,39,43,259,49,50,54,55,58,59,61,63,65,67,68,71,73,75,79,81,82,88,92,93,94,97,98,99,100,103,104,106,110,111,114,117,121,123,129,133,135,136,148,149,151,152,154,160,161,164,165,171,173,177,178,180,182,185,186,187,190,191,196,198,199,201,203,205,207,208,210,211,214,217,219,221,226,227,228,232,234,235,236,242,243,244,247,248,249,251,252,253
35,257,258,36,37,38,42,44,45,46,47,48,49,51,52,55,57,59,60,61,65,67,69,71,74,75,76,77,79,80,81,86,87,89,94,95,99,103,105,108,110,111,112,121,122,128,138,140,142,143,150,151,156,159,160,161,162,163,165,166,167,170,173,175,176,178,179,182,192,195,196,197,199,201,202,203,204,206,209,210,211,215,218,221,222,223,224,226,227,230,231,233,235,237,238,241,242,244,245,249,252,253
36,256,257,259,260,261,37,38,41,42,45,48,53,55,56,57,58,59,62,63,65,67,72,258,75,76,77,78,79,80,81,83,84,86,87,89,90,92,93,94,95,98,99,102,103,107,110,111,113,117,118,119,120,121,122,123,125,126,131,132,134,139,140,143,144,145,146,149,151,152,155,156,158,160,161,162,166,167,168,172,174,175,178,179,180,182,188,189,194,198,201,203,207,209,211,212,213,216,217,218,222,223,228,231,232,233,234,241,246,247,248,249,250,252,255
37,257,258,38,39,41,44,46,47,52,261,54,55,58,59,64,65,68,72,73,76,77,79,80,82,83,84,85,88,92,95,96,98,99,104,105,107,110,112,114,117,119,120,123,124,125,129,132,133,134,135,137,141,143,145,147,149,151,153,154,160,163,164,165,166,168,169,170,175,176,180,182,185,186,191,193,198,199,201,205,208,212,219,220,221,223,225,226,228,229,235,236,237,239,241,242,243,244,246,247,251,252,254
38,256,258,39,40,257,45,46,48,53,54,56,58,60,62,64,65,68,71,74,79,80,84,86,89,94,99,101,103,259,105,106,108,111,116,117,120,121,124,126,127,129,130,131,132,133,134,135,139,141,144,147,149,150,151,155,156,157,160,161,162,261,165,167,168,169,172,173,174,177,178,180,181,185,186,187,188,192,196,197,198,200,203,204,206,208,209,211,212,214,215,220,229,230,231,233,234,235,237,238,246,247,251,252,254,255
39,259,40,257,42,43,44,45,46,48,49,50,55,56,58,62,64,65,66,69,71,73,75,76,77,78,79,81,82,83,86,87,88,89,91,92,95,96,98,100,108,109,112,116,118,119,120,122,123,125,126,129,131,132,137,139,142,143,145,146,149,151,155,156,158,164,169,170,174,176,178,179,180,186,192,193,195,197,200,202,204,205,208,209,211,214,216,217,218,221,223,224,226,227,228,232,233,234,235,236,237,243,246,249,251,253
40,257,259,260,41,44,48,50,51,52,53,54,56,59,62,64,65,69,72,73,75,76,80,82,83,85,87,90,91,101,102,103,104,107,108,111,112,116,118,121,123,124,127,128,130,135,137,139,140,145,146,147,149,150,151,152,154,158,159,161,163,261,166,168,172,176,178,179,182,183,184,186,189,192,194,195,197,199,201,206,207,208,213,216,218,219,225,226,228,229,230,231,233,234,237,246,250,252,253
41,256,259,261,42,43,44,46,47,48,50,51,52,53,56,57,59,60,62,64,65,71,72,73,77,79,257,83,85,86,88,90,93,94,95,98,99,101,102,104,107,111,114,117,118,119,120,121,123,126,127,128,131,132,133,135,139,140,142,145,146,147,148,150,151,152,153,155,161,163,164,165,166,167,169,170,172,173,179,180,181,184,185,186,190,191,192,193,194,195,196,197,198,204,205,206,210,212,213,216,217,218,220,221,223,225,228,229,230,231,232,235,239,244,246,251,253
42,256,258,259,260,261,43,44,47,48,49,52,54,55,58,59,60,61,66,67,68,69,70,74,77,80,82,88,89,96,99,101,102,105,107,110,111,115,116,117,120,121,123,125,127,128,131,132,134,135,138,139,141,145,146,152,154,155,159,161,162,164,166,174,176,178,179,180,181,183,184,185,186,187,188,189,190,195,200,203,204,205,209,211,212,213,214,215,216,217,220,221,222,223,224,225,226,227,229,230,231,232,236,238,240,241,242,248,249,254,255
43,259,260,261,44,46,47,48,49,50,52,53,55,56,57,58,62,65,67,68,69,71,72,73,78,79,82,83,84,88,89,94,95,97,98,101,103,104,105,110,113,114,117,118,120,121,122,123,124,125,128,129,130,132,137,138,139,141,144,146,153,159,162,163,164,165,166,167,168,173,174,175,178,180,184,186,187,190,191,194,195,197,198,199,201,203,205,206,207,209,210,220,221,222,224,226,230,231,233,234,235,236,238,241,248,250,254
44,256,259,261,46,51,52,53,54,56,60,61,62,65,66,68,69,73,258,75,76,79,86,88,89,90,91,94,96,101,102,103,104,105,106,107,108,112,113,114,115,117,118,120,122,124,125,129,132,135,136,138,140,141,142,143,144,146,147,150,151,152,153,154,157,160,162,164,165,166,167,168,169,173,174,175,178,179,181,182,183,184,186,189,190,194,197,198,200,201,203,204,205,207,210,212,216,219,222,223,226,227,229,230,231,245,246,247,250,252,255
45,259,257,258,256,46,47,48,51,52,55,58,59,64,65,67,69,70,71,72,73,75,77,78,79,80,83,84,87,88,91,92,93,94,96,97,100,104,107,109,111,112,115,116,117,118,121,122,123,124,127,128,129,130,131,134,135,137,139,140,141,142,143,144,146,148,149,150,154,155,157,161,162,163,166,167,168,169,174,179,180,184,185,187,189,191,193,195,196,199,200,201,203,204,205,208,210,211,212,214,218,219,224,227,228,230,231,232,233,234,237,239,241,243,244,248,251,252,255
46,258,259,257,261,49,50,53,54,55,61,65,67,69,73,74,76,78,80,81,82,84,85,87,88,89,92,93,94,95,96,99,103,104,108,109,110,112,113,115,117,118,119,120,122,124,126,130,132,135,139,142,143,144,149,151,152,153,154,155,156,157,159,161,163,166,172,174,176,179,180,182,184,186,187,188,190,191,192,197,199,201,202,203,205,210,211,214,218,219,221,224,225,226,227,229,230,233,234,236,237,239,240,242,243,244,245,247,249,250,251,252,254
47,257,259,261,48,49,50,51,55,58,59,61,62,63,66,69,73,75,76,82,85,86,91,101,102,103,105,106,109,111,112,113,117,118,119,120,121,122,123,126,127,128,132,133,134,136,137,138,139,140,142,143,144,145,147,148,149,150,151,152,153,159,160,162,164,165,166,170,172,173,174,175,179,180,185,186,187,188,191,194,196,197,199,201,202,203,204,205,206,209,210,212,214,218,219,220,221,225,226,233,234,235,236,240,241,244,245,249,253,254
48,259,261,257,51,54,56,62,69,71,72,77,84,90,92,93,94,95,96,97,98,99,102,105,107,108,109,110,112,119,120,121,123,125,126,132,134,136,138,143,144,148,149,151,152,154,158,159,161,162,163,164,165,167,168,169,173,174,176,177,178,181,183,184,185,187,193,197,198,200,202,205,206,208,209,212,213,214,215,217,219,220,221,224,226,231,233,235,236,237,241,242,243,244,246,247,249,252,253
49,261,52,53,54,56,57,58,65,66,67,69,72,75,77,79,81,83,84,85,86,91,93,94,95,96,100,103,104,105,106,107,108,116,117,119,121,122,123,125,126,128,129,132,133,135,136,137,140,143,145,146,147,148,149,151,152,153,154,156,158,163,166,168,170,172,179,181,182,185,186,187,188,189,191,195,196,197,200,201,202,204,205,206,211,213,216,221,222,224,225,227,230,232,234,235,236,237,239,240,243,244,251,252,255
50,256,53,58,60,61,62,63,64,66,67,69,71,73,258,75,76,78,83,84,86,88,90,91,97,98,99,101,103,104,106,107,109,110,111,112,113,115,118,121,122,125,127,129,131,132,134,135,136,141,142,144,147,149,150,152,153,156,157,163,164,165,166,168,170,171,172,175,176,177,179,182,184,186,188,189,193,194,195,196,199,200,208,210,212,213,214,216,218,219,220,223,224,226,227,229,230,231,232,233,234,235,236,237,243,251,252,253
51,257,261,258,57,59,62,66,67,70,71,73,74,75,76,78,79,80,81,86,87,89,90,92,94,95,96,98,99,100,105,109,115,116,117,123,124,125,135,136,139,141,143,144,146,148,153,154,157,160,161,168,169,172,173,174,176,177,182,183,186,189,190,193,195,199,202,204,210,212,213,217,220,222,226,231,232,233,234,236,238,240,241,246,249,253
52,259,256,53,54,57,58,60,61,62,63,64,66,67,68,69,70,73,74,75,80,81,82,83,85,86,87,93,95,96,99,101,103,104,106,112,113,115,117,118,120,121,122,126,127,129,130,132,133,260,135,140,141,142,144,146,147,149,151,153,155,157,158,159,162,163,261,165,166,167,170,171,175,182,183,187,188,190,193,195,198,202,209,210,211,213,215,216,217,218,219,221,226,227,230,231,233,235,236,238,241,242,243,244,245,247,249,250,251,252,254,255
53,256,257,261,258,57,58,59,62,63,65,66,68,70,72,75,76,77,79,80,82,83,85,87,88,91,97,99,101,104,106,107,109,112,115,118,122,123,125,126,130,131,133,260,135,138,139,143,145,149,151,152,153,154,155,160,167,168,171,172,173,174,175,176,178,179,182,183,184,185,186,187,189,191,193,195,196,198,201,202,203,204,205,209,210,211,215,217,218,220,221,225,227,230,231,236,239,240,243,245,246,249,252
54,260,57,61,65,66,68,69,70,71,73,76,77,79,80,81,84,85,86,89,91,92,93,94,96,102,103,104,105,108,109,110,111,112,114,116,122,123,127,128,131,132,134,135,136,137,138,139,141,142,143,144,145,148,149,154,155,159,160,162,164,168,169,172,173,174,175,178,180,181,183,186,192,193,195,196,197,198,199,200,202,203,207,210,213,214,215,216,217,257,222,225,228,229,230,231,233,237,241,242,243,251,255
55,258,260,256,62,64,67,68,69,71,73,77,78,80,81,82,86,87,88,91,94,96,97,98,99,100,102,103,105,106,107,109,111,112,113,116,117,119,120,124,125,127,128,129,130,132,134,140,143,144,147,148,149,151,152,157,158,161,162,164,165,168,169,170,172,173,174,178,179,180,182,184,185,186,187,188,189,190,194,196,197,201,202,203,204,205,206,209,210,211,213,214,215,218,219,221,222,223,225,227,230,232,234,236,238,240,243,244,247,249,250,251,255
56,257,57,58,60,64,68,69,71,72,74,76,77,78,80,81,82,84,85,86,88,92,94,97,98,99,100,101,104,105,106,107,108,109,113,115,117,119,121,122,123,124,127,129,130,131,132,134,136,137,141,142,144,146,147,150,151,152,153,154,156,158,159,160,165,168,171,173,175,176,177,182,183,189,190,191,192,193,194,195,196,197,198,199,203,204,206,207,209,210,211,214,215,217,218,219,220,223,228,231,237,238,239,240,244,245,246,247,248,252,253
57,256,260,261,60,61,62,68,70,71,72,73,74,75,76,77,79,80,81,82,87,91,92,93,94,95,97,98,103,105,106,107,108,109,112,113,258,116,121,124,129,133,134,136,137,138,142,143,144,145,146,149,150,154,157,159,160,162,164,167,169,171,172,176,179,180,186,188,189,191,194,201,202,204,207,213,215,220,221,222,224,225,226,227,228,229,230,232,234,236,238,239,240,244,245,251,253,254
58,256,257,59,62,67,70,71,76,77,79,80,86,87,94,95,96,97,99,101,103,104,105,106,107,109,110,112,115,119,120,121,123,124,127,129,133,135,140,141,142,144,145,149,150,152,153,155,159,161,162,165,166,167,169,170,171,173,174,176,177,178,180,181,183,184,185,187,188,190,198,201,202,203,205,206,207,208,211,214,217,220,221,224,226,231,234,235,236,238,240,241,243,246,249,250,252,255
59,256,259,260,257,60,63,64,69,73,75,77,78,79,81,87,89,90,91,92,94,96,100,102,103,106,110,111,112,114,116,118,119,120,122,127,128,133,134,135,136,139,143,144,145,146,154,155,157,158,160,161,162,165,169,171,172,174,175,178,181,182,187,189,191,192,193,194,195,196,197,198,200,201,202,203,204,205,207,212,213,214,215,216,219,220,222,223,226,227,229,232,234,235,240,242,243,246,249,250,253,254,255
60,256,260,258,259,63,64,69,70,72,77,79,80,81,82,83,87,90,91,94,95,96,98,101,104,105,106,107,109,111,115,116,118,121,122,123,125,127,128,131,133,134,135,136,137,141,146,148,149,150,152,156,158,159,161,163,165,168,169,170,175,177,178,180,181,183,184,187,189,190,191,192,194,195,196,197,198,200,201,205,206,208,209,212,213,214,215,219,220,257,223,227,228,229,231,232,233,234,236,240,242,245,246,247,248,249,250,251,255
61,259,261,257,260,62,64,65,66,68,69,71,72,73,74,76,79,83,85,87,88,92,93,97,98,99,100,101,103,105,106,107,111,113,115,116,117,118,120,122,127,133,137,138,143,145,149,152,153,154,156,157,160,163,164,166,169,171,172,175,177,179,180,182,184,185,188,191,256,193,195,199,200,202,205,208,209,211,212,219,225,226,227,229,236,237,238,240,241,243,245,246,247,248,253,254,255
62,256,258,63,64,68,69,70,71,73,74,75,76,77,80,82,83,84,85,87,88,89,91,92,93,95,96,100,101,102,259,107,111,114,117,118,119,124,125,128,129,130,132,134,136,137,138,142,143,144,145,147,149,150,155,156,157,159,160,161,162,164,165,166,171,173,174,175,176,177,178,180,257,186,187,190,191,193,195,198,200,201,202,203,205,206,207,208,211,212,215,218,220,221,222,223,228,230,231,233,236,238,239,242,243,245,246,247,248,249,251,252,253
63,257,259,64,69,72,73,76,79,81,83,85,86,87,89,91,92,95,96,97,98,105,107,109,111,112,117,122,123,124,127,128,129,130,133,260,136,137,138,139,140,141,143,145,146,150,151,152,154,156,157,159,160,165,169,173,176,182,183,184,187,192,197,199,201,202,203,207,208,212,213,214,219,225,227,228,230,231,234,235,237,238,241,243,244,249,254
64,256,259,261,260,65,66,67,68,69,70,71,72,73,74,76,79,83,84,86,91,93,95,97,98,100,101,107,108,110,112,113,119,121,123,125,127,129,130,132,133,134,135,136,137,140,142,143,145,152,153,156,159,160,161,164,165,167,168,170,171,173,174,176,183,184,185,187,189,190,191,192,196,202,207,209,210,211,212,213,217,218,219,220,221,226,229,232,233,234,235,242,244,245,250,252,253,254
65,257,258,261,66,68,256,75,76,78,79,82,85,88,89,90,92,93,94,95,96,97,98,100,101,102,259,107,108,109,110,112,113,115,120,122,123,125,126,127,128,130,131,132,133,136,137,140,141,143,149,150,151,152,153,154,156,157,158,159,160,161,162,164,165,168,170,172,179,181,184,185,186,187,189,190,191,194,195,197,198,199,204,208,211,214,215,216,217,218,221,222,226,228,230,236,237,238,239,242,243,246,247,249,250,253
66,256,261,68,69,76,78,79,80,86,88,90,91,92,93,95,97,99,101,103,104,108,110,112,113,114,115,116,117,119,121,126,129,131,132,134,135,137,138,139,141,142,144,145,146,147,150,152,155,156,159,162,164,165,167,168,169,171,175,176,177,183,185,186,188,189,191,193,195,197,198,199,202,203,205,206,207,208,209,210,211,213,215,216,217,218,225,228,229,231,232,233,234,236,240,252,253,254,255
67,256,259,260,69,70,71,258,80,81,82,84,87,88,92,93,95,97,98,102,103,106,107,109,112,115,116,117,118,120,121,123,124,126,127,128,132,134,136,142,143,144,147,148,150,152,153,154,159,165,167,168,172,173,174,176,177,178,181,184,186,187,188,189,192,194,196,197,199,202,207,208,209,211,213,214,215,216,220,221,225,230,231,237,239,240,241,244,246,247,248,250,253
68,260,70,73,76,77,78,80,81,83,88,89,93,94,95,96,97,98,99,102,105,106,109,110,111,116,117,118,121,122,125,126,129,130,136,142,143,144,146,147,149,151,154,156,157,158,161,163,164,168,169,170,173,174,176,178,180,181,182,183,187,189,190,192,195,198,206,209,210,212,213,215,217,219,221,223,224,227,233,234,236,237,240,242,244,245,249,251,252,254
69,256,70,71,74,75,76,77,81,84,90,91,94,96,97,100,106,107,110,111,113,114,258,116,117,119,120,121,123,127,128,137,139,140,142,144,145,146,148,154,155,156,158,159,160,161,166,167,171,173,175,176,177,182,187,191,192,193,195,198,199,200,203,204,206,207,211,212,219,222,223,224,225,226,228,230,231,232,235,237,239,240,241,242,243,244,245,248,250
70,261,259,260,73,74,81,82,83,84,85,91,92,94,99,100,101,102,103,105,107,111,114,258,117,123,125,127,129,131,140,141,143,145,146,148,149,154,158,160,161,162,163,164,166,171,173,176,178,179,180,182,184,185,187,189,190,193,194,200,201,206,208,214,215,217,221,222,223,225,230,232,234,241,243,246,249,250,252
71,72,73,77,79,82,85,86,87,90,91,92,93,100,103,104,106,109,110,116,117,121,122,123,126,129,130,133,134,135,143,144,147,148,149,153,154,156,158,160,161,166,169,170,172,175,179,182,186,188,189,193,194,195,196,197,198,199,201,202,204,207,208,209,212,213,215,216,218,220,223,224,226,228,230,231,233,234,237,238,240,243,244,246,248,249,251,252,254
72,258,257,75,76,77,80,82,85,88,91,92,93,94,96,98,100,104,105,106,107,109,110,111,114,115,120,123,124,125,127,129,131,133,134,135,137,138,140,141,145,146,148,149,152,153,155,158,159,160,163,165,166,168,169,173,174,178,181,184,185,186,187,188,192,193,194,197,198,200,202,207,208,210,211,216,217,221,223,225,226,228,230,233,235,238,239,240,242,243,245,248,253
73,256,257,74,76,77,79,82,86,90,93,94,97,98,99,101,103,259,105,106,109,110,112,119,120,121,124,125,126,127,130,131,135,137,139,141,144,147,150,152,153,158,161,163,167,168,170,172,173,175,176,178,180,181,186,188,189,190,192,194,196,201,202,208,209,210,212,214,216,218,219,221,226,227,232,234,239,241,245,246,249,251,252
74,256,259,260,261,78,80,81,83,84,85,91,92,93,94,96,100,101,102,103,105,106,107,109,110,114,115,119,121,122,123,124,125,130,131,135,141,144,146,147,148,150,152,154,155,156,159,162,163,169,172,174,175,176,178,181,182,183,184,185,187,188,190,191,192,194,198,200,201,203,206,208,210,211,212,213,215,217,218,220,224,226,227,228,229,230,231,232,235,239,242,243,246,247,249,250,252
75,257,258,259,260,76,80,81,84,85,88,90,92,93,99,101,104,105,106,108,109,114,115,116,117,118,121,126,129,133,135,137,138,139,140,142,144,145,151,153,161,164,166,167,169,170,172,173,181,182,183,186,187,190,192,194,195,196,197,198,199,202,203,206,207,209,218,219,220,224,228,229,230,234,236,239,240,244,248,252,253,254,255
76,258,261,257,79,81,85,87,88,89,91,92,93,97,99,100,101,107,109,111,112,115,116,122,124,128,129,131,132,133,138,139,140,141,143,144,145,148,149,150,155,157,159,161,167,168,171,174,176,178,181,184,185,189,190,191,194,198,199,200,204,205,209,212,213,215,220,222,223,224,226,227,230,233,235,236,237,238,239,247,248,249,250,252,253,254
77,256,260,257,258,79,83,84,85,86,87,88,92,93,95,97,102,103,109,110,111,113,116,117,121,128,130,132,133,138,139,142,146,147,148,151,152,153,154,158,160,161,162,166,167,168,172,173,177,181,183,184,186,187,188,191,194,198,201,202,203,204,207,209,212,214,215,216,217,218,219,220,222,224,225,226,231,232,233,234,235,236,241,242,244,245,252,255
78,261,80,81,83,85,86,87,88,89,90,92,93,94,96,97,98,99,102,104,105,106,107,111,112,118,119,121,122,124,129,130,131,133,136,139,142,143,145,147,148,150,152,153,154,155,157,159,160,161,163,165,166,168,169,170,172,174,175,176,177,178,181,182,183,185,187,190,193,196,197,198,199,200,202,203,205,206,208,209,219,221,222,225,226,228,231,232,234,236,237,238,240,241,243,248,251,254,255
79,257,80,81,83,85,87,89,91,92,93,94,96,97,99,100,102,103,104,106,107,110,111,116,118,124,127,128,130,131,133,134,135,136,138,142,143,144,146,148,149,150,151,152,153,155,156,158,159,160,162,165,167,169,171,174,177,179,180,183,184,186,188,189,190,191,193,196,197,198,200,212,217,220,221,222,224,226,227,228,230,231,235,236,237,238,240,243,245,246,248,251,252,253,255
80,256,258,260,261,82,83,84,85,88,89,90,91,93,96,101,105,106,108,115,117,118,120,121,123,124,126,128,131,132,135,139,140,141,142,143,144,145,148,155,156,158,165,171,172,175,176,181,182,185,186,187,190,192,193,197,198,199,200,205,206,212,216,217,219,221,222,224,227,230,232,239,242,244,247,253,254
81,261,257,82,83,84,85,86,88,89,91,95,97,98,99,100,101,102,104,105,106,107,108,110,114,115,117,119,120,121,123,125,126,133,140,141,144,145,147,149,150,151,154,155,156,159,162,163,165,167,170,171,172,175,176,178,179,180,184,185,188,189,191,192,195,196,202,205,206,210,214,217,220,223,229,233,237,238,240,241,243,244,245,255
82,256,258,261,84,87,88,89,91,93,95,96,97,98,99,101,102,103,105,107,108,110,117,118,120,121,122,123,124,125,126,128,129,131,132,135,137,138,140,141,142,147,150,151,153,156,158,164,167,169,172,174,175,176,182,183,184,188,190,191,192,196,198,201,203,204,207,209,210,212,215,216,218,219,220,221,226,227,228,229,233,235,236,238,239,243,247,249,251,253,254
83,257,258,259,84,85,86,87,89,91,92,98,101,102,104,106,107,108,110,112,114,116,117,119,120,121,122,123,125,127,130,132,135,136,138,139,140,143,145,150,151,153,157,158,159,161,162,164,165,169,174,175,176,182,183,184,185,188,191,192,195,196,199,201,203,205,206,210,212,214,215,216,220,222,224,231,233,236,237,238,240,243,245,246,249,250,251,252,253,254,255
84,261,259,257,86,87,88,93,95,96,98,101,105,108,109,112,113,119,121,123,127,128,129,131,133,134,135,137,138,142,143,145,146,147,150,152,153,156,159,160,162,167,169,173,174,176,178,183,185,190,191,192,193,194,196,197,199,201,202,207,208,209,210,211,212,213,215,218,220,221,222,229,233,234,235,236,237,240,241,243,244,245,246,248,249,250,251,252
85,258,260,257,88,91,92,93,94,95,96,97,100,101,107,108,111,114,115,118,120,124,126,129,130,132,137,139,145,146,147,149,150,157,158,161,163,164,165,167,174,177,178,179,180,183,186,187,188,193,196,197,199,201,202,203,208,209,210,217,218,224,225,226,230,232,234,235,236,241,242,245,246,248,250,251,254
86,256,259,257,90,91,92,96,101,102,104,106,109,111,114,116,121,122,124,125,126,128,129,134,137,138,139,146,147,148,150,153,155,156,158,160,163,164,166,169,170,173,182,184,185,189,190,193,194,197,198,199,202,205,206,207,209,212,217,219,221,222,223,225,227,228,229,230,231,233,234,236,239,240,241,242,245,246,249,250,251,253,254,255
87,261,257,256,259,88,89,93,94,97,98,102,103,106,110,115,117,118,123,124,125,127,128,129,130,133,134,136,137,140,146,148,151,152,155,161,164,165,169,171,172,175,177,180,184,188,189,190,192,194,196,199,200,206,207,210,213,216,219,220,227,230,231,232,233,235,237,238,239,242,245,246,250,255
88,259,258,89,90,91,93,94,97,98,100,101,102,104,107,108,109,111,115,116,117,118,119,120,121,122,124,125,127,130,131,132,134,138,139,140,143,144,145,147,149,152,155,156,160,162,163,164,166,169,174,178,181,182,185,188,191,192,199,200,202,203,205,206,210,211,214,215,216,218,219,220,221,225,227,228,232,234,235,239,240,241,245,247,252,253,254,255
89,261,257,256,91,94,95,98,100,102,103,106,107,108,109,111,112,114,116,118,119,120,121,126,127,129,130,131,133,135,136,139,142,143,145,146,147,150,152,154,156,157,159,160,162,164,168,170,173,174,179,180,182,183,184,185,188,189,190,192,193,194,198,199,201,202,203,206,207,208,210,211,216,217,218,219,221,222,224,225,228,229,230,234,236,238,242,243,245,246,248,249,250,252,254
90,257,258,259,261,91,96,97,99,105,110,112,114,115,116,117,118,120,123,124,130,134,138,141,143,145,148,149,150,151,152,153,156,260,161,162,163,166,168,171,172,174,177,179,180,183,188,190,191,196,197,198,207,209,211,213,215,218,220,221,227,228,230,234,237,238,239,242,243,244,246,247,250,251,255
91,256,259,92,93,94,96,100,101,102,103,106,107,108,109,110,111,112,119,123,125,130,135,136,137,138,139,140,141,144,146,147,150,153,154,155,158,160,162,163,164,167,168,169,170,175,178,179,180,183,186,187,188,189,190,191,193,194,196,197,201,207,209,212,213,214,215,218,221,222,223,225,228,230,231,238,240,243,245,246,250,253,255
92,257,94,98,99,104,105,106,107,113,115,116,117,118,123,126,129,131,132,133,135,139,143,144,146,147,148,150,154,155,158,161,163,165,173,174,175,176,181,182,188,189,190,192,194,197,199,200,201,203,208,210,212,214,215,216,217,218,219,226,229,259,232,233,234,235,236,237,238,239,240,241,243,247,249,250,253
93,260,95,96,102,104,106,107,108,112,117,119,123,124,125,128,129,130,134,135,138,140,141,142,145,146,148,149,150,152,153,157,158,159,161,162,163,166,167,169,173,177,182,184,185,186,187,189,190,191,196,197,199,200,204,206,208,212,213,215,216,217,220,222,224,225,230,231,234,236,239,240,241,243,244,246,247,249,251,252,253,254
94,256,257,259,261,96,97,98,99,101,102,106,112,113,114,117,118,120,121,125,126,128,129,133,134,136,138,139,142,148,155,156,159,160,161,162,163,167,171,172,174,176,177,178,179,181,182,184,185,187,188,189,192,197,202,207,209,210,213,214,215,222,224,226,227,228,229,230,233,238,240,241,242,243,244,248,250,251
95,256,258,260,99,102,103,104,107,109,111,112,116,117,118,119,121,122,124,125,126,128,129,130,133,137,138,141,142,144,145,146,148,149,150,151,152,156,158,159,161,261,166,169,171,173,177,179,180,188,191,193,195,197,200,201,203,206,207,210,215,218,220,222,226,227,228,229,232,233,234,236,237,242,246,247,248,249,252,253
96,260,258,97,100,104,105,106,109,111,117,118,119,120,122,124,128,129,134,141,142,145,150,156,158,159,161,164,165,166,167,168,169,170,171,172,173,174,175,176,178,181,182,183,184,187,188,189,192,195,196,199,200,204,205,207,208,210,214,215,220,221,222,228,229,230,231,234,235,242,243,246,247,250,251,252,253,255
97,257,258,260,99,100,101,259,105,106,110,114,117,118,119,120,122,127,128,129,131,132,134,136,137,138,139,143,148,149,151,152,154,156,158,159,160,161,162,163,166,167,168,169,171,174,176,182,184,187,188,192,194,196,199,203,204,205,206,207,209,210,211,212,216,221,222,223,224,225,227,234,237,239,240,241,243,244,248,249,250,251,253
98,256,258,261,257,259,102,104,105,108,114,115,117,120,121,122,123,124,125,126,127,134,143,144,145,147,148,149,150,153,155,162,163,164,170,171,177,178,182,186,188,190,195,196,198,200,201,203,204,205,212,216,220,222,223,225,226,228,231,232,235,239,240,242,243,244,246,247,251,252,253,254
99,256,259,261,257,258,100,101,102,108,111,112,113,114,115,117,118,122,125,129,132,133,134,135,136,137,139,140,142,146,147,149,150,152,154,155,157,161,162,166,171,172,178,180,182,183,185,186,187,190,191,202,207,208,209,210,211,213,214,216,220,223,225,226,228,229,231,232,233,239,241,242,244,246,247,248,249,252,253,254
100,256,260,257,102,107,109,112,115,119,120,121,124,127,130,136,138,139,140,141,142,144,147,148,149,155,160,161,164,165,166,167,169,171,172,173,175,176,180,185,186,188,189,197,198,199,200,201,202,204,205,209,210,212,213,216,218,219,220,223,224,226,229,233,234,235,236,237,240,241,243,244,246,249,252,253,254,255
101,259,257,256,104,106,107,108,110,258,117,119,120,121,123,125,128,130,133,134,135,136,142,143,144,145,149,151,153,155,156,161,162,163,166,170,171,173,175,177,181,182,183,185,187,188,189,190,194,195,196,198,201,202,203,204,207,208,210,211,213,214,217,218,222,223,224,225,226,227,229,233,235,237,238,240,242,244,245,246,247,255
102,257,260,105,106,107,108,109,115,117,126,129,131,132,134,136,137,138,139,150,152,153,155,156,157,158,160,162,163,261,165,166,168,170,171,173,175,176,180,181,182,184,185,186,187,190,192,193,196,197,198,200,205,208,209,211,212,213,217,218,219,221,222,226,227,231,233,235,237,238,240,241,242,245,247,248,249,254
103,259,257,105,106,107,111,113,115,118,124,129,132,133,260,135,136,137,140,141,142,147,151,152,154,156,157,158,160,163,166,171,172,173,174,175,176,178,179,182,184,187,188,189,190,191,192,193,194,195,204,206,208,209,211,213,215,217,219,220,221,222,223,225,229,231,233,235,236,240,241,242,245,247,248,249,250,252,253,255
104,256,260,261,257,258,111,113,117,118,119,122,123,126,128,133,135,137,138,140,141,143,145,146,147,148,149,153,156,161,162,166,169,170,175,176,178,179,180,182,184,188,189,190,194,198,200,203,205,206,209,212,215,217,219,220,222,223,224,228,229,231,233,236,239,240,241,246,247,248,249,253,254
105,257,259,107,108,109,111,112,113,116,119,126,129,130,131,132,134,135,141,143,144,147,148,149,150,151,152,153,154,157,159,160,162,163,164,167,169,170,173,174,175,178,179,180,181,182,184,185,186,188,189,190,191,192,193,194,196,197,201,204,205,208,209,212,217,218,219,220,223,227,230,231,232,233,234,237,238,239,240,244,246,254,255
106,256,258,257,109,110,116,117,118,120,121,122,125,128,133,137,139,142,143,145,147,149,150,151,153,154,156,160,161,162,166,167,168,170,172,174,175,177,178,181,185,186,188,195,200,203,206,210,211,215,219,221,222,224,228,229,230,233,235,236,237,241,242,243,245,251,253
107,257,256,109,110,113,115,117,121,122,123,129,131,133,134,136,137,140,142,145,146,148,149,151,152,153,154,157,159,160,162,163,164,168,169,171,173,176,180,185,186,194,195,202,206,207,209,211,212,213,214,215,216,219,222,227,228,230,232,236,239,240,241,242,245,246,249,250,251,252,253,255
108,258,260,109,110,113,115,117,120,126,127,128,130,132,134,135,136,139,141,142,143,146,155,157,159,160,162,164,166,168,171,176,177,179,182,184,186,188,190,191,194,196,199,201,203,204,207,210,212,218,220,222,224,225,227,230,231,233,234,237,240,242,246,247,250,252,253,254,255
109,256,258,259,261,110,111,114,115,117,118,119,121,132,134,135,136,141,147,149,152,153,159,160,165,168,169,171,177,178,179,182,184,185,188,189,190,191,192,193,195,196,197,198,200,203,204,205,206,207,208,209,210,211,212,213,214,216,217,218,222,223,224,225,227,229,230,231,232,235,236,238,241,245,247,248,250,251,254,255
110,260,261,112,114,115,116,117,119,121,127,130,132,133,134,135,139,141,145,146,150,152,155,156,158,159,165,166,168,169,172,175,178,180,181,188,190,194,195,197,200,201,209,211,215,216,217,221,222,225,226,227,228,230,231,232,236,237,241,243,246,247,253,255
111,259,257,256,112,117,123,128,129,130,133,260,135,136,137,139,140,142,143,147,148,149,150,152,157,158,161,162,165,169,173,175,178,179,180,182,183,184,185,188,189,190,192,193,194,195,197,199,200,201,203,204,205,208,211,212,213,215,216,222,223,224,225,227,228,229,232,234,236,239,240,241,244,246,249,250,252,255
112,259,260,115,116,118,119,120,122,124,126,128,131,132,136,139,140,141,143,144,146,147,149,150,154,155,156,157,160,161,163,164,165,171,173,174,179,181,183,184,187,188,190,191,192,193,194,196,201,202,206,207,208,210,211,214,217,219,221,222,225,226,230,231,234,235,237,238,239,240,241,243,245,246,247,249,250,253,254,255
113,257,259,114,115,116,118,119,124,127,128,130,132,138,139,142,144,145,146,147,148,149,150,152,155,156,157,158,159,162,163,165,167,169,170,171,173,174,176,177,180,183,185,186,188,189,193,195,196,197,198,201,202,203,204,207,209,210,211,216,219,220,221,222,223,224,225,227,228,233,235,239,241,243,247,248,251,252,253,255
114,259,260,115,116,117,120,122,123,124,125,127,135,136,142,143,145,147,149,151,153,154,159,160,161,164,168,171,175,177,178,182,183,184,185,186,187,188,189,191,193,194,196,197,198,201,202,203,205,206,208,209,210,211,212,215,217,218,221,225,231,232,233,234,235,236,237,239,240,245,246,248,251,253,255
115,257,259,116,117,119,122,123,124,127,132,134,136,138,140,141,142,144,145,148,149,153,155,160,166,167,169,171,172,179,185,186,189,190,192,193,194,196,197,199,200,201,204,207,212,213,216,223,225,226,227,228,231,232,233,234,235,236,237,240,242,243,244,246,248,249,250,251,252,253,254,255
116,256,261,257,258,117,121,123,126,128,129,130,134,137,138,140,141,143,146,150,151,153,154,155,156,159,161,162,164,165,167,170,171,172,173,174,175,176,178,180,181,182,184,185,186,187,188,189,191,194,198,199,201,202,205,206,207,209,210,211,212,215,216,220,221,222,223,225,226,227,230,231,233,234,236,237,242,243,244,245,246,247,248,249,251,253,255
117,256,259,119,120,121,123,126,127,128,129,132,133,135,139,143,145,149,150,151,152,153,157,158,161,162,163,164,166,168,170,172,174,179,180,183,185,186,189,190,191,194,195,203,204,206,207,209,211,212,213,214,215,216,219,221,223,224,226,227,229,230,231,234,236,238,243,244,248,252,254
118,259,261,119,120,122,126,129,130,132,133,134,135,141,142,144,146,147,150,152,154,156,157,158,161,171,172,173,176,177,182,183,187,189,196,197,198,199,202,203,204,207,208,209,212,215,216,219,220,221,222,224,225,227,229,232,233,236,239,244,245,249,251,252,253
119,256,258,259,260,257,261,124,126,128,130,133,134,135,136,137,138,139,140,144,148,149,150,154,160,161,162,164,166,167,168,169,171,172,175,177,179,180,181,182,183,185,186,187,188,189,191,193,195,203,204,207,210,212,214,216,217,218,220,225,226,229,231,236,237,238,243,244,245,246,248,249,250,251,253,254
120,259,260,258,121,123,125,127,130,131,134,135,136,138,141,142,143,145,149,150,152,154,156,157,158,161,163,164,166,167,170,171,175,178,186,187,188,191,196,197,198,199,200,201,202,203,206,209,210,211,214,215,217,220,222,223,224,226,228,230,231,232,234,235,236,238,241,243,245,249,250,251,252,253,254,255
121,256,258,125,127,128,131,132,134,136,137,140,141,144,146,149,150,152,153,154,155,158,160,161,163,165,166,167,174,175,176,183,185,187,189,191,193,194,195,196,197,203,204,205,206,207,209,210,212,213,214,218,219,220,221,222,224,225,226,228,230,231,232,233,234,237,238,240,242,244,245,247,248,250,251,252,253,254,255
122,256,259,261,124,130,132,141,143,146,147,148,149,150,152,153,154,156,157,158,160,161,166,170,172,174,175,181,184,187,188,189,190,193,194,195,198,203,204,207,208,211,212,213,214,215,216,217,222,223,224,225,226,227,228,229,230,233,237,238,239,241,244,246,247,248,250,251,252,253,255
123,256,127,128,130,136,137,140,143,144,148,149,152,153,154,155,156,157,160,162,163,166,169,170,171,173,178,179,180,181,183,187,190,192,194,198,200,201,202,208,212,213,215,219,220,221,222,223,228,229,230,233,234,237,238,241,246,249,254
124,257,256,125,126,133,136,137,140,142,143,144,145,146,149,152,153,154,155,156,157,159,160,161,163,261,166,168,169,170,173,177,179,180,181,183,184,185,186,188,189,190,192,193,197,198,199,204,205,206,208,209,210,212,213,214,216,217,221,224,226,227,228,229,234,236,238,239,241,243,245,247,248,250,252,253,255
125,256,258,261,126,128,132,133,134,135,137,143,151,155,156,157,158,159,160,162,163,166,167,175,181,184,185,186,189,192,193,197,200,202,204,205,206,209,210,211,213,219,221,225,226,227,231,232,233,235,236,237,238,242,243,248,249,252,253,255
126,261,257,127,129,136,140,141,148,149,151,153,154,155,156,157,161,162,167,168,170,171,172,174,176,179,180,183,184,185,186,187,189,190,191,192,196,197,198,200,201,202,207,208,209,211,213,216,219,220,221,223,224,226,227,228,229,235,236,239,241,242,245,248,250,255
127,257,260,129,130,131,133,137,138,140,141,142,144,147,148,149,151,153,155,156,158,159,162,171,180,181,182,183,184,186,192,193,194,197,199,200,201,203,204,210,212,213,214,218,219,221,223,224,225,228,229,230,237,243,244,245,247,250,251,252,253,254,255
128,258,257,260,131,132,134,137,138,139,142,145,149,150,151,153,154,156,157,158,159,160,162,165,169,171,173,177,179,180,181,185,188,192,200,202,204,206,208,210,211,216,217,222,223,225,226,228,229,231,232,233,234,236,241,242,244,247,248,249,250,253
129,256,260,261,259,258,133,135,137,138,143,147,148,154,155,156,157,160,165,166,168,170,171,172,176,178,180,182,183,189,190,191,194,197,199,204,206,208,209,215,216,219,224,225,229,231,233,234,235,237,238,241,242,244,245,247,249,250,251
130,256,258,261,132,135,137,139,141,142,146,148,149,155,156,159,161,164,165,168,169,170,171,172,173,174,175,176,178,182,183,189,190,191,193,197,200,201,202,204,207,208,209,211,212,216,217,218,220,221,229,231,232,233,238,241,242,243,245,247,248,249
131,260,257,258,259,133,134,135,136,141,144,146,147,150,152,157,160,165,166,167,168,169,170,172,173,176,177,178,181,183,188,189,191,192,194,195,196,198,200,202,204,210,218,222,223,224,225,226,227,230,231,233,239,241,242,244,248,249,250,255
132,257,259,133,134,135,137,138,139,140,144,147,148,149,153,154,157,159,160,161,162,163,166,167,169,173,176,182,187,190,198,201,203,206,209,210,211,216,218,220,226,229,230,235,236,238,239,243,244,247,248,249,251,253
133,258,257,259,134,135,138,141,142,146,148,150,151,152,153,154,155,157,158,165,167,168,170,171,172,174,175,176,182,183,186,187,188,192,193,194,195,196,197,198,199,201,202,209,212,214,219,221,224,225,229,230,236,237,239,240,245,254
134,257,258,256,135,137,139,140,141,145,146,147,148,149,151,153,154,156,157,162,164,165,169,172,173,174,176,177,178,179,190,194,195,201,202,203,206,208,210,211,213,214,215,216,218,221,223,224,229,231,233,241,242,243,244,245,246,249,251,252,253,254,255
135,258,260,261,137,138,140,142,144,145,146,147,148,149,150,152,156,157,158,160,161,163,164,165,169,172,173,174,175,177,178,181,182,183,187,189,193,194,200,208,212,213,222,224,225,228,230,232,234,235,236,239,242,246,248,250,252,253,255
136,259,258,137,139,140,145,146,149,151,152,153,156,160,161,162,163,164,165,168,172,174,178,180,181,182,186,187,188,189,190,192,193,194,195,196,197,198,202,204,205,206,208,214,218,219,224,225,227,230,234,237,243,244,246,247,249,252,255
137,140,142,144,152,155,159,162,163,164,167,168,170,171,176,180,182,183,185,186,187,190,191,193,196,197,198,199,200,202,206,210,211,214,218,219,221,223,226,227,229,230,235,241,244,246,250,253,255
138,257,259,140,141,142,147,148,151,153,154,155,156,157,159,160,261,167,172,175,178,179,180,181,182,183,188,189,190,192,195,197,199,201,203,205,206,208,211,214,215,219,221,223,224,225,227,230,231,233,236,237,239,245,246,247,249,250,254,255
139,257,259,261,260,141,142,143,144,149,150,151,155,156,158,159,161,164,166,167,171,173,174,175,176,181,185,186,187,189,190,191,193,195,196,200,201,206,207,209,212,213,214,215,218,219,222,223,226,230,231,232,235,237,239,243,246,247,248,251,252
140,256,259,260,147,149,151,154,158,162,165,166,168,173,177,178,179,182,185,186,187,188,194,195,202,203,204,208,210,212,213,215,216,219,221,226,227,229,230,232,237,238,239,240,241,242,243,244,247,249,250,253,254,255
141,260,261,145,148,149,150,154,155,156,160,161,162,163,165,166,167,168,169,170,171,172,175,176,177,181,182,191,194,195,196,197,202,208,209,211,214,216,217,218,219,221,222,225,226,232,234,236,237,238,239,240,241,242,244,245,248,250,251,252,254
142,259,260,256,144,146,147,148,149,150,151,152,153,154,257,159,161,163,164,165,171,175,177,178,179,180,181,184,185,189,190,191,194,203,204,206,208,209,210,211,212,215,218,219,221,222,225,227,229,231,233,235,236,237,239,241,244,247,250,251,252
143,256,257,259,260,144,148,150,153,156,157,159,162,163,164,166,167,169,171,172,173,174,180,186,187,189,190,192,193,194,195,196,197,198,200,202,203,205,212,213,216,218,221,224,225,226,227,228,229,234,236,238,239,240,243,244,245,250,251
144,257,259,260,261,146,149,151,153,156,161,165,166,167,169,173,177,178,180,181,182,183,186,188,191,192,196,197,199,201,203,204,206,207,208,210,219,221,224,226,230,232,237,242,245,248,249,252,253,255
145,258,261,259,146,148,150,151,155,156,161,164,165,166,173,177,184,191,193,199,200,201,203,204,205,208,210,211,214,215,216,217,223,226,227,228,230,235,236,237,239,240,241,242,244,246,247,248,249,251,255
146,259,261,260,256,148,150,154,155,159,161,162,163,169,170,174,176,177,178,180,184,185,187,188,189,191,194,195,196,198,201,203,205,207,210,214,216,219,221,225,226,227,230,231,232,233,234,240,243,245,246,248,251,253,255
147,256,258,148,152,153,155,158,161,162,163,165,166,171,172,173,175,176,177,181,182,184,185,187,188,193,195,198,199,204,207,211,213,214,217,218,222,223,227,228,229,230,237,238,240,242,243,244,249,251
148,256,260,257,151,152,153,155,158,159,160,162,163,164,165,167,168,169,170,171,174,175,176,177,180,182,184,185,188,189,190,191,196,197,199,204,206,208,210,211,212,214,215,217,218,219,220,222,223,224,225,226,227,228,229,230,232,234,235,236,239,240,244,245,246,253,254,255
149,256,258,150,154,156,159,160,161,162,163,166,167,168,169,172,173,176,182,183,187,188,190,191,193,194,195,196,197,198,202,203,204,207,209,212,218,219,220,222,224,227,228,229,230,232,233,236,237,241,242,244,246,247,248,249,250,251,252,253,254,255
150,256,257,259,154,164,166,167,170,172,174,178,180,183,184,185,186,189,193,195,196,197,201,202,204,206,207,208,209,210,213,214,215,217,220,226,227,228,230,232,236,237,238,241,242,243,244,247,250,252,254,255
151,257,258,259,152,153,155,168,169,171,172,175,176,177,178,180,181,182,188,191,192,197,198,199,202,204,209,211,213,216,218,219,220,221,223,228,231,232,234,238,239,240,241,243,244,246,248,250,252,254,255
152,153,154,155,156,163,164,166,167,168,172,176,177,184,188,190,191,192,194,195,197,201,204,205,206,207,208,209,210,211,214,216,219,223,225,228,230,231,233,235,237,241,244,245,249,250,251,255
153,260,155,158,159,161,162,163,164,165,168,171,172,173,174,177,179,181,183,185,187,188,189,194,195,197,200,205,211,213,216,217,218,220,221,223,224,228,229,231,232,233,237,239,240,241,243,244,248,252,253
154,260,261,156,159,160,163,164,166,167,169,170,173,176,178,180,181,182,185,187,191,192,196,197,200,202,204,205,206,207,208,210,211,212,214,215,216,217,218,219,220,222,223,224,225,228,229,230,232,233,234,238,240,241,246,247,249,254,255
155,257,258,260,156,158,159,162,164,166,172,174,180,183,184,187,189,190,194,196,199,200,201,203,205,207,208,210,212,214,215,219,221,222,223,225,226,229,230,231,233,235,240,243,244,247,251,252,255
156,259,158,160,161,162,165,169,171,172,173,175,180,181,184,186,188,191,193,194,195,196,198,200,202,203,204,205,208,212,213,214,218,219,222,226,227,233,235,236,238,241,242,249,251,252,254,255
157,260,259,158,160,164,168,169,170,171,174,175,177,180,182,183,189,190,191,195,199,200,204,207,209,210,213,215,216,220,221,223,224,227,228,229,231,232,234,235,237,238,239,241,243,244,245,248,250,252,254,255
158,256,259,260,261,159,160,161,163,164,166,167,168,171,172,173,174,177,178,181,182,183,188,189,191,194,196,197,199,201,204,205,207,212,213,215,218,223,225,226,229,230,231,233,237,238,239,240,241,242,244,246,247,252,255
159,257,160,161,163,261,166,168,169,170,173,174,177,178,179,182,183,184,186,187,190,192,193,194,196,197,198,199,200,201,203,208,210,215,216,218,221,222,224,227,230,231,237,238,241,243,246,247,248,251,255
160,256,162,163,164,165,166,167,169,171,174,176,178,179,180,182,183,188,190,192,194,199,203,204,208,213,214,223,225,227,228,229,230,231,232,235,238,239,241,243,244,246,249,252,253,255
161,257,258,162,163,166,167,170,171,174,178,179,183,186,188,191,195,200,203,207,208,209,210,214,216,217,219,224,225,226,227,233,235,239,240,241,242,243,244,248,250,255
162,258,260,163,261,173,176,177,178,180,183,185,190,191,193,196,197,199,201,202,204,205,209,211,212,213,214,216,217,220,224,226,227,230,237,243,253
163,259,257,256,168,170,171,172,173,174,176,179,180,181,182,185,187,190,191,192,194,195,199,201,202,203,207,208,211,212,215,217,218,223,226,230,231,234,237,238,239,240,241,242,244,245,248,249,250,251,252,253
164,256,260,257,165,169,170,171,172,175,177,178,179,185,186,187,188,189,192,196,197,198,199,201,204,205,206,207,208,211,212,213,214,215,216,218,225,230,232,233,234,235,241,242,243,244,248,250,252,255
165,166,167,169,173,179,181,182,183,184,186,187,188,192,198,202,203,204,207,209,210,211,214,215,217,220,221,222,223,224,225,227,229,233,234,235,237,238,239,243,244,245,246,249
166,257,261,258,167,170,171,173,174,175,176,178,181,182,190,198,202,203,204,205,207,208,210,211,212,213,214,216,227,228,230,231,232,233,259,235,238,241,242,243,244,246,247,250,252,254,255
167,260,168,170,171,173,179,180,182,184,185,188,193,198,200,202,205,206,209,211,215,220,221,222,223,225,228,229,230,232,233,234,236,238,240,241,244,245,247,251
168,256,169,171,172,174,180,183,185,187,188,191,192,193,196,198,199,201,202,203,206,207,208,209,212,217,218,219,257,223,231,233,234,236,237,238,240,242,247,248,249,250,252,253
169,258,259,260,170,171,172,174,175,177,179,181,182,183,186,188,189,192,195,196,198,199,201,202,206,207,208,209,211,213,214,216,220,222,225,226,227,230,233,236,237,238,239,240,243,244,248,249,250,251,252,254,255
170,256,260,257,172,174,176,178,180,181,183,185,187,188,189,190,192,194,195,197,199,200,201,205,208,213,218,219,220,222,226,230,232,233,236,237,239,242,248,251,252,253,255
171,256,261,259,172,173,174,175,176,178,183,184,185,189,190,197,198,200,201,202,205,206,207,209,211,217,220,221,222,223,230,231,232,233,234,236,237,239,241,242,243,244,246,248,250,253,254
172,257,261,173,175,176,177,179,183,184,185,187,190,193,194,196,197,201,203,204,206,207,210,213,214,215,217,220,221,223,224,229,232,233,236,238,239,243,245,247,251,254,255
173,256,257,176,178,179,180,183,186,187,189,190,193,196,197,199,200,201,205,209,214,217,218,219,221,222,223,227,228,229,235,241,244,246,247,249,250,253,254
174,256,258,260,261,175,181,182,186,189,190,193,194,197,198,199,200,201,202,203,205,206,208,210,212,214,215,217,218,219,220,222,223,224,225,226,228,229,230,231,232,237,239,240,241,243,244,249,251,253,255
175,257,259,260,261,176,177,181,184,185,188,193,195,197,199,200,201,202,204,207,209,218,224,225,227,232,233,234,235,236,239,242,245,246,247,251,255
176,256,259,260,178,179,181,182,184,185,187,188,192,197,199,200,204,205,207,209,214,218,222,224,225,226,231,232,233,234,235,236,238,241,242,243,246,247,249,250,251,252,255
177,256,260,179,180,181,183,184,187,190,191,193,196,200,202,203,204,206,208,209,211,214,216,217,218,220,222,223,224,227,228,229,231,239,241,242,244,246,247
178,258,261,179,180,184,185,187,188,189,191,194,202,203,205,206,207,209,210,214,215,219,220,221,224,225,230,231,233,234,236,238,241,242,246,247,248,251,252,254,255
179,257,259,181,185,188,189,190,192,196,197,198,199,201,202,203,204,205,207,211,214,216,226,227,228,229,231,232,235,236,238,240,242,244,245,248,250,251,254
180,258,259,260,257,182,185,186,188,189,191,195,196,202,203,205,209,211,212,213,217,219,223,224,226,228,229,231,232,233,236,237,240,241,247,253
181,258,259,260,261,182,184,187,195,197,198,199,200,202,203,204,207,208,209,211,213,216,218,219,222,225,226,229,230,232,236,239,242,243,246,248,251,252,255
182,257,183,185,186,187,190,191,192,193,194,195,196,205,206,207,211,212,213,215,217,218,219,222,224,225,226,227,229,230,231,232,234,235,236,237,239,240,243,244,246,247,248,250,253,255
183,259,184,190,194,195,198,200,201,202,203,204,206,210,212,213,214,216,217,218,223,224,225,226,229,230,233,234,236,238,240,241,247,248,251,252,255
184,260,259,189,191,194,195,196,199,203,213,217,219,224,225,226,230,231,232,233,234,236,239,243,246,248,251,254,255
185,260,259,186,189,191,194,196,199,201,202,203,204,206,208,209,210,212,215,221,222,229,230,232,233,235,236,239,243,248,250,251,252,254
186,259,261,260,187,189,192,193,200,202,204,205,207,208,210,212,213,214,218,219,222,228,229,234,235,236,238,241,245,246,247,250,251,254,255
187,256,189,190,194,196,201,203,205,209,211,214,216,217,220,222,224,226,227,229,230,231,234,237,238,239,240,241,242,243,244,246,248,254,255
188,261,189,191,192,193,198,201,202,203,204,205,206,209,214,219,221,223,225,226,229,259,234,235,236,238,239,240,241,244,245,246,248,249,251,254
189,259,261,260,192,194,195,198,200,201,202,203,204,206,211,212,213,215,216,217,218,222,225,229,231,232,233,234,237,238,240,243,244,246,249,250,253
190,257,260,261,192,193,195,196,199,200,202,203,205,206,207,209,213,214,218,219,220,226,229,231,232,233,234,235,238,243,244,246,248,249,250
191,256,258,260,261,259,192,194,195,196,199,201,203,204,210,211,214,217,220,222,223,227,231,234,238,239,245,246,247,248,249,253,254,255
192,258,259,195,196,197,198,199,209,211,212,213,216,217,220,223,226,228,230,232,233,235,241,242,244,246,247,248,250,254
193,258,259,261,196,197,199,202,206,208,209,212,217,218,219,221,224,226,229,230,232,236,242,243,244,245,248,250,251,252,254
194,259,261,195,196,199,200,204,205,207,208,209,210,211,214,218,219,223,224,225,226,227,228,230,238,241,246,248,251,253,254
195,256,261,258,259,197,199,202,205,207,209,211,218,220,222,224,233,234,235,240,241,242,244,246,247,249,252
196,256,258,257,259,260,198,201,209,210,211,212,213,215,216,217,219,220,222,224,225,227,228,233,234,236,238,239,240,243,244,245,250,252,253,254,255
197,256,259,261,260,198,199,201,202,204,207,208,212,213,216,218,227,228,229,230,234,239,243,244,245,248,249,250,251,252,253
198,256,259,257,202,204,210,213,214,215,216,218,219,221,223,226,228,229,233,234,236,239,240,241,243,247,248,251,252
199,256,261,259,258,260,202,204,205,206,210,211,213,216,217,220,221,223,225,226,231,238,239,242,248,251
200,261,259,257,203,204,205,208,210,213,214,215,217,220,221,222,223,227,229,230,232,233,234,236,238,241,242,246,248,249,250,254
201,258,256,261,202,205,206,208,209,213,216,218,222,224,228,230,235,236,238,240,242,244,246,247,249,251,252,254,255
202,256,257,260,203,204,209,211,213,214,217,219,223,226,227,228,230,232,233,234,235,237,238,239,242,243,244,245,247,248,249,250,251,252,254
203,257,259,204,206,209,210,213,214,219,223,225,227,228,232,233,235,240,241,243,248,253
204,256,261,257,206,210,211,212,215,216,217,218,221,226,231,236,238,242,243,244,245,246,249,251,252
205,256,257,258,259,261,260,207,210,211,213,214,215,216,220,221,222,225,226,229,230,232,234,236,238,239,240,247,250,251,253,255
206,256,257,259,260,208,210,214,216,218,220,225,227,231,232,234,236,237,239,240,241,242,246,247,249,251,254,255
207,260,257,210,212,215,216,218,221,223,225,227,230,233,235,236,238,239,243,244,245,247,251,253
208,257,259,260,261,258,212,215,218,219,222,224,225,226,227,229,230,232,234,235,236,239,243,244,247,249,250,251,253,254
209,258,257,210,211,212,213,217,224,228,231,232,234,236,237,238,239,240,241,243,244,246,247,248,249,253,254
210,257,260,261,258,214,215,216,217,218,219,220,221,224,228,230,233,238,241,242,243,244,245,247,249,250,251,252
211,257,261,258,213,215,217,218,222,226,227,228,231,235,237,238,239,240,242,245,246,253,254
212,256,260,261,213,215,220,225,226,227,229,230,231,232,233,236,240,241,242,243,248,249,250,252
213,258,260,257,214,219,223,224,226,232,236,239,240,246,248,249,250,252,253,254
214,258,259,260,215,224,227,229,230,231,232,233,234,238,242,244,247,250
215,256,260,257,258,218,219,220,221,224,225,228,230,231,233,235,236,237,238,239,240,244,246,247,248,252
216,256,259,260,261,217,218,220,222,225,226,233,234,246,247,248,249,250,251,252,253,254,255
217,261,257,260,218,221,222,224,226,230,231,232,233,236,239,240,242,243,244,245,247,248,249,251,253
218,257,258,219,222,223,224,225,228,229,230,231,232,234,235,237,241,242,243,244,245,247,249,254,255
219,259,260,220,221,222,224,228,229,230,233,242,243,245,247,249,250,251,254,255
220,259,261,224,227,228,229,230,231,236,237,238,239,240,242,247,248,250,252,253
221,258,261,256,222,223,224,226,227,228,232,233,234,235,242,243,244,245,247,248,250,251,252,255
222,258,260,261,231,234,241,244,247,248,252,253,254,255
223,259,257,258,227,229,230,231,233,234,235,236,240,242,243,251,252,254,255
224,256,257,259,228,229,230,232,234,235,236,244,245,247,248,251,254,255
225,256,260,257,258,226,231,232,237,238,244,245,248,251,252,253,254
226,256,260,227,229,230,233,234,237,238,239,240,242,246,247,248,249,252,253
227,256,259,260,257,228,229,243,245,248,249,251,253,254
228,256,257,258,260,259,261,229,231,233,236,237,238,239,240,241,242,244,247,248,249,251,253
229,257,259,230,232,233,237,239,242,244,245,246,248,249,250,251,253,255
230,256,260,261,231,235,236,237,238,239,243,244,247,253,255
231,257,258,261,259,232,233,236,237,241,247,248,249,251,252,253,254,255
232,257,238,241,242,243,245,246,247,248,249,255
233,257,258,234,236,237,239,240,241,242,248,250,253
234,260,261,238,239,240,241,242,243,246,249,252,254,255
235,258,259,256,257,237,239,242,243,248,249,250,251,253,254,255
236,256,260,257,237,238,239,240,242,248,252,253,254,255
237,261,238,243,244,246,247,248,249,251,252,253,255
238,256,257,258,239,240,241,242,254,255
239,256,257,258,261,259,241,243,244,246,247,252,253
240,261,258,241,243,244,246,250
241,258,261,256,242,243,244,245,246,247,250,253,254
242,257,260,261,243,245,248,249,251,255
243,261,258,259,253
244,258,259,257,245,246,250,251,252,253,255
245,256,257,246,247,248,250,253,254
246,257,261,259,247,250,252,254
247,257,258,260,248,249,250
248,256,261,258,250,254
249,261,256,251,252
250,257,260,259,251,252,253,254,255
251,256,261
252,258,257,259,253,255
253,256,258
254,256,259,257,255
255,257,260
256
257,259,260,261,258
258,259
259,260
260,261
261
