n_nodes:52
n_edges:1140
density:0.85973
0,2,3,4,6,7,8,9,10,12,14,16,17,19,20,21,22,23,24,25,26,27,28,31,32,33,35,36,37,38,39,40,41,42,46,47,48,49,50,51
1,2,3,4,5,7,10,13,14,15,16,18,19,20,22,23,24,25,26,27,28,29,30,31,32,34,36,37,38,39,40,41,42,43,45,46,47,48,50
2,3,4,5,8,9,10,11,12,13,14,15,16,17,18,19,21,22,23,24,26,27,28,29,30,31,32,33,34,35,36,37,38,39,40,41,42,43,44,45,46,48,49,50,51
3,4,7,8,9,10,12,13,14,15,16,17,18,19,20,21,22,23,24,25,26,27,28,30,31,32,33,34,35,36,37,38,39,40,41,42,43,44,45,46,47,48,49,50,51
4,5,6,7,8,9,10,11,12,14,15,17,18,19,20,21,22,25,26,27,30,31,33,34,36,37,38,39,40,41,42,43,44,45,46,47,48,49
5,6,9,10,11,13,14,15,16,17,18,19,20,21,22,23,24,25,26,27,28,29,30,32,33,34,36,37,38,39,40,41,42,43,44,45,46,47,48,49,50,51
6,7,8,9,10,11,12,13,15,16,17,18,20,21,22,24,25,27,28,29,30,31,32,33,34,35,36,37,38,39,40,41,42,43,44,46,47,48,49,50,51
7,8,9,10,11,12,13,14,15,16,17,18,19,20,21,22,23,24,25,26,27,28,29,30,31,32,34,35,36,38,40,41,42,43,44,45,46,48,49,50
8,9,10,11,12,13,14,16,17,18,19,20,21,22,23,25,26,27,28,29,30,32,33,35,37,38,39,40,42,43,44,45,46,47,48,49,50,51
9,10,11,13,14,15,16,17,18,19,20,21,22,23,24,25,27,28,29,30,31,32,33,34,36,37,38,39,40,41,42,43,44,45,46,47,48,49,51
10,11,12,13,16,18,19,20,21,22,23,24,25,26,27,28,29,30,31,32,33,34,35,36,37,38,39,40,41,42,43,45,46,47,48,49,50,51
11,12,13,15,16,17,19,20,21,22,23,24,25,27,29,32,33,34,35,36,37,38,39,40,41,42,43,44,46,47,48,49,50,51
12,13,14,15,16,18,19,20,21,22,23,24,25,26,27,28,29,30,31,32,33,37,38,39,40,41,42,43,44,45,46,47,48,49,51
13,15,16,17,18,19,20,21,22,23,24,25,26,27,29,30,31,32,33,34,35,36,37,40,41,42,43,44,45,46,47,48,50,51
14,15,16,17,18,19,20,22,24,25,26,27,28,29,30,31,32,33,34,35,36,37,38,39,40,41,42,43,44,46,48,50,51
15,16,17,18,19,20,21,23,24,25,26,28,29,30,31,32,33,34,35,37,38,40,41,42,43,44,46,48,49,50,51
16,17,20,21,22,23,24,25,27,29,30,31,32,33,34,35,36,37,38,40,42,43,45,46,47,51
17,18,20,21,22,24,25,26,27,28,29,30,31,32,33,34,35,36,37,39,41,42,44,46,49,50,51
18,19,20,21,22,24,25,26,27,28,29,30,32,33,34,35,38,39,40,41,42,43,44,45,47,48,49,50,51
19,20,21,22,23,24,25,26,27,28,29,30,31,32,33,34,35,36,37,38,39,41,42,43,44,45,46,48,49,50,51
20,21,22,23,24,26,27,28,29,30,31,32,33,34,35,36,37,38,39,40,42,43,44,45,48,49,50,51
21,22,23,24,25,26,27,28,29,30,31,33,34,36,37,38,39,40,41,42,43,44,45,46,47,48,49,50,51
22,23,24,25,26,27,28,29,30,31,32,33,34,35,36,37,38,39,40,42,43,44,45,46,47,48,49,50,51
23,24,25,26,28,29,30,31,32,33,34,35,36,37,38,39,40,41,42,43,44,45,46,47,48,49,50,51
24,25,26,27,28,29,30,31,32,33,34,35,36,37,38,39,40,41,42,43,46,48,49,51
25,26,27,28,29,30,31,32,33,36,38,39,40,41,43,44,45,46,47,49,50,51
26,27,29,31,32,33,34,36,37,38,39,40,41,43,44,45,46,47,48,49,50,51
27,28,29,30,31,33,34,35,37,38,40,41,42,43,44,45,46,47,48,49,50,51
28,29,30,31,32,33,34,36,37,39,40,41,42,43,44,45,46,47,48,49,50,51
29,30,33,34,35,36,37,38,39,40,41,43,44,45,46,49,50,51
30,32,33,34,35,36,38,39,41,43,44,45,46,47,48,49,51
31,32,33,34,35,36,37,38,39,40,41,43,44,45,46,47,48,49,50,51
32,33,35,36,37,38,39,40,41,42,43,44,45,46,47,48,49,50,51
33,34,36,38,39,40,42,43,44,45,46,47,48,49,50,51
34,35,36,37,38,39,40,41,43,44,45,46,47,48,49,50
35,36,37,38,39,40,41,42,43,44,45,46,47,48,50,51
36,37,38,39,40,41,42,44,45,46,47,49,50,51
37,38,39,41,42,43,45,46,47,48,49,50,51
38,39,40,41,42,43,44,45,46,48,49,50,51
39,40,41,42,43,44,45,47,48,49,50,51
40,41,42,44,45,46,47,50,51
41,42,43,44,45,48,49,50,51
42,43,45,46,47,49,50,51
43,44,45,46,47,48,49,50
44,45,46,47,48,49,50,51
45,46,47,48,49,50,51
46,47,49,50,51
47,48,50,51
48,49,50,51
49,50,51
50
51
