n_nodes:150
n_edges:2335
density:0.20895
0,130,69,70,8,9,138,78,18,19,21,87,26,28,29,31,32,34,123,36,101,102,106,142,48,50,54,56,58,95,125
1,96,132,22,70,8,9,139,12,77,78,80,17,82,83,21,86,137,92,29,32,144,102,145,28,147,43,109,142,93,112,113,115,52,105,61,62,146
2,68,5,70,140,10,12,77,15,141,86,25,88,89,27,28,94,31,133,100,134,38,39,41,42,107,109,50,105,121,95,62
3,64,68,69,134,72,73,138,75,78,15,120,18,19,142,90,27,95,96,133,38,105,106,107,44,111,147,52,56,127
4,68,118,145,137,79,81,147,21,22,90,31,97,34,37,38,39,104,41,44,124,116,54,55,56,121,60,85
5,139,132,70,72,119,12,142,79,81,20,21,22,111,29,30,95,98,100,101,17,41,108,47,48,54,105,56,31,143
6,131,8,76,13,80,81,83,20,121,91,30,96,144,148,99,38,40,42,43,108,45,110,111,112,72,116,84,62
7,131,133,9,74,11,141,142,82,20,21,87,88,36,29,32,100,37,102,105,50,48,114,118,56,57,60
8,131,133,73,12,78,79,81,83,22,24,31,32,112,100,38,104,105,42,43,45,111,76,117,137,122,123,125,126
9,139,132,69,64,11,77,78,17,83,85,24,100,26,29,133,32,36,101,38,41,135,142,48,136,115,52,117,54,58,60,126,65
10,128,75,140,78,16,19,20,21,22,88,28,93,94,31,33,34,40,105,45,110,111,48,50,115,56,148,125,62,85
11,66,147,133,138,130,142,16,81,18,83,20,122,23,90,111,92,29,31,96,33,145,104,106,43,108,47,49,115,116,121,58,61,126,149
12,74,139,140,13,14,15,147,20,22,23,89,30,69,96,97,148,100,42,47,113,50,117,54,119,57,123,60,138,63
13,130,73,141,143,17,147,20,23,122,95,32,99,36,102,40,60,106,84,58,124,126
14,69,97,73,78,16,82,19,20,100,135,30,31,133,33,36,101,38,39,42,43,44,140,115,54,121,126,63
15,128,129,134,138,76,141,17,82,83,121,24,92,29,30,31,96,97,98,102,38,39,104,124,67,110,112,119,88,58,107,63
16,149,65,131,69,73,77,141,144,81,19,148,78,87,24,26,28,122,31,96,112,37,38,92,48,50,137,57,58,63
17,132,70,79,77,141,86,23,88,89,26,93,69,96,34,100,41,42,46,115,120,121,31,74,127
18,64,133,70,129,108,74,142,144,134,85,86,95,96,34,99,100,37,41,106,135,44,45,48,114,128,105,58,123,62,63
19,128,66,132,69,135,83,141,80,81,146,67,78,87,24,27,32,91,36,102,104,105,51,56,88,122,61,126,85
20,64,101,73,146,83,78,23,91,28,29,30,31,133,98,35,36,37,38,39,41,135,109,125,76,99,115,54,120,121,58,70,61,62,63
21,66,134,136,140,132,76,80,82,149,22,121,68,26,91,69,144,36,37,108,52,54,116,126
22,149,66,65,76,79,144,146,24,132,71,26,34,35,113,41,42,43,93,112,49,53,120,127,85
23,129,66,70,135,99,86,89,26,93,95,96,35,40,42,43,45,111,123,52,53,120,59
24,128,66,131,75,77,80,81,84,86,91,28,93,27,139,103,105,107,111,119,148,58,63
25,64,129,131,74,140,130,77,80,82,84,26,33,34,99,37,105,47,113,50,128,124
26,129,66,74,77,141,147,86,143,92,94,35,101,41,107,44,46,112,113,52,30,63
27,69,135,136,73,75,140,66,77,79,80,82,86,59,146,45,113,115,120,57,123,124,127
28,67,132,129,75,140,80,81,110,86,29,36,37,38,104,44,46,113,114,117,54,121,139,59
29,64,109,141,144,145,147,88,89,90,94,31,32,100,38,103,40,106,45,112,72,140,118,73,57,61
30,79,146,147,88,90,94,133,99,36,103,104,106,107,108,110,48,123,117,120,84,122,59,60,127
31,149,67,134,71,98,83,142,87,91,135,133,147,34,99,41,106,43,108,109,72,115,53,56,121,127
32,68,75,143,79,144,84,85,86,87,89,90,91,94,96,98,101,41,148,72,118,57,136,61,127
33,65,130,71,72,76,144,81,147,89,91,94,98,99,39,40,41,42,108,50,115,126,138,62
34,71,73,140,77,78,141,144,83,85,89,98,102,41,42,44,110,48,61
35,128,69,135,136,73,78,144,145,83,86,87,91,92,101,38,104,41,50,51,121,60,62,63
36,128,43,71,74,75,78,143,82,87,88,100,146,142,112,51,52,119,58,63
37,128,65,66,137,78,79,83,86,87,93,97,100,104,124,42,125,110,46,111,147,53,118,120,123,60,106,62,149
38,133,71,146,83,78,86,87,143,95,100,103,109,93,47,48,49,147,113,72,148,123,61
39,107,97,136,73,74,84,85,87,68,90,95,98,100,103,40,43,109,142,115,116,56,58,62,127
40,51,131,137,75,76,138,120,146,147,90,134,42,47,113,114,115,118,56,61,63
41,72,74,75,77,142,144,149,89,88,68,86,69,133,103,92,42,107,146,46,47,105,73,121,62,127
42,129,107,68,113,75,98,83,142,91,92,130,103,43,45,124,104,147,116,54,120,58,123,70,149
43,75,138,69,108,74,76,77,79,145,146,147,110,88,90,143,86,123,102,104,44,46,48,50,51,52,117,118,119,120,57,95,61
44,136,139,143,144,145,131,84,92,94,104,52,117,118,61,127
45,64,66,70,137,130,78,79,141,144,84,87,94,101,97,98,102,148,125,146,47,113,50,115,117,121,111,57,136,59,61
46,149,134,136,78,79,144,81,146,83,148,142,92,93,96,49,50,51,116,105,56,57,126,63
47,128,149,67,82,85,95,48,102,112,114,52,105,55,58,123,63
48,131,70,136,75,76,77,143,81,147,139,85,86,137,91,123,101,103,110,112,116,53,55,111,121,122,59,61,134
49,128,66,75,70,136,73,144,145,83,87,90,98,60,114,52,117,54,119,124
50,128,67,134,72,76,77,109,84,86,87,71,125,148,101,129,106,108,111,112,136,138,51,89,137,121,122,60,61,62
51,129,68,118,71,136,141,79,81,149,132,91,135,96,98,111,104,116,126,54,120,52,58,62
52,128,83,67,136,138,76,78,81,86,137,91,92,94,95,105,109,140,117,54,119,58,61,127
53,97,75,68,70,72,105,144,87,140,109,143,115,83,149,136,94
54,71,145,74,79,81,84,143,69,97,100,103,61
55,149,65,66,107,101,70,136,75,143,79,134,85,119,60,93,126,117
56,128,77,141,80,82,84,149,86,143,93,97,148,106,107,146,112,114,119,121,58,126
57,128,65,130,107,147,131,149,87,91,97,98,104,108,115,123,124,125
58,139,68,69,134,136,74,143,81,86,87,100,91,141,80,148,104,108,82,126,118,73,137,60,62
59,64,128,137,143,77,144,83,84,93,99,100,105,109,112,116,117,119,121,122,61
60,64,66,134,139,77,144,81,83,137,127,79,135,97,100,145,140,71,147,120,121,123,63
61,64,107,71,73,128,98,79,82,85,87,88,89,135,97,99,114,147,63
62,67,68,72,137,66,78,77,83,85,132,79,94,101,96,104,106,146,118,121,70,125
63,130,69,72,140,141,81,99,110,100,91,93,96,148,101,146,109,112,114,121
64,128,66,136,138,75,78,143,80,85,87,88,111,93,94,95,105,108,112,121
65,96,66,102,71,104,87,141,78,82,90,91,124,93,146
66,147,145,73,138,75,142,109,81,94,96,100,102,113,105,106,124,115,122
67,128,129,130,135,142,80,146,86,87,91,92,94,96,98,103,111,117,118,120,116
68,96,70,78,79,81,82,131,148,93,94,147,103,146,112,113,114,118,123,124,127
69,70,82,148,88,89,95,97,98,100,106,110,112,140,147,120
70,129,72,137,143,83,85,132,133,104,135,108,110,118,120,106
71,128,118,77,81,83,87,91,93,94,105,107,108,110,116,120,127
72,130,141,145,84,86,88,90,92,95,107,108,133,111,119,148,122,124,125
73,130,97,145,139,143,80,81,146,99,142,90,91,96,131,144,106,135,125,117
74,118,136,137,143,81,148,90,133,96,101,106,121,124
75,129,118,135,138,79,144,86,91,112,99,113,109,115,106
76,131,137,78,84,121,89,93,94,96,102,103,106,114,111,104,118
77,107,134,141,143,146,148,88,92,90,94,144,102,145,129,113,122
78,115,110,87,90,91,101,97,140,83,126,137,120,84,136,124,116
79,115,138,144,82,131,139,147,87,101,111,113,116,126,121,136,127
80,130,132,135,141,148,96,97,134,103,104,112,115,125,126,149
81,115,130,89,88,82,122,87,118,93,94,95,133,131,102,97,105,107,83,127,138
82,132,107,100,129,140,86,94,97,104,125,143,115,137,123
83,139,109,98,121,91,92,145,140,107,114,123,119,116
84,139,109,147,142,88,90,94,123,114,105,119,122,125,134
85,96,131,145,88,91,93,137,99,102,146,138,121,122,124,127
86,112,109,131,122,97,98,100,145,111,114,102
87,100,96,138,88,89,90,107,129,106,108,111,134,126
88,128,137,141,100,143,97,98,125,114,147,121
89,139,132,134,136,146,92,103,110,111,116,118,105,121,123,124,127
90,140,107,139,96,147,118,148,136,124
91,123,147,140,141,93,139,122,95,124,125
92,130,142,95,98,136,114,118,105,124
93,130,123,136,137,119,141,148,94,96,99,109,140,115,116,118,122,125
94,134,136,137,142,132,99,100,97,104,113,114,120,121,140
95,138,111,96,101,106,112,117,118,119
96,145,148,132,135,99,101,97,104,103,110,127
97,135,141,101,146,110,112,114,115,149
98,136,138,142,102,105,103,125,116,106,127
99,131,133,145,137,123,105,116,119,121,124,126
100,149,129,138,144,122,101,145,127,113,119,120
101,130,112,140,144,114,105,116,118,121
102,132,137,141,104,112,147,124,126
103,130,139,147,148,125,109,110,111,114,115,120,124,106,126
104,131,129,139,147,148,109,112
105,132,141,144,133,146,129,109,118,119,127,138,117
106,132,142,130,133,110,115,138,127
107,128,133,134,140,144,117
108,131,143,139,109,110,117
109,129,137,142,127,114,113
110,133,124,113,114,120,122
111,146,119,120,125
112,129,141,145,147,149,137,132,144,115,119,126
113,128,136,138,144,147,148,125,143,119,121,122,124,126
114,128,131,136,147,135,115,127
115,134,136,131,132,139,119,149
116,129,139,124,149
117,129,130,134,138,144,139,118,119,122,124
118,129,126,133,136,140,142,148,123,138
119,129,122
120,128,147,145,140,141,143,144,135,124
121,140,141,124,127,132
122,137,144,147,148
123,128,130,134,141,142,124,147
124,139,132,140,141,144,129
125,130,132,139,147,144,148,126
126,149,131,142,138,136,141,140,127
127,149,132,131,129
128,129,132,136,148,145
129,132,133,139,143
130,135,138,146
131,138,139,141,142,146,144,134,136
132,145,137
133,143,142,137,135,139,145,146
134
135,138,145,142
136,142,144,137,147
137,140,141,144
138,139
139,147,148
140,149,143,146
141,142,144
142
143
144,148
145
146
147,148
148
149
