n_nodes:38
n_edges:236
density:0.3357
0,32,2,3,4,7,10,18,21,23,36,26,27,28,30,31
1,35,18,27,36,22,6,25,9,11,13,29
2,16,3,4,22,33,10,11,30,27
3,32,36,7,9,10,12,15,18,19,22,27,28,29,31
4,35,6,13,14,16,17,23,25,27,28,31
5,17,34,35,20,9,12,31
6,8,10,11,16,21,24,25,26,27,36,29,31
7,32,34,35,33,11,12,17,18,19,22,25,30,31
8,17,27,22,9,26,11,13,30
9,18,20,36,27,28,37
10,37,15,16,18,20,21,24,27,29,30,31
11,34,14,16,17,20,21,22,29
12,34,33,18,36,24,29,37
13,21,22,23,27,31
14,35,18,27,21,22,26,30,37
15,17,21,35,24,27,28,30,37
16,17,27,22,34,30,35
17,32,35,18,21,23,24,36,27,28,30
18,34,36,33,19,23,24,25,26,30,37
19,29
20,33
21,35,36,23,30
22,32,37,34,23,25,31
23,34,26,31
24,32,34,37,25,28,29,30,31
25,35,33,36,26,37,29,30,31
26,32,37,27,28
27,28,29,31,33,34,35,36
28,33,29
29,36
30,33,35,36,31
31,33,37
32,36
33,37,34
34,36,37
35,36
36
37
