n_nodes:206
n_edges:13852
density:0.65603
0,2,3,4,5,6,7,8,9,11,12,13,14,15,16,17,18,19,20,21,22,24,26,27,29,32,33,34,35,37,38,39,41,42,43,44,45,48,50,56,57,59,61,64,65,66,68,70,71,72,74,76,77,79,80,81,85,86,89,92,94,96,97,98,102,103,104,105,107,108,112,113,114,115,116,117,118,119,120,121,122,123,125,126,127,128,129,131,132,133,134,136,137,138,139,140,141,143,146,147,148,150,152,155,158,162,163,164,165,166,167,170,171,172,174,178,179,180,181,182,183,185,187,188,189,193,194,195,196,200,201,202
1,2,5,9,10,11,13,14,16,17,19,22,24,27,28,29,30,32,35,38,39,40,41,43,45,46,47,49,52,55,56,57,60,61,62,63,65,66,67,70,71,72,74,75,76,77,80,81,83,85,87,88,89,90,91,93,94,95,98,100,104,105,106,107,108,109,110,111,112,114,116,117,118,119,120,121,122,125,126,127,129,130,132,133,134,136,137,138,141,142,143,144,145,147,148,149,150,151,152,153,154,155,156,157,158,159,164,166,167,169,170,172,173,174,175,177,178,179,180,181,182,183,186,188,190,192,193,196,197,199,202,205
2,3,4,5,6,7,8,9,10,12,13,16,19,20,21,22,23,24,25,26,27,28,30,31,32,33,34,35,36,37,41,42,44,45,46,49,50,51,52,54,55,56,57,60,61,63,64,65,67,69,70,71,72,73,74,75,76,77,79,81,82,83,84,85,86,89,90,91,92,95,97,102,103,104,105,106,108,109,110,112,114,115,116,119,120,121,122,124,125,127,129,131,132,134,135,137,139,141,143,144,146,148,149,150,151,152,153,154,156,157,158,159,160,162,165,167,168,169,171,172,174,175,176,177,178,179,181,182,183,184,185,186,187,188,189,194,195,196,197,199,201,203,204
3,4,5,6,9,10,11,12,13,14,15,16,17,18,19,21,22,27,28,29,31,32,33,36,37,39,40,41,42,43,44,45,47,48,49,52,54,59,60,62,64,65,66,67,68,69,70,72,73,79,80,81,82,83,84,85,88,89,91,93,95,98,100,101,103,108,109,111,112,113,114,115,117,120,122,123,125,126,128,129,130,131,133,137,141,142,143,145,147,150,152,153,155,156,157,158,159,160,162,163,164,166,167,168,169,170,171,173,175,176,177,179,181,184,186,187,188,189,191,193,194,195,196,197,199,200,201,202,203,205
4,6,7,8,9,10,11,13,14,15,16,17,18,20,21,22,24,26,27,28,31,33,35,36,37,38,39,40,41,42,43,44,45,46,47,48,49,50,51,52,60,61,62,63,64,65,66,67,68,69,70,75,76,77,78,79,80,82,83,84,85,86,87,88,89,91,92,93,94,96,98,99,100,101,103,104,105,106,107,108,109,110,113,114,116,117,118,119,120,123,124,125,128,129,130,133,135,136,139,140,142,143,146,147,148,149,151,152,154,155,156,157,158,160,162,164,166,167,170,171,172,173,174,177,178,180,181,186,188,189,190,191,192,193,194,195,196,197,198,201,202,205
5,6,8,9,12,13,15,17,18,21,22,24,25,26,28,29,30,31,32,33,34,35,36,37,38,39,43,45,48,49,52,53,54,55,56,57,58,59,60,61,62,63,64,65,67,68,69,70,74,75,77,79,80,81,82,83,84,85,86,87,88,89,92,93,95,96,97,98,99,100,101,103,109,111,113,114,120,121,123,125,127,128,131,132,134,135,137,138,139,140,142,143,146,149,154,155,156,158,160,167,168,169,172,175,178,182,184,185,186,188,190,191,192,193,195,196,198,199,204,205
6,8,10,11,12,15,16,17,18,20,23,25,28,29,30,33,34,35,36,37,40,41,42,43,44,45,46,49,50,52,53,54,55,56,59,60,61,64,66,67,68,69,70,71,72,73,74,75,80,81,82,83,85,86,87,88,89,93,95,96,98,99,100,101,102,104,107,108,109,110,113,116,117,119,121,122,124,125,129,131,133,135,136,137,138,139,140,142,143,144,146,148,149,150,152,156,157,159,160,161,162,163,164,166,169,170,175,180,181,182,183,184,185,187,188,190,191,192,193,195,198,199,201,202
7,9,10,11,12,13,14,15,16,19,20,21,22,23,24,25,26,27,30,32,33,35,36,37,39,40,41,43,44,45,46,48,49,50,51,53,54,55,56,57,59,60,62,64,66,67,68,71,73,74,75,79,80,81,82,84,88,90,91,92,93,94,95,98,102,103,104,105,107,108,111,112,113,115,116,118,119,120,122,123,125,127,128,129,130,131,132,135,136,139,140,141,142,143,144,149,150,151,153,156,157,158,159,160,161,164,165,166,167,168,170,171,172,173,174,175,176,177,179,180,181,182,183,187,188,189,190,191,192,194,196,197,198,199,200,202,203,204,205
8,10,11,12,14,16,17,18,21,22,25,26,27,30,31,32,33,34,35,37,39,40,42,43,44,45,47,48,49,50,51,53,57,58,59,60,62,64,67,69,70,71,72,75,76,78,79,80,83,84,85,87,89,90,92,94,95,96,97,98,99,101,102,103,104,105,106,107,110,113,116,117,118,119,120,121,124,125,129,131,132,133,135,138,139,141,143,144,147,150,152,153,154,155,156,157,158,159,160,161,162,163,164,167,168,169,170,171,172,173,174,175,176,177,178,179,182,183,184,186,188,190,193,194,195,198,199,201,202,205
9,10,11,12,13,14,16,17,19,20,21,22,23,25,26,27,28,29,31,35,36,37,38,39,40,42,43,44,47,49,51,53,54,55,56,58,59,60,61,62,64,66,67,68,70,74,76,77,78,79,80,81,82,83,84,85,86,88,89,91,93,94,96,97,100,103,104,107,108,111,112,113,114,116,118,120,121,122,123,126,127,128,130,131,134,136,137,139,140,142,144,145,146,147,148,149,152,155,157,158,159,160,162,163,164,166,167,168,170,172,173,174,178,179,180,181,185,186,188,189,192,193,197,198,200,201,202,203,205
10,13,14,15,16,17,18,19,20,21,22,23,27,28,30,31,32,35,36,37,38,40,41,42,43,45,46,47,49,54,55,58,59,60,62,63,64,65,66,68,69,70,71,73,74,76,77,78,80,82,83,84,86,87,88,90,91,92,93,94,96,98,99,100,101,103,107,108,109,110,111,112,113,114,115,116,117,118,122,127,128,131,134,135,136,137,138,141,142,143,144,146,147,150,153,154,155,156,158,159,162,163,164,165,166,167,169,170,171,172,173,174,177,179,180,181,185,188,190,191,193,194,197,198,199,201,205
11,12,13,14,15,16,18,19,20,21,22,23,24,25,26,28,30,31,32,33,35,36,37,38,39,40,42,43,45,49,51,52,55,56,57,59,61,62,63,64,65,66,68,69,71,73,75,77,78,79,81,82,83,84,85,86,87,88,89,91,93,95,98,99,100,102,104,105,106,107,108,109,110,112,113,115,117,118,119,120,121,122,123,124,125,126,128,129,130,131,132,134,136,137,138,140,141,144,145,149,150,152,153,154,155,156,157,159,162,163,164,166,168,171,172,174,175,176,177,180,182,184,185,186,188,189,190,191,196,197,198,199,200,201,202,203,204,205
12,13,14,15,16,18,20,21,26,27,28,29,30,31,32,36,37,38,39,41,44,47,48,49,51,53,54,55,56,57,59,60,61,63,64,65,66,68,72,73,75,79,82,83,84,85,86,87,88,89,91,93,94,95,96,97,98,99,100,101,102,104,105,106,108,110,111,112,116,117,122,123,128,130,131,132,136,138,141,142,143,144,145,146,147,148,149,150,151,154,155,156,157,161,162,164,165,166,167,169,170,172,173,174,176,178,179,180,181,185,186,187,189,192,193,195,196,197,198,199,201,202,204,205
13,14,16,17,18,19,21,22,24,26,28,29,30,31,32,33,35,37,40,41,44,47,49,50,51,52,53,54,55,56,57,58,60,61,62,63,64,66,67,68,69,70,71,72,73,74,77,78,79,81,82,83,84,85,86,87,89,90,91,92,94,96,97,99,100,103,104,107,108,109,110,111,112,113,114,115,116,118,121,122,124,125,126,129,130,135,136,137,139,141,142,143,144,146,147,148,149,150,151,152,153,154,159,165,166,167,168,169,170,171,172,174,175,176,177,179,180,183,185,186,187,194,196,198,199,200,201,203,204,205
14,17,18,19,21,22,23,24,26,27,28,32,33,34,35,37,39,43,44,45,46,47,52,53,54,55,58,62,63,68,70,71,74,75,79,80,81,84,85,86,89,91,93,94,95,97,98,99,100,101,102,105,107,108,109,110,111,112,117,118,119,120,122,123,124,125,128,129,131,132,134,135,137,138,140,141,146,148,149,151,153,154,155,156,157,161,162,163,164,165,167,168,171,172,173,175,176,177,179,181,182,183,188,190,191,192,196,197,198,199,201
15,16,19,20,24,25,26,27,30,33,36,38,39,41,42,44,45,46,47,48,50,54,55,56,58,61,63,64,65,67,68,69,70,71,72,74,75,76,77,78,79,80,81,83,84,85,87,89,90,91,93,94,95,96,97,101,102,105,106,107,109,110,112,113,115,117,118,119,120,121,123,125,126,127,129,131,132,134,136,137,138,139,140,141,142,145,146,147,148,149,153,154,155,156,157,158,159,160,161,162,163,164,165,166,167,168,169,171,173,174,176,177,178,179,181,182,183,184,186,187,188,189,194,195,198,199,200,201,203,204,205
16,18,19,20,22,23,25,27,28,29,32,33,35,37,40,41,42,44,46,48,49,51,52,53,54,55,57,58,59,61,62,63,64,65,66,68,69,70,72,74,75,76,77,78,81,82,83,84,85,86,87,93,94,96,97,98,99,100,102,103,104,105,111,112,113,115,116,117,118,119,123,125,126,127,128,129,133,134,135,136,137,140,141,142,143,144,145,146,147,149,150,152,153,155,157,158,159,161,164,166,168,169,172,173,175,176,178,181,183,185,188,189,191,192,193,195,196,197,198,199,200,201,203,204,205
17,18,19,20,21,22,23,24,26,27,28,30,31,32,33,34,35,36,37,39,40,41,42,43,44,46,51,53,54,55,57,58,59,60,61,64,65,66,67,68,69,70,72,75,76,77,78,80,82,84,85,86,87,88,91,92,93,97,98,99,101,105,106,107,108,111,114,115,116,118,119,120,121,123,124,125,127,128,129,130,132,133,134,135,136,139,140,141,142,144,145,146,147,152,153,154,155,156,157,159,160,162,164,165,166,167,171,173,174,175,176,178,179,181,182,184,185,186,187,188,189,191,192,193,195,196,197,198,199,200,202,203,204
18,19,20,21,22,23,24,25,26,27,28,29,33,35,36,37,38,39,40,41,42,43,44,46,49,50,51,52,53,54,55,58,60,61,62,65,66,67,68,70,71,72,73,75,76,78,79,81,83,85,86,89,90,91,92,93,94,95,96,97,98,100,101,103,104,105,106,107,110,112,113,115,116,117,119,121,122,123,125,127,129,131,132,133,134,138,139,141,142,143,147,148,149,150,151,152,154,155,156,158,159,160,162,164,165,167,169,170,171,173,175,177,180,183,185,186,187,188,190,192,195,196,200,201,202,203,205
19,20,21,22,25,26,28,29,30,31,32,33,36,37,39,42,43,44,45,47,48,49,50,51,52,53,54,58,59,61,63,64,67,68,70,72,73,74,75,78,79,82,84,86,87,88,89,90,91,92,93,96,98,99,101,102,104,105,106,108,109,111,114,115,116,117,118,119,121,122,123,125,126,128,129,131,133,138,140,141,142,144,145,146,148,149,150,151,152,154,155,156,157,159,160,161,162,163,165,166,167,169,170,171,173,174,175,176,177,178,179,180,181,182,183,184,186,187,189,190,194,195,196,197,198,199,200,201,202,203,204
20,21,26,27,30,32,34,35,37,39,41,42,44,47,49,52,53,55,56,57,58,60,61,63,66,67,68,70,71,73,74,76,77,80,82,83,85,88,89,90,91,92,94,95,96,97,98,99,100,101,102,104,105,107,109,111,112,118,119,120,121,122,123,124,125,127,128,130,131,132,134,138,139,140,141,144,145,148,149,150,151,152,154,155,158,160,161,165,168,170,171,172,173,174,175,177,178,179,181,183,184,185,186,188,189,190,191,193,196,197,198,199,201,202,203,205
21,23,24,25,26,27,28,29,30,33,34,35,37,42,43,46,47,48,50,51,52,53,55,56,58,61,62,63,65,66,68,70,71,72,74,75,77,78,79,82,83,84,85,86,87,88,89,90,93,96,98,99,100,103,104,105,106,107,108,109,110,112,114,116,118,119,123,126,127,128,129,134,135,138,139,141,142,144,145,146,147,149,150,152,153,154,155,157,158,160,162,164,168,170,172,173,174,175,177,179,180,181,183,184,185,186,187,188,190,191,192,193,194,195,196,199,200,203,204,205
22,23,25,26,27,29,31,33,34,35,36,39,40,41,42,43,48,49,51,52,53,54,55,56,58,60,63,66,67,69,70,73,75,76,78,79,80,81,82,84,85,87,88,89,90,92,96,97,98,99,100,101,102,103,104,108,110,114,115,116,119,120,121,124,127,128,131,134,135,136,137,138,139,140,142,143,144,145,148,152,153,154,156,157,158,162,163,164,165,167,169,170,171,172,174,175,177,178,180,181,183,186,187,188,189,191,192,194,195,197,199,200,202,203,205
23,26,27,29,31,32,33,35,36,38,39,40,42,45,46,47,48,49,51,53,54,55,57,60,61,63,66,68,69,71,72,75,76,77,78,79,81,82,83,84,85,86,87,90,91,92,93,95,97,98,99,103,106,109,110,111,113,114,116,118,119,121,124,126,129,131,132,133,134,137,138,140,141,142,143,144,145,146,147,148,150,151,152,154,155,158,159,162,163,164,165,166,168,169,170,172,173,175,176,177,178,179,181,182,188,189,190,191,193,196,197,198,199,201,203
24,26,27,28,29,30,31,33,37,38,40,41,43,44,45,46,47,48,49,50,51,52,53,55,56,60,61,62,63,66,70,72,73,74,76,77,80,84,87,88,89,90,92,93,95,96,98,99,100,101,102,103,104,105,106,109,110,111,113,115,116,119,120,121,122,123,125,126,127,128,129,130,132,133,134,135,136,137,138,139,140,141,143,144,145,146,147,149,150,153,155,156,157,159,162,163,164,165,167,170,171,173,174,175,176,177,178,181,182,183,184,185,186,188,189,190,192,194,197,201,202,203,204,205
25,26,28,29,31,32,33,34,36,37,39,41,42,44,45,46,47,49,50,52,53,54,55,57,58,59,60,61,63,65,67,69,70,72,73,74,76,77,78,84,85,86,87,88,89,90,92,93,96,99,100,102,103,104,106,107,108,110,111,112,113,114,115,116,117,118,119,121,122,123,128,129,131,132,133,134,135,137,139,141,143,145,147,148,151,156,157,158,159,160,161,162,163,165,166,167,169,170,172,173,174,176,179,181,182,183,184,185,186,188,189,192,193,196,197,198,199,201,202,203,204
26,28,32,33,34,35,36,37,38,39,42,45,47,48,51,54,59,60,61,62,64,65,66,68,70,74,75,76,78,80,82,83,84,85,87,90,91,92,95,97,98,99,101,102,103,104,107,108,109,110,111,113,115,116,117,118,119,120,121,122,124,126,128,132,133,134,135,136,138,139,147,148,150,152,153,155,156,157,158,163,165,166,167,169,170,171,172,173,177,180,181,184,185,186,187,188,190,192,194,195,196,197,198,204,205
27,30,31,34,35,36,37,38,39,41,42,44,45,46,49,50,51,53,54,56,57,58,59,63,64,66,68,70,72,76,77,78,79,80,82,84,86,87,88,89,90,92,94,95,96,98,99,101,102,104,105,106,107,108,109,110,113,114,115,118,119,121,122,123,124,125,126,127,128,129,130,133,134,135,136,140,142,143,144,146,148,149,151,152,154,156,157,158,160,162,164,165,168,169,170,172,174,175,176,177,180,181,182,183,184,185,186,187,189,190,191,192,198,200,202,204,205
28,30,31,33,34,35,36,37,38,39,40,41,42,43,44,45,46,47,49,51,52,53,55,57,58,59,61,63,64,65,68,69,72,74,75,77,79,80,81,82,83,84,85,88,89,90,91,94,96,97,98,99,101,105,106,107,108,110,111,113,114,115,118,119,120,121,122,123,124,125,127,131,132,133,134,137,138,141,144,145,147,148,149,151,152,154,155,159,160,161,162,163,164,165,166,167,168,169,171,172,173,175,177,178,180,182,184,185,187,188,190,191,192,193,194,195,196,197,198,199,200,202,203,205
29,31,32,33,36,38,40,41,43,45,46,47,48,49,51,54,55,56,57,58,60,62,63,64,65,67,69,71,72,73,75,76,77,78,79,81,82,83,84,87,88,89,93,95,96,97,98,100,101,102,103,104,106,109,110,112,114,115,116,118,120,122,124,126,127,128,130,134,136,137,139,140,141,142,144,145,147,148,150,151,153,154,155,156,157,158,159,160,161,163,164,166,167,168,169,170,172,173,174,175,177,178,182,183,186,187,188,191,192,193,194,195,196,198,199,202,205
30,31,32,33,34,35,38,39,40,41,43,44,45,48,49,50,52,53,55,56,57,58,59,61,63,64,67,68,69,71,72,73,75,76,78,79,80,82,83,84,86,90,91,92,95,96,97,98,100,102,103,105,107,109,111,112,113,114,117,118,120,122,124,125,127,128,131,132,134,135,136,137,138,139,140,141,142,144,145,146,147,148,149,150,151,152,153,155,156,157,159,160,161,162,163,164,165,167,168,169,170,171,173,174,175,176,177,178,180,181,183,187,188,190,191,192,193,194,196,198,199,200,204,205
31,33,35,36,37,38,39,41,46,48,50,51,55,56,57,58,59,61,63,64,65,66,70,73,74,75,77,79,81,82,83,84,87,88,89,90,93,95,101,102,104,106,108,111,112,113,114,115,117,118,121,122,123,124,126,128,129,130,131,132,133,134,136,137,138,141,142,143,144,146,147,148,149,150,151,154,155,157,158,160,161,162,163,164,165,166,167,168,169,171,173,174,175,176,177,179,180,181,182,184,185,186,188,189,190,191,194,195,196,197,198,199,201,204,205
32,33,35,39,40,41,43,46,47,49,50,51,52,53,54,55,56,57,58,59,62,63,64,65,66,67,68,73,76,78,80,81,82,83,86,87,89,90,91,93,94,98,99,102,103,104,106,108,109,110,111,113,115,116,117,119,120,121,122,123,124,127,131,132,133,134,135,140,141,142,144,146,148,149,151,152,154,155,156,157,158,160,161,162,163,167,168,169,171,172,176,178,181,183,184,185,186,192,195,196,198,200,204,205
33,36,38,39,40,41,43,44,47,48,50,51,53,54,56,57,60,62,63,64,65,67,68,69,70,73,74,75,76,77,78,80,82,85,86,87,88,89,90,91,93,94,95,96,98,101,102,104,105,106,109,111,112,115,116,117,118,119,120,122,123,124,126,128,130,131,132,133,135,136,137,138,139,140,141,143,144,145,146,147,151,154,155,156,157,158,160,163,165,166,170,171,175,176,177,180,182,183,184,185,187,190,191,192,193,196,197,198,201,202,203,205
34,35,36,38,41,43,44,45,46,47,48,52,53,54,55,56,57,61,62,63,64,65,67,69,70,71,72,75,76,78,79,80,81,82,83,84,85,86,87,89,91,92,93,95,96,97,98,100,101,103,105,106,107,109,110,111,116,118,120,121,122,124,127,129,131,133,135,136,137,138,139,142,143,144,145,149,150,151,152,155,156,157,158,159,162,163,165,166,167,169,172,173,174,175,176,177,179,180,182,183,184,185,186,187,188,190,191,192,193,194,196,197,198,199,200,202,205
35,36,37,39,40,41,42,43,44,45,46,47,50,51,52,53,54,55,58,61,62,63,64,66,68,70,71,72,73,74,76,77,78,80,82,86,91,93,96,97,98,99,100,101,102,103,106,107,108,109,110,111,113,114,115,116,117,118,119,120,121,122,123,125,126,129,130,132,133,134,135,136,137,138,139,140,143,144,145,148,150,151,152,153,154,155,156,158,163,164,167,169,171,172,173,176,177,178,179,183,184,186,187,188,190,191,192,194,195,197,198,199,201,202,203,204,205
36,39,40,41,42,43,45,46,48,50,54,55,56,58,61,62,63,64,65,66,67,68,70,71,75,76,77,78,81,82,83,86,88,89,91,92,93,94,95,96,97,98,100,101,102,103,104,105,106,109,110,111,112,113,114,115,116,117,121,122,123,124,125,126,127,131,132,134,136,137,138,139,141,143,144,146,147,148,149,150,151,153,155,156,158,162,165,168,169,170,172,174,175,176,178,179,181,182,184,185,186,188,190,191,192,193,194,195,196,197,199,201,202,204,205
37,38,39,40,41,42,43,45,47,49,50,52,54,55,57,58,61,62,63,64,66,67,68,69,71,72,73,74,76,77,78,79,80,82,83,85,87,88,89,93,94,96,98,99,101,102,103,104,106,107,109,110,111,112,113,114,115,119,120,121,122,123,124,125,126,127,128,130,132,133,134,135,136,137,140,141,143,146,148,149,150,152,154,157,158,159,160,161,162,164,165,166,168,171,172,173,174,175,176,179,180,181,182,183,187,190,192,194,195,196,197,199,200,201,202,203,204,205
38,39,40,41,43,45,48,49,50,51,53,54,56,57,60,64,65,69,70,71,72,75,77,82,83,84,85,88,89,91,92,93,94,95,96,97,100,102,103,104,107,108,109,111,112,113,114,115,116,118,119,120,121,123,124,125,126,127,129,130,131,136,138,139,141,142,144,145,146,148,149,150,151,154,155,156,159,160,161,162,163,164,165,166,167,170,171,177,178,179,180,182,183,184,185,186,187,189,190,192,193,195,196,197,201,203,204
39,40,41,42,44,45,46,47,48,50,51,52,53,59,60,62,64,65,66,67,72,74,75,76,77,78,81,82,84,88,89,90,91,92,93,94,96,98,99,100,101,103,104,106,107,109,110,111,113,114,116,117,118,119,120,121,123,124,125,126,127,128,129,131,132,134,135,137,139,140,142,143,144,145,146,147,150,151,152,153,154,156,157,158,159,161,162,163,164,165,167,171,172,175,177,178,179,180,181,182,183,185,186,190,191,192,193,194,198,199,202,203
40,41,42,44,45,46,47,48,49,52,53,54,55,57,58,61,62,63,64,66,67,69,71,74,76,81,82,83,84,85,87,88,90,94,95,96,98,100,103,104,105,107,108,109,110,113,114,115,117,119,120,123,125,126,127,128,129,132,133,134,135,137,140,141,143,144,146,147,148,151,152,153,154,155,156,157,163,164,166,168,169,171,172,175,177,178,180,183,187,188,189,191,192,195,196,198,200,201,203
41,42,44,46,47,48,52,53,54,55,57,58,59,60,61,64,65,66,69,70,72,74,75,76,77,78,79,80,81,82,84,86,87,88,89,90,91,92,93,94,95,98,99,102,104,105,106,107,108,110,111,114,115,118,119,120,123,124,125,126,128,131,133,135,137,138,139,140,141,142,143,144,145,146,147,148,149,153,155,157,162,163,164,165,166,168,169,170,172,174,176,177,178,181,182,184,185,186,187,189,191,192,193,194,195,197,201,202,203
42,43,44,45,46,47,49,55,59,63,64,65,68,70,72,75,76,77,79,81,82,83,84,86,87,89,90,91,92,93,94,98,100,101,103,104,105,107,108,110,111,115,117,119,121,122,123,124,125,126,127,128,129,131,133,136,137,140,142,143,144,146,150,153,154,155,157,158,159,160,164,165,167,168,170,172,173,177,178,179,184,185,186,187,188,189,193,195,196,197,198,199,200,201,203,205
43,44,45,47,49,50,55,56,57,58,59,60,61,62,63,65,68,71,72,73,74,75,76,77,78,79,82,84,85,86,87,89,90,92,93,95,96,98,101,102,103,106,107,108,109,110,111,112,113,115,116,117,121,122,124,125,127,128,129,132,133,134,135,136,137,138,139,141,142,143,144,145,146,147,148,149,151,152,153,154,155,158,160,161,162,164,165,166,167,169,172,173,174,177,178,179,180,181,182,184,185,188,191,192,193,194,195,199,200,202,203,204,205
44,46,48,49,50,52,55,56,57,59,61,62,63,64,65,67,68,69,70,71,72,73,74,75,76,77,78,79,81,84,87,88,89,90,93,94,95,97,99,100,101,102,105,106,107,108,109,111,112,113,114,115,117,118,119,123,124,125,127,128,129,130,131,136,137,138,139,141,142,143,144,149,152,153,154,155,156,157,158,159,160,161,164,166,167,170,172,173,175,180,181,182,183,184,185,186,187,188,189,190,191,192,194,195,196,197,198,199,200,203,204,205
45,46,47,49,51,52,53,54,57,58,59,61,63,64,67,68,70,71,72,73,75,79,80,83,85,86,87,88,89,90,91,93,97,98,99,100,101,102,103,104,105,108,110,113,116,117,118,120,121,123,125,126,130,131,134,135,136,138,139,140,143,145,147,148,149,150,152,156,157,158,159,160,161,162,164,166,167,168,169,173,176,180,181,187,188,190,192,194,195,197,198,199,203,205
46,49,52,54,55,56,57,58,60,61,62,63,64,66,67,70,74,75,77,78,80,83,85,86,88,89,91,92,93,95,97,98,99,102,103,106,111,112,113,114,116,119,121,124,125,127,128,129,130,131,133,134,135,137,138,140,141,142,143,145,147,150,151,152,153,154,155,156,157,158,160,161,163,165,166,167,168,169,171,172,173,175,176,178,181,182,185,187,188,190,191,193,194,195,196,197,198,199,200,201,202,203,205
47,48,49,51,52,53,56,57,58,59,60,61,62,63,64,65,66,67,68,71,72,76,81,85,87,88,89,93,95,97,98,99,101,102,104,106,111,113,114,115,117,118,120,121,124,125,129,131,133,134,136,137,138,139,141,142,144,145,147,148,151,153,155,156,157,158,159,160,161,162,163,164,165,166,167,168,169,170,171,174,175,177,180,182,183,184,185,187,188,189,191,193,196,197,198,199,200,201,202,203,204,205
48,49,50,51,53,54,55,57,58,59,61,62,63,64,66,67,68,69,71,72,73,74,76,77,78,79,81,82,83,85,87,88,94,96,97,100,102,103,104,105,106,107,109,110,112,113,114,115,116,117,121,122,123,124,126,127,128,130,132,133,134,135,136,140,141,143,145,147,148,149,150,151,153,154,155,156,158,159,161,162,163,164,165,166,167,169,170,171,173,174,175,178,180,181,182,183,184,186,187,188,190,191,192,193,194,195,198,199,200,201,202,203,204,205
49,51,53,54,58,59,60,62,63,64,65,66,67,68,69,70,72,73,74,76,77,78,79,80,83,84,85,87,88,90,91,94,96,98,99,101,102,103,104,105,107,108,110,111,113,114,115,117,118,119,120,121,123,124,125,126,129,130,132,134,135,136,137,138,139,142,143,144,145,146,148,150,151,152,153,156,158,162,163,164,165,169,172,173,175,176,177,178,179,180,183,184,185,186,189,190,191,192,193,194,195,198,199,200,202,203,204,205
50,51,52,53,54,56,57,59,60,62,64,65,66,67,68,69,71,72,73,74,75,76,78,80,81,82,83,84,85,87,88,89,90,91,92,95,96,98,99,100,101,104,105,106,107,109,112,114,117,118,120,121,124,125,127,129,130,133,134,135,136,140,141,147,149,151,153,154,155,156,158,161,162,163,164,165,166,167,168,172,173,174,175,177,179,180,181,182,184,185,187,188,189,190,192,193,194,197,198,199,201,202,203,204,205
51,52,54,55,56,57,59,60,61,62,69,70,71,72,73,74,75,77,78,79,81,84,85,86,88,89,90,91,92,93,95,96,100,103,104,107,108,112,115,116,117,118,121,122,123,124,125,126,128,131,133,134,137,138,139,140,142,143,145,147,148,151,155,156,158,162,163,171,173,174,175,178,180,181,184,185,186,187,188,189,190,192,193,194,195,196,197,200,202,203,204,205
52,53,55,59,60,61,62,63,64,67,68,69,71,73,74,76,77,79,80,82,83,86,87,91,92,93,94,96,97,100,104,105,106,107,108,110,111,112,113,115,116,117,118,119,120,121,122,124,126,127,128,129,130,131,132,133,134,135,138,139,140,141,143,146,147,149,150,152,153,154,155,156,157,160,161,163,164,165,166,167,169,175,177,178,180,182,183,184,186,187,188,189,191,192,193,194,195,196,199,200,202,203,204,205
53,54,55,56,57,59,60,62,64,65,68,69,70,73,74,76,77,80,81,82,83,86,88,89,90,92,94,95,96,98,99,102,103,105,107,108,109,110,111,112,113,114,115,116,117,119,121,122,123,124,125,127,129,132,133,134,137,139,141,143,144,145,149,151,152,154,155,156,158,159,161,162,163,165,166,167,168,169,170,171,173,174,175,176,181,182,183,184,185,188,189,190,193,196,199,201,202,203,205
54,56,57,59,61,63,64,66,67,69,70,71,72,73,74,75,76,79,80,81,83,84,85,86,87,89,90,91,92,93,95,96,97,99,100,102,104,106,108,110,112,113,114,115,116,117,119,120,121,123,124,126,127,128,129,130,131,132,133,134,137,138,139,140,142,143,144,146,147,148,151,152,153,159,160,161,163,167,169,171,172,174,177,178,179,181,183,184,185,187,192,193,194,195,198,199,200,202,204
55,57,59,62,63,66,68,70,72,74,75,78,79,80,81,82,83,84,85,87,88,89,90,91,92,93,94,95,99,104,106,108,109,110,112,113,114,115,116,117,118,122,123,124,127,129,133,134,136,137,139,140,141,144,146,147,148,149,151,152,154,157,159,160,161,162,163,164,165,167,169,170,171,173,174,177,178,180,184,187,188,189,190,191,193,194,197,200,201,202,203,205
56,62,64,65,67,69,70,74,75,77,78,80,81,82,84,89,90,92,94,96,97,98,100,101,102,104,105,106,107,108,109,110,111,112,113,114,115,116,118,119,120,122,123,125,126,127,128,129,130,131,136,137,138,139,140,143,144,145,146,148,151,152,153,155,156,157,158,159,160,162,163,165,169,170,171,174,176,177,181,183,186,187,189,190,191,192,195,198,199,200,201,203,204,205
57,58,59,60,61,62,63,64,68,69,70,73,74,75,76,77,78,79,80,83,84,85,86,87,89,90,91,92,93,94,95,96,97,98,100,101,102,104,105,108,109,110,111,112,113,114,115,116,117,118,120,121,122,123,124,125,126,127,128,129,130,133,135,136,137,139,140,141,143,148,150,151,153,156,157,158,159,160,161,162,164,169,171,172,174,175,176,177,178,181,183,184,185,186,187,189,191,192,193,194,195,196,198,199,201,202,204
58,59,60,61,63,64,65,66,67,68,69,70,71,72,73,74,75,76,77,78,79,80,81,82,83,84,85,86,87,88,89,90,91,93,94,95,97,99,100,103,105,106,107,109,110,112,114,116,117,118,120,121,123,124,125,128,129,130,131,133,134,135,136,137,138,140,141,142,144,145,146,148,149,150,151,152,153,154,155,156,157,158,159,160,161,162,164,165,168,169,172,174,176,177,179,180,181,182,183,184,185,186,188,190,191,192,194,196,197,199,200,201,202,204,205
59,60,63,65,66,67,69,70,71,74,76,77,78,79,80,82,84,85,86,87,88,89,90,97,98,99,100,101,105,106,108,112,113,114,117,118,119,123,124,125,126,127,128,129,133,134,135,136,137,139,140,141,142,143,144,146,148,149,150,151,152,153,154,156,157,158,159,160,161,162,164,168,169,170,172,173,174,179,181,182,183,184,185,188,189,194,195,197,198,199,200,204,205
60,61,66,67,68,69,70,71,73,74,75,76,77,79,80,82,83,86,87,88,89,90,91,93,94,95,96,99,100,101,103,104,106,107,108,109,110,111,112,113,114,116,117,118,119,120,121,124,125,127,128,129,130,131,132,134,135,138,140,142,143,146,147,149,151,152,153,154,155,157,158,159,161,162,163,164,165,166,168,169,170,171,173,175,176,177,178,179,180,181,183,184,185,186,187,188,189,190,192,193,194,195,197,200,202,204,205
61,62,63,64,66,67,68,70,71,72,74,75,76,78,79,81,83,84,86,87,88,91,94,95,96,97,98,103,105,106,107,110,111,112,113,114,115,116,117,118,119,120,122,124,125,126,127,128,130,131,132,133,137,140,141,142,144,146,148,150,151,152,153,154,155,156,157,160,163,164,168,169,170,176,180,182,183,185,186,187,188,189,190,191,193,194,196
62,64,65,66,67,70,72,73,75,77,78,79,82,84,86,87,88,89,90,91,92,94,95,97,101,102,103,104,106,107,108,113,116,117,118,119,122,123,124,132,133,134,135,136,137,138,139,140,141,142,143,145,146,147,149,150,152,153,156,158,159,160,164,165,166,168,170,171,175,176,177,178,181,182,183,184,185,186,187,191,192,194,196,199,200,201,203,204
63,64,66,67,68,70,71,72,73,74,75,76,77,79,80,81,82,83,85,86,89,90,91,93,94,96,97,99,100,103,104,106,110,111,112,113,115,116,117,118,120,121,123,124,125,126,127,128,129,130,131,133,134,136,137,140,141,142,143,144,145,147,149,153,154,155,156,157,158,159,161,162,164,165,166,167,168,169,171,172,173,174,175,177,179,182,184,185,186,187,189,191,193,194,195,196,197,198,204
64,65,66,67,68,70,71,72,73,74,76,77,78,79,81,83,84,87,88,89,90,91,93,96,98,100,101,102,103,104,105,106,107,110,111,112,113,114,115,116,117,118,119,120,122,124,125,126,127,128,129,130,131,132,134,135,136,137,139,140,141,143,146,147,149,150,151,154,155,157,159,161,162,164,165,166,167,168,171,172,174,175,179,181,182,183,188,189,190,191,192,193,194,195,197,199,202,203,204,205
65,67,69,70,73,75,76,80,81,83,84,85,86,87,88,89,91,92,93,94,95,97,98,99,100,101,103,104,105,106,107,108,109,110,111,112,114,116,117,120,121,123,124,125,127,130,132,133,134,135,136,138,141,142,143,144,145,146,147,148,150,152,153,154,155,156,159,160,161,164,167,168,169,171,172,174,175,176,177,180,185,186,189,190,191,192,193,194,195,196,197,198,199,200,203,204
66,67,68,70,72,73,74,76,77,78,79,80,81,82,84,85,87,89,90,92,95,96,97,99,101,102,103,105,106,107,109,110,111,112,114,116,117,119,121,122,123,124,125,127,130,131,133,134,136,137,138,141,142,146,147,149,152,155,156,157,166,171,173,174,175,177,179,180,182,183,184,185,186,187,188,189,190,191,193,194,197,199,200,201,203,204,205
67,69,70,71,72,74,75,76,80,81,82,83,85,86,88,89,90,92,93,95,96,98,99,102,103,105,106,107,108,110,111,112,114,115,116,117,118,119,120,121,123,124,125,129,130,132,135,136,137,138,141,145,146,147,150,151,152,153,154,156,157,159,160,161,163,164,165,167,168,169,172,173,174,175,177,179,180,181,182,184,185,188,189,190,191,192,193,194,195,196,199,201,202,203,204,205
68,69,71,73,74,75,76,77,78,79,82,83,84,85,86,87,89,90,91,92,95,96,97,99,100,102,103,104,105,106,108,109,110,111,112,116,117,118,120,123,125,127,130,131,132,133,134,135,136,137,138,139,141,142,143,144,149,150,152,154,155,156,158,160,162,166,168,169,170,171,173,174,175,176,177,182,183,188,190,191,194,195,196,197,198,199,201,202,203,204
69,71,72,74,75,77,78,79,80,81,85,86,87,88,94,95,97,98,99,100,102,103,104,105,106,107,108,109,110,111,113,114,115,117,119,120,124,125,127,128,129,130,131,132,133,135,137,138,140,141,142,143,144,145,147,148,149,150,152,153,154,156,160,163,164,165,167,170,171,173,174,175,176,178,179,180,181,182,183,185,186,187,189,191,192,195,197,198,199,200,202,203,204,205
70,71,72,74,76,77,78,79,80,83,84,85,88,90,91,92,93,96,98,99,104,107,109,112,114,115,118,119,120,121,122,123,125,126,127,129,130,133,134,135,136,137,138,140,141,145,146,149,150,151,152,154,156,157,158,159,162,163,165,166,167,168,169,170,171,172,174,175,176,177,179,180,182,184,185,186,191,193,195,196,197,200,202,205
71,72,73,77,79,80,81,84,86,87,88,89,90,91,92,93,94,95,97,99,101,102,103,104,105,106,107,108,109,110,111,112,114,116,118,122,123,124,125,126,128,129,131,134,136,137,141,142,144,145,146,147,149,150,151,153,154,155,156,158,159,160,161,163,164,166,167,169,170,171,172,174,175,176,177,178,179,180,183,184,188,190,193,194,195,196,197,198,199,200,202,203
72,73,74,75,77,78,80,82,84,85,87,89,91,93,94,95,96,97,99,100,101,102,103,104,106,107,108,110,111,112,113,114,116,117,118,119,120,122,123,124,125,126,127,128,129,131,132,133,135,136,137,138,139,140,141,144,147,148,152,153,154,155,157,158,159,161,162,163,164,165,166,167,168,169,170,171,172,175,176,177,178,180,181,184,185,186,187,188,189,190,194,195,196,197,199,201,202,203,205
73,74,76,77,79,80,81,85,87,88,89,90,93,94,95,96,98,99,101,103,106,107,108,110,111,112,113,115,116,118,119,120,124,129,132,133,134,136,138,139,140,142,143,145,146,148,149,150,151,153,154,156,159,160,161,163,164,165,167,168,169,170,171,173,174,175,178,181,184,186,188,189,190,193,194,196,197,201,202,203
74,75,77,78,79,84,85,87,88,89,90,95,96,98,99,102,103,104,106,107,109,111,112,113,115,117,118,120,121,123,124,125,126,127,128,129,130,131,132,134,137,138,140,141,142,143,145,147,148,149,150,151,152,156,159,161,162,163,165,169,171,173,174,177,178,179,181,182,185,186,187,188,190,194,195,196,197,198,202,205
75,76,78,79,80,81,82,83,85,87,88,89,91,94,96,97,100,102,104,105,107,108,109,110,111,113,117,118,119,120,123,124,125,126,129,130,131,133,135,136,137,138,140,141,142,144,145,146,147,148,151,152,153,154,156,157,159,160,161,163,165,166,167,168,171,172,173,174,175,176,177,178,179,180,181,182,183,184,186,187,188,189,190,191,192,194,195,196,197,204
76,77,78,79,80,81,83,85,88,90,91,93,94,95,96,98,99,100,101,102,103,104,105,106,108,109,111,113,114,116,117,118,119,120,124,126,128,129,130,132,133,134,137,138,140,141,142,143,144,145,146,151,153,154,155,156,158,160,161,164,165,166,167,169,171,172,175,177,179,181,182,183,184,186,187,188,189,190,191,192,193,196,197,198,199,201,202,204,205
77,79,80,81,82,83,87,89,90,91,92,94,95,97,98,99,100,101,103,106,108,109,110,114,115,116,117,119,121,123,124,125,126,128,129,132,134,135,137,138,139,142,143,144,146,147,148,149,150,152,155,156,157,158,160,162,163,164,165,167,170,171,172,174,175,176,177,178,179,182,183,185,186,188,189,190,191,192,193,195,198,199,200,201,203,205
78,79,81,82,83,84,88,89,90,91,92,93,95,97,98,99,100,102,103,105,106,107,108,109,110,111,112,113,117,118,119,121,125,127,130,131,133,134,135,136,137,138,139,144,145,147,148,149,150,151,153,154,155,157,158,159,160,161,162,163,164,166,167,169,170,172,173,175,178,179,180,182,184,185,186,187,188,189,190,191,192,193,195,196,199,200,201,203,204,205
79,80,82,83,84,85,87,89,91,93,94,95,96,97,100,102,103,105,107,108,109,113,114,115,116,117,118,119,120,122,125,127,128,129,132,133,134,135,136,138,140,142,144,145,146,148,149,151,152,154,156,157,159,160,162,164,165,167,169,170,172,173,175,176,177,178,179,181,182,183,184,186,187,188,189,190,191,192,194,195,196,197,198,199,200,201,202,203,204
80,81,82,84,85,87,88,89,91,93,94,95,96,99,100,103,106,107,109,111,112,113,115,116,117,118,120,121,122,124,125,126,127,129,130,131,132,133,134,136,140,141,142,144,145,146,147,148,149,150,155,156,158,160,161,162,163,164,166,167,168,169,170,173,174,175,177,178,179,182,187,189,190,191,193,194,195,196,201,202,203,205
81,82,83,87,89,90,91,93,96,97,98,100,102,103,105,107,109,110,112,113,114,117,118,119,120,122,123,124,125,128,129,130,131,132,133,135,136,137,138,139,141,142,143,145,146,149,150,151,152,155,156,157,159,160,161,163,164,165,171,174,176,177,178,180,181,182,186,187,188,190,191,192,194,196,197,198,200,202,203,205
82,84,85,88,89,90,91,93,96,97,98,99,100,104,108,109,110,111,113,114,115,117,118,119,121,122,126,127,128,129,130,132,133,134,135,136,138,139,141,144,146,147,148,150,151,152,155,157,158,159,161,163,165,166,169,170,171,172,173,175,176,178,179,180,181,182,186,187,189,190,191,192,193,194,195,196,197,198,200,202,204,205
83,84,86,87,89,92,95,96,97,98,99,104,105,106,108,109,110,113,114,116,117,118,119,120,121,122,123,124,128,129,132,135,137,139,140,142,143,146,147,148,149,150,151,152,153,154,158,163,164,165,166,167,170,171,172,174,176,177,178,179,180,183,184,189,190,191,192,193,194,195,198,200,201,202,203,205
84,85,86,90,93,94,95,99,101,102,103,105,106,107,108,110,112,114,115,116,117,118,120,121,123,124,126,127,128,132,136,137,138,139,140,141,142,144,145,147,150,152,153,159,160,161,162,163,164,165,167,169,172,173,174,175,177,178,179,180,181,182,183,184,185,186,187,188,190,191,194,196,198,199,200,201,202,203,204,205
85,87,88,91,92,93,94,95,97,98,99,100,102,103,104,105,106,107,108,110,111,112,114,118,119,120,122,124,125,127,128,129,130,131,132,135,136,137,140,141,142,143,144,145,146,147,148,149,156,157,160,161,165,168,169,170,171,173,174,175,176,177,178,179,180,181,183,184,185,187,188,192,193,194,196,198,202,203
86,88,90,91,92,95,96,99,100,101,103,104,105,106,108,111,112,113,114,115,116,117,118,119,120,121,122,123,124,125,126,127,128,130,131,133,134,135,137,141,143,145,146,147,150,151,152,153,154,155,156,159,162,163,164,165,171,172,173,174,176,178,179,182,183,184,185,186,187,188,189,192,193,195,197,198,200,202,203,205
87,88,89,92,95,98,99,100,101,102,103,104,105,106,109,111,113,114,118,119,120,121,122,124,125,126,127,128,129,130,131,132,135,136,138,142,143,145,147,148,149,150,152,153,154,155,156,157,158,159,160,164,166,168,169,170,173,176,177,184,185,187,188,190,191,192,193,195,196,197,200,201,204
88,92,94,95,96,97,99,100,101,102,103,104,105,106,107,109,110,111,112,113,114,115,117,118,119,120,121,123,127,128,129,130,131,133,136,138,139,140,141,142,143,145,147,148,149,150,151,152,153,154,155,156,157,158,159,160,161,162,163,164,166,168,169,170,171,173,174,176,177,178,180,181,182,184,185,187,188,189,190,191,194,195,196,197,198,200,202,203,204
89,90,91,92,93,94,95,96,97,102,103,104,106,109,110,112,113,117,118,120,121,123,125,126,127,130,131,132,133,134,135,136,137,138,139,140,141,142,147,148,149,150,151,153,154,156,158,159,160,161,162,163,164,166,167,169,170,175,177,178,179,180,181,182,183,184,186,187,190,191,192,195,196,198,199,200,201,203,204,205
90,92,93,94,95,96,99,100,103,104,105,106,108,110,111,115,116,118,119,120,121,123,124,126,127,128,129,130,131,132,134,136,137,139,140,141,143,144,146,147,149,151,152,153,154,155,157,159,160,162,163,164,165,166,167,168,169,170,171,177,180,181,183,184,185,186,189,190,191,192,193,195,198,199,201,203,204
91,92,93,94,95,96,97,99,100,101,102,106,108,109,111,112,113,114,115,118,119,120,122,123,124,125,126,128,130,131,133,134,135,136,139,140,144,145,147,149,151,152,154,155,157,159,160,163,164,166,167,169,170,171,172,173,174,175,176,177,179,181,183,185,186,187,188,189,190,192,196,198,200,201,203,204
92,93,95,97,98,99,100,102,103,104,105,106,107,109,110,111,112,113,116,117,118,119,120,122,128,129,132,133,134,135,136,137,139,140,143,144,146,147,148,149,150,151,152,153,155,156,158,159,160,164,165,166,167,168,170,171,172,173,174,175,176,177,178,179,181,182,183,185,186,188,190,191,193,196,197,199,200,201
93,94,95,96,97,100,102,103,104,105,106,107,108,109,110,111,113,114,119,120,123,124,125,127,131,133,134,135,136,138,139,140,141,142,143,145,146,147,148,152,154,155,156,158,159,163,164,165,166,168,169,170,171,173,175,177,178,179,180,183,184,185,186,187,188,189,193,195,196,197,198,200,201,202,205
94,96,97,98,99,100,101,103,104,105,107,108,113,114,115,116,117,118,119,122,123,124,125,126,128,129,130,131,133,134,135,136,137,138,139,140,141,142,144,145,146,147,149,150,151,152,153,154,156,158,160,165,168,169,170,171,172,173,174,175,176,177,178,179,180,181,182,183,185,186,188,190,191,193,194,197,198,200,201,202,204,205
95,97,99,100,101,104,105,106,107,110,112,115,116,117,118,119,121,122,123,125,126,127,130,133,134,135,137,138,139,142,144,145,146,147,149,150,153,154,157,158,160,162,163,164,165,167,168,169,170,171,174,175,176,177,178,179,180,182,186,190,191,193,194,196,198,199,200,202,203,205
96,98,99,100,101,102,103,104,107,109,110,112,114,116,117,119,120,121,122,123,124,126,127,129,130,133,134,135,136,138,139,140,141,142,143,145,146,147,148,149,150,151,152,156,157,158,159,161,163,166,168,170,171,172,178,179,180,181,183,184,186,188,189,190,191,192,194,196,197,198,200,201,202,204
97,98,99,104,105,106,107,109,110,112,113,115,116,117,118,120,122,123,124,125,126,128,129,130,132,134,135,137,139,140,141,144,145,146,147,148,149,150,151,152,154,155,157,161,163,164,166,167,170,171,172,173,178,180,181,182,183,184,187,188,189,190,191,192,193,195,196,197,198,199,200,201,202,203,205
98,100,103,104,105,107,109,110,112,116,117,118,119,120,121,123,124,125,126,127,128,130,131,134,138,140,141,142,143,144,145,146,147,148,149,150,151,152,153,154,155,156,157,158,160,162,165,166,167,168,169,171,172,173,175,176,177,180,181,182,183,184,185,187,189,190,191,195,197,199,200,202,203,204
99,100,102,103,104,105,107,108,109,111,112,113,115,118,119,120,123,124,125,126,127,129,131,132,134,135,137,138,139,140,141,143,144,146,147,151,152,153,154,155,156,157,162,164,167,169,170,172,173,174,175,177,180,181,182,184,185,187,188,189,190,192,193,194,195,196,197,198,199,200,201,204,205
100,102,103,107,109,110,112,114,115,116,119,120,121,122,123,124,125,126,128,130,131,134,135,139,140,141,142,143,146,147,148,149,151,152,153,154,155,157,159,161,162,163,164,166,168,170,171,176,177,179,183,185,186,187,188,189,190,191,192,193,194,196,197,198,199,200
101,102,104,105,106,107,108,109,110,111,114,116,120,121,123,124,127,129,130,132,136,138,140,141,143,144,147,149,151,152,158,161,162,163,164,165,168,169,171,172,174,175,176,179,180,182,183,184,186,188,189,191,192,194,195,196,197,198,199,200,201,202,203,204,205
102,103,104,106,108,109,110,111,112,113,114,115,116,117,118,119,120,122,123,124,125,126,127,128,131,132,134,138,139,141,142,143,148,150,156,157,158,159,160,161,162,163,164,165,166,168,169,170,171,172,175,176,177,179,180,182,183,185,188,192,193,194,196,198,199,200,201,203,205
103,104,105,106,107,108,109,110,111,112,114,115,116,117,118,120,121,123,124,125,127,128,129,131,133,134,137,140,141,145,146,147,148,151,152,154,156,158,159,160,161,162,164,165,166,168,169,170,171,172,174,175,176,178,179,180,181,182,183,184,185,186,187,189,190,191,192,193,194,196,197,198,200
104,106,109,110,112,113,115,117,118,120,121,123,125,128,129,132,136,140,141,143,144,146,148,149,150,151,152,153,154,155,156,159,160,161,162,163,164,165,168,169,170,171,173,175,177,178,179,180,181,182,185,187,188,189,191,192,193,194,198,200,202,203,204,205
105,106,109,110,111,113,114,115,118,119,120,121,123,124,125,126,128,130,131,132,134,135,137,142,146,148,150,153,154,155,156,160,161,163,164,168,169,170,171,172,178,179,180,181,182,183,184,185,186,187,188,189,190,191,195,197,201,203
106,107,108,109,110,112,113,114,116,117,120,121,122,124,127,128,129,130,133,134,135,138,139,145,146,147,150,151,152,153,154,155,158,159,160,162,167,168,169,172,173,174,175,176,178,179,180,181,182,183,186,190,191,192,193,194,195,196,198,200,203
107,109,110,111,112,114,116,117,118,119,121,122,124,125,129,130,131,134,136,137,140,143,144,145,146,148,151,152,153,154,155,157,160,163,164,168,169,171,172,173,174,175,176,178,179,180,183,185,187,188,189,191,192,194,195,196,197,198,200,202,205
108,110,111,113,114,116,117,119,120,122,123,125,126,127,128,129,130,131,132,133,134,135,140,143,145,147,148,149,150,151,152,155,156,158,159,160,161,163,166,167,169,171,174,175,176,177,179,182,183,185,186,188,189,190,191,192,194,195,197,198,199,203,205
109,110,111,112,113,114,115,116,117,120,121,124,126,129,130,131,133,134,135,137,138,140,143,144,145,146,147,148,150,152,153,154,155,158,160,162,163,166,167,168,169,170,171,172,177,178,180,181,182,183,184,185,186,187,190,191,193,194,198,199,200,201,202,204,205
110,112,114,115,118,119,120,121,122,123,124,125,126,127,129,133,134,135,138,139,140,145,146,147,148,149,150,151,152,157,158,159,160,161,162,163,164,165,166,168,170,173,175,176,178,180,181,182,183,184,185,188,189,190,191,192,193,194,195,197,198,200,201,203
111,112,115,116,117,118,119,120,121,124,126,127,128,131,132,133,134,136,138,139,141,143,144,145,146,147,148,149,150,151,152,153,154,156,158,159,160,163,165,167,168,169,170,174,175,176,178,180,181,182,183,184,185,186,187,188,190,191,193,194,196,197,198,201,202,203,204,205
112,114,115,116,117,118,120,123,125,126,128,129,134,136,137,139,140,141,143,145,146,148,149,150,151,152,153,155,156,157,158,159,160,163,164,165,166,167,168,169,173,174,176,177,179,180,181,182,183,185,186,189,190,192,193,195,197,199,200,201,202,203,204,205
113,114,115,116,117,120,121,122,123,124,125,126,127,128,130,131,134,136,137,138,140,142,144,145,146,147,148,150,152,153,154,155,156,157,158,159,162,165,166,168,170,171,172,173,174,176,178,179,181,182,183,187,189,190,191,192,193,194,196,202,204,205
114,116,117,126,128,129,132,134,135,136,137,138,140,142,143,145,146,147,148,149,150,153,154,155,157,158,159,160,161,163,164,165,166,167,171,172,173,174,175,178,179,184,185,186,188,191,193,196,197,198,200,202,203,204,205
115,116,118,119,120,121,123,126,127,128,130,131,132,133,134,135,136,137,138,141,142,143,144,146,147,148,151,152,153,154,155,156,158,159,161,163,164,166,169,170,171,172,173,174,175,177,178,179,180,183,184,185,186,187,188,189,190,192,193,194,195,196,197,200,201,202,203,204,205
116,117,118,119,120,121,122,123,124,125,127,128,130,132,134,135,141,142,145,146,147,152,156,157,158,159,160,161,162,163,164,165,167,169,171,172,174,175,178,179,180,181,182,183,185,186,187,189,190,191,195,196,197,198,200,201,203
117,121,122,123,124,125,126,127,128,130,132,133,135,138,139,140,141,142,143,144,145,147,149,156,157,158,162,165,166,167,169,171,172,173,175,176,178,179,180,181,183,185,186,187,188,191,192,194,196,197,198,199,201,202,204,205
118,119,121,122,123,124,127,129,130,131,133,134,135,136,137,139,141,142,143,144,145,147,148,149,150,152,154,155,156,157,158,159,162,164,165,167,170,172,173,174,175,176,177,179,180,181,183,184,187,188,191,192,193,194,196,197,198,200,201,202,203,205
119,120,121,123,125,126,127,128,129,130,131,132,133,135,136,137,138,140,143,144,145,146,150,152,154,156,157,158,160,162,163,165,166,167,168,169,170,172,173,174,175,176,177,178,179,180,181,183,184,185,187,189,190,194,195,197,199,202,204,205
120,122,125,126,128,129,132,135,138,139,142,144,146,147,148,150,151,152,153,158,159,160,161,162,163,164,165,166,167,170,171,172,173,174,176,178,181,183,184,185,188,191,192,194,195,196,198,200,201,204,205
121,123,124,125,128,131,132,135,138,139,140,141,142,146,148,149,152,157,160,161,162,163,164,165,166,167,169,170,171,172,173,175,177,180,181,182,183,184,185,186,187,188,189,190,192,193,195,196,198,199,200,201,202,204,205
122,123,124,126,127,128,129,133,135,136,137,140,141,144,147,149,150,151,152,153,154,161,163,164,165,166,167,170,174,175,176,181,182,183,184,185,187,188,189,191,195,196,197,198,200,202,204
123,124,125,127,128,131,132,133,134,135,137,138,139,140,141,144,145,146,149,150,154,155,157,158,161,163,164,165,167,168,169,170,172,174,177,178,179,180,181,183,184,187,192,193,194,195,196,198,202,205
124,125,126,127,128,129,130,131,132,133,134,136,137,138,139,140,142,143,144,145,146,149,150,151,152,153,155,156,158,161,162,163,165,169,170,171,175,176,178,179,181,185,186,187,188,190,192,193,194,195,197,198,199,201,203
125,126,127,128,129,130,131,133,135,136,137,139,140,141,142,143,144,147,150,151,154,155,156,158,159,161,162,163,166,169,170,171,172,174,177,178,179,183,184,185,186,187,188,190,193,194,196,198,199,202,203,204,205
126,127,129,130,131,133,134,136,138,139,140,142,145,146,147,148,150,151,153,158,159,160,161,165,167,168,169,174,177,181,183,184,187,188,189,190,191,195,198,199,200
127,129,130,131,133,134,137,138,139,140,142,143,144,145,147,149,152,153,156,158,160,162,163,164,167,168,169,171,174,175,178,179,180,181,183,184,186,187,188,189,191,192,193,194,195,198,199,200,203,204,205
128,129,130,132,133,134,135,136,137,138,139,140,141,142,143,144,146,147,148,149,150,151,152,153,154,155,156,160,161,162,163,165,166,167,170,171,173,175,178,180,181,183,184,186,187,188,189,191,193,194,196,197,198,200,201,202,203,204,205
129,130,131,132,134,137,140,141,142,143,144,145,147,149,152,154,156,157,158,159,160,161,162,163,164,165,166,168,171,172,173,175,177,179,180,181,186,187,188,189,190,191,192,193,196,197,198,199,202,205
130,131,133,135,136,139,140,141,144,145,146,148,149,150,151,153,157,158,161,162,163,164,165,166,168,169,170,173,174,178,179,181,183,184,185,186,187,188,189,191,193,194,195,196,197,199,200,205
131,133,134,137,140,141,142,144,146,147,150,151,153,154,155,157,158,159,161,162,164,165,166,167,169,171,172,174,175,176,177,178,180,181,182,183,186,188,191,193,194,195,196,197,198,199,202,203,204,205
132,133,136,138,139,140,141,142,143,144,145,146,147,151,152,153,154,157,158,160,162,163,164,167,168,169,170,173,175,176,178,179,180,183,184,185,186,187,188,189,191,193,194,195,196,198,199,200,201,202,203,204,205
133,136,137,138,139,140,142,143,144,145,148,149,150,151,153,154,155,159,161,163,165,166,167,169,170,171,172,173,174,175,177,178,182,188,190,191,193,194,195,197,198,199,200,201
134,135,136,137,138,139,140,142,143,145,146,147,148,150,151,153,154,156,157,160,161,162,165,168,170,172,174,175,176,177,178,179,180,181,183,184,186,187,188,189,191,192,193,194,195,196,197,198,201,205
135,136,137,138,139,140,141,143,144,145,146,147,149,150,151,152,156,157,161,163,164,166,167,168,170,171,172,173,174,175,177,178,180,183,184,185,187,188,189,191,192,194,196,197,199,202,203,204,205
136,138,139,140,141,142,144,148,149,151,152,153,155,157,158,159,161,162,165,166,168,169,171,172,173,174,175,176,179,182,183,185,187,188,189,190,193,194,196,197,198,199,200,201,202,203,204,205
137,138,140,143,144,146,150,151,152,153,154,157,158,160,161,162,163,164,165,168,169,171,172,174,175,176,177,178,179,180,181,182,184,185,186,187,188,191,192,193,196,197,198,202,203,204
138,143,145,147,148,149,150,151,152,153,155,156,158,160,163,166,167,170,171,172,173,176,177,178,181,182,186,188,189,190,192,193,195,196,197,198,200,201,203,205
139,140,141,143,145,146,147,148,149,153,154,155,156,157,158,159,160,161,162,164,165,166,167,168,171,172,174,175,176,177,178,179,180,182,183,184,185,186,187,188,190,191,192,193,195,196,197,198,199,200,202,203,204,205
140,141,142,144,145,146,147,149,150,151,153,155,157,158,161,164,165,166,168,170,171,172,173,175,176,178,179,181,184,185,186,187,188,189,191,192,193,195,196,197,200,202,203,204,205
141,142,143,150,151,152,153,154,155,156,157,158,159,162,165,166,167,169,171,172,173,174,176,179,180,183,184,185,186,187,188,192,193,194,195,196,197,199,200,201,202,203,204
142,143,145,146,147,148,149,153,154,155,156,158,160,161,162,163,164,165,166,167,168,173,174,175,179,180,183,184,185,186,188,189,190,197,199,200,201,202,203,204
143,145,146,147,148,149,150,154,155,157,158,159,161,162,163,165,166,167,168,169,170,171,172,173,174,175,176,177,178,179,180,182,184,186,187,188,189,190,193,194,195,198,200,203,205
144,146,147,148,149,150,151,152,154,155,159,161,162,164,165,170,171,174,175,177,180,181,182,183,184,185,187,189,191,193,194,198,199,200,202,205
145,146,147,148,150,152,153,154,157,159,160,163,164,165,166,167,169,170,171,173,174,176,177,181,182,184,185,186,187,188,189,190,191,192,193,195,196,197,198,199,201,202,204
146,147,148,149,151,152,153,154,156,158,159,160,161,162,163,164,166,167,168,169,170,172,173,174,175,176,180,181,182,184,185,186,187,190,192,193,194,196,197,198,199,200,201,202,205
147,148,149,150,153,156,157,159,160,161,162,164,167,170,172,173,174,177,178,179,181,182,185,186,187,188,190,196,197,199,200,201,204,205
148,150,151,152,154,156,159,160,161,164,166,167,168,169,170,171,172,173,174,179,180,185,186,187,189,190,192,194,195,197,198,199,200,203,204,205
149,151,152,153,154,155,159,160,161,162,163,164,165,166,168,169,171,172,173,174,175,177,179,180,183,185,187,188,190,191,192,193,195,198,200,201,203,204,205
150,157,158,161,162,164,166,168,170,171,173,174,175,176,179,181,182,184,185,186,187,188,189,191,193,194,195,196,200,201,203,204
151,152,154,156,158,159,160,161,162,163,164,165,167,170,171,172,173,174,175,177,179,180,181,183,185,186,187,188,189,190,191,193,194,196,198,202,203,204
152,153,154,155,156,157,159,161,162,163,164,167,168,169,170,171,172,175,176,179,180,181,182,183,185,187,189,191,192,193,195,196,197,198,199,200,201,202,203,204,205
153,154,155,157,158,159,160,161,162,163,164,166,171,172,174,176,177,178,179,184,186,187,188,189,190,191,192,193,194,195,196,198,200,201,202,203
154,155,157,158,159,160,162,163,164,166,168,170,171,174,178,179,180,182,183,184,185,186,187,188,189,190,192,193,194,196,198,200,201,202,203,204,205
155,157,158,160,162,165,166,168,170,171,172,174,175,176,177,179,181,183,185,187,189,190,191,196,197,199,200,201,203,204,205
156,157,161,163,164,167,169,171,175,177,181,183,185,186,189,190,191,193,196,197,199,200,201,202,204
157,159,160,161,163,164,166,167,172,173,175,176,179,181,183,184,186,187,188,190,191,193,194,195,196,197,199,200,201,202,203
158,159,160,161,163,164,168,169,170,171,172,173,176,178,179,181,182,183,185,187,188,189,191,192,193,195,196,197,198,202,204,205
159,160,162,163,164,165,166,168,169,172,173,174,175,178,180,181,185,186,189,190,191,192,193,194,196,197,200,201,203,205
160,162,163,164,165,166,168,170,172,173,174,175,177,180,181,183,184,185,187,188,193,194,196,197,201,203,204,205
161,162,164,166,167,168,170,171,172,174,175,176,177,179,180,182,183,184,185,186,188,191,192,193,194,195,196,198,199,200,201,202
162,163,164,166,167,168,169,173,175,176,177,178,180,181,182,186,188,189,190,192,193,194,195,198,199,200,202,203,205
163,164,165,166,167,172,175,177,178,179,180,182,185,186,187,188,189,190,194,195,196,197,198,200,201,203
164,166,167,170,171,172,174,175,177,178,180,181,183,189,190,192,193,194,196,198,199,200,202,203,205
165,166,167,169,170,171,172,173,174,175,178,179,181,182,183,184,187,189,191,194,195,196,198,199,201,204,205
166,167,168,169,170,176,177,178,179,180,181,182,183,186,187,188,189,190,191,192,195,196,197,199,201,202
167,168,169,170,172,173,174,176,177,180,181,182,183,185,187,188,189,191,192,199,201,202,203,204,205
168,169,171,175,176,179,180,181,185,188,191,192,193,194,195,196,197,198,199,203,205
169,172,173,177,178,179,180,181,182,184,185,188,189,191,192,194,196,197,199,200,201,203,204,205
170,173,176,177,178,180,183,184,186,187,189,192,193,194,196,197,198,200,201,202,205
171,173,174,175,177,178,179,180,182,183,184,185,186,188,189,190,192,193,194,196,197,198,199,202,204,205
172,174,175,176,177,178,180,182,183,184,185,187,188,189,190,191,193,194,195,196,197,198,199,200,201,202,203
173,176,178,182,183,184,185,186,187,188,190,191,193,195,197,200,202,203
174,175,176,177,178,179,180,182,184,185,187,189,190,191,192,195,196,198,199,202,203,204
175,176,178,179,180,181,182,183,184,185,186,187,188,190,191,193,195,196,197,198,203,205
176,179,180,182,183,184,185,186,187,188,189,190,191,194,197,198,199,203,204
177,178,180,182,183,184,185,186,189,190,193,195,199,200,201,202,203,205
178,179,182,183,185,186,188,189,192,195,196,200,201,204,205
179,180,182,183,185,186,188,189,190,193,194,195,196,198,200,201,203,204,205
180,181,183,184,185,188,190,191,192,193,194,197,198,199,203,204,205
181,182,183,184,185,186,187,188,189,192,193,194,195,197,198,199,200,201,202,203,205
182,185,187,189,190,191,192,194,195,196,200,203,205
183,184,186,187,188,189,190,192,193,194,196,197,199,200,201,202,203
184,185,186,189,191,192,194,195,196,197,198,199,200,201,202,203,205
185,188,189,190,191,192,193,194,195,196,197,204
186,187,188,190,191,195,198,199,200,201,202,203,204,205
187,189,191,192,193,194,195,196,198,199,200,201,202,203,205
188,189,190,191,192,197,198,200,202,203,204,205
189,190,191,192,194,196,197,198,200,201,204,205
190,195,196,197,198,199,200,201,203,204,205
191,192,196,197,199,200,201,202,203,204,205
192,193,195,198,199,201,202,203,204
193,195,196,197,198,199,200,201,202,203,204,205
194,196,198,199,201,202,203,204,205
195,196,198,199,200,202,203,205
196,197,199,200,202,204,205
197,198,199,200,201,202,204
198,199,200,201,202,204,205
199,200,202,203,204
200,201,202,203,204,205
201,204,205
202,203,204,205
203,205
204
205
