n_nodes:241
n_edges:8121
density:0.28081
0,3,4,150,135,138,139,12,158,15,16,17,147,20,22,217,25,26,155,154,30,31,176,34,198,169,170,43,173,157,48,177,50,51,53,186,159,189,190,63,192,65,66,228,197,181,73,74,75,204,162,207,208,222,210,85,87,89,90,94,223,224,187,100,231,104,107,108,109,110,140,120,122,191,125,127
1,129,130,8,10,142,16,17,146,195,149,150,151,26,155,31,32,33,162,36,165,168,42,171,173,48,49,50,51,180,54,185,159,61,67,182,225,72,75,206,211,176,224,144,226,227,101,145,105,106,235,237,238,111,112,40,116,189,119,126,127
2,133,134,7,226,151,222,17,19,20,238,22,23,152,26,27,28,154,150,197,160,161,35,36,168,171,44,48,49,50,179,180,53,55,57,223,61,191,194,68,69,70,73,183,76,77,206,205,210,83,147,216,164,90,94,95,96,98,99,100,145,104,233,231,236,237,110,240,113,115,117,218,123,125,126
3,131,4,133,7,137,11,12,13,15,144,145,146,147,21,22,157,31,160,34,163,165,167,135,174,47,179,55,186,159,60,189,63,192,68,202,203,162,206,81,82,88,220,94,223,224,226,99,228,101,103,188,39,191,238,118,119,123
4,8,13,144,17,146,147,21,217,153,27,156,157,163,36,166,171,45,46,175,48,53,182,184,187,60,181,65,194,198,71,202,77,78,209,83,84,213,215,88,89,90,221,94,227,228,145,188,106,235,108,238,174,112,19,212,126
5,128,178,9,209,139,13,144,17,146,147,20,149,23,240,25,155,28,30,31,161,35,164,165,166,167,168,156,170,171,174,173,46,48,50,182,55,186,187,189,65,197,225,72,74,203,204,77,207,81,210,83,220,86,121,88,218,91,216,223,97,98,227,101,102,103,233,107,108,111,112,114,117,148,125
6,133,135,8,12,141,14,15,144,145,22,152,25,154,175,156,157,150,159,32,214,35,164,165,168,41,43,44,173,174,47,200,52,183,188,61,64,65,66,67,69,72,73,202,75,80,81,210,213,203,88,89,92,221,222,96,240,228,101,230,103,105,106,231,110,189,112,113,140,115,116,233,160,124
7,51,214,44,10,139,130,14,143,141,147,149,161,37,38,41,171,172,176,49,179,52,181,238,185,186,19,66,76,206,13,142,86,87,216,89,207,58,94,229,225,226,166,110,239,240,113,115,118,119,120
8,128,135,172,10,15,16,146,147,21,150,151,156,32,176,34,163,237,39,129,169,42,171,44,48,50,52,53,182,184,186,187,188,181,64,197,198,203,204,162,78,79,208,83,84,85,214,87,92,95,98,227,104,106,107,236,109,238,111,211,118,120
9,137,138,139,15,18,195,148,150,25,153,154,26,133,214,34,163,164,165,38,44,29,176,49,50,172,180,182,62,191,64,11,68,197,199,72,202,204,205,78,207,208,209,35,84,86,215,143,220,229,224,97,166,103,105,107,108,237,111,112,116,118,121,123,124
10,128,130,214,236,12,13,145,18,19,20,21,150,23,152,27,157,158,41,43,172,45,46,221,176,177,179,182,183,184,60,202,64,193,66,195,196,197,71,200,73,74,76,141,80,209,82,212,86,87,88,89,218,92,174,199,96,97,99,234,107,208,110,111,114,118,120,148,123
11,128,129,213,132,133,136,140,13,15,144,18,147,149,150,26,33,162,35,166,39,169,45,223,176,49,52,53,137,56,186,187,190,192,193,194,198,199,72,177,203,76,205,79,80,184,210,83,212,85,214,88,89,218,94,95,97,228,230,103,105,208,109,121,123,124,126,127
12,230,130,133,144,216,146,147,238,152,25,26,239,157,31,160,161,36,165,38,167,168,169,171,172,176,189,178,222,159,60,61,191,192,198,67,196,70,71,72,201,74,203,205,207,82,211,85,87,88,164,219,94,96,99,228,101,195,231,105,107,236,110,111,112,113,114,115,117,233,213
13,135,137,143,17,18,147,148,23,24,155,28,237,180,36,167,156,170,172,173,48,52,182,183,57,188,138,62,191,67,68,197,71,72,204,203,76,77,206,79,208,81,210,211,139,43,215,169,152,207,92,222,224,99,131,209,232,105,234,231,109,110,114,115,119,121,124
14,129,171,133,136,141,43,146,21,217,25,160,35,164,167,169,135,172,173,174,50,55,202,185,186,187,188,61,190,191,64,66,203,196,201,74,75,76,79,81,210,85,215,88,36,91,92,97,98,228,101,230,231,104,235,236,109,110,111,240,232,117,121,124,183,213
15,194,17,18,147,235,152,155,197,160,35,36,165,39,168,42,44,221,50,179,183,185,63,32,66,139,69,70,72,75,204,77,78,79,208,84,87,216,91,93,94,224,103,205,234,107,109,110,239,113,117,233,212,191,124,126
16,131,128,139,144,17,147,148,21,222,235,152,154,239,156,158,197,48,162,37,39,168,44,45,46,175,176,179,180,181,54,202,138,63,65,195,69,198,199,74,203,204,79,115,91,94,95,97,226,227,228,230,102,233,225,237,174,240,113,19,191
17,171,193,138,215,142,20,150,196,26,155,162,219,39,168,43,45,177,52,53,182,202,180,58,239,61,62,181,65,194,68,72,201,74,203,76,78,207,208,173,82,211,87,91,92,221,94,95,97,226,228,230,144,167,238,222,114,118,120,122,234
18,214,146,19,148,23,154,27,156,159,162,35,164,163,166,40,170,43,172,173,46,47,178,137,168,60,189,192,193,211,71,72,206,80,210,83,86,90,91,95,97,226,99,100,188,107,237,110,113,115,118,119,123,124,127
19,129,43,136,139,130,216,147,150,151,154,155,29,159,33,36,167,40,135,44,48,49,50,181,182,55,185,60,138,62,66,164,228,73,202,203,76,77,141,208,82,212,235,87,176,89,90,92,96,97,227,100,195,106,107,146,110,115,204,121,122,125
20,131,132,130,144,146,21,150,24,153,184,159,214,161,36,165,38,167,220,172,45,47,50,209,52,53,55,56,57,58,189,62,191,224,195,196,70,75,206,81,82,85,86,185,88,219,92,96,98,230,102,178,232,105,106,108,109,110,111,240,115,118,119,120,121,123,125,149
21,133,134,139,140,141,143,145,149,150,218,25,239,157,159,32,33,36,165,38,41,43,173,142,175,52,222,182,202,57,187,60,189,64,160,68,69,199,74,75,238,79,82,83,220,85,86,87,216,90,91,92,221,94,96,97,98,227,166,102,234,237,110,111,113,114,118,125
22,136,140,130,142,143,144,145,205,152,25,156,29,162,163,166,39,169,172,175,177,178,52,54,183,56,185,186,63,197,71,77,206,79,208,82,220,86,215,88,217,216,58,222,223,224,225,227,228,229,236,112,114,118,124
23,129,136,140,142,148,153,154,29,161,37,38,167,168,41,43,44,174,175,49,53,55,58,61,63,64,181,194,195,68,69,198,33,200,210,183,207,81,82,203,87,88,186,222,223,225,226,227,101,209,104,105,234,107,108,109,189,169,122,123
24,129,130,136,138,237,25,155,158,31,32,38,41,172,45,178,52,201,58,188,190,63,192,71,72,73,74,206,83,84,214,215,169,233,94,97,226,227,103,105,225,236,109,110,115,118,119,121
25,172,130,179,139,141,145,146,148,153,154,155,156,30,133,34,198,43,159,174,47,200,51,53,55,57,186,59,188,190,181,67,68,69,70,72,73,74,203,204,205,81,210,84,214,215,223,224,97,98,187,209,104,234,110,239,240,238,114,116,119,122
26,131,134,136,142,143,205,154,155,156,218,158,159,33,35,36,167,28,42,45,46,47,48,49,179,55,56,191,64,68,197,70,161,72,73,202,183,77,206,79,208,173,163,84,214,216,90,92,93,224,225,227,209,231,113,119,122,124,126
27,131,134,130,237,151,157,31,35,36,39,40,41,46,49,52,222,183,188,189,190,67,68,200,201,202,204,77,78,79,82,163,87,88,217,233,94,95,96,227,228,229,104,60,235,108,109,238,211,116,117,119,120
28,128,235,130,143,150,151,225,156,154,158,133,32,165,44,45,46,176,177,178,30,54,56,185,187,60,189,63,192,194,228,198,199,201,202,76,78,215,89,91,220,94,97,100,104,105,107,112,232,116,118,233,124,127
29,129,131,132,150,134,135,138,215,141,142,145,146,238,152,157,30,159,32,167,40,169,172,223,175,177,52,182,137,202,180,58,187,189,63,193,203,69,70,72,73,74,75,207,80,81,210,227,84,85,214,87,89,95,97,217,100,104,235,109,110,239,147,119,120,122,191,124,126
30,128,179,132,137,139,194,143,147,154,158,231,240,35,38,39,40,220,45,46,47,157,178,51,181,182,183,56,58,189,191,64,66,67,68,228,72,201,74,209,83,212,86,217,92,93,100,229,103,104,234,107,109,111,112,117,120,122,123,124,127
31,130,129,136,128,139,143,145,146,149,150,201,159,32,33,155,164,37,40,42,46,50,52,207,54,55,58,140,138,62,63,198,160,68,69,70,71,73,74,76,77,78,79,208,81,83,212,206,87,152,205,92,222,95,96,100,223,238,239,112,168,114,211,204,190,213
32,130,235,133,135,172,231,143,147,151,160,176,91,36,165,156,44,240,47,48,51,180,181,182,55,186,223,188,62,64,71,72,203,204,205,207,79,211,84,87,89,90,222,95,97,228,229,102,103,106,225,109,110,112,114,119,122,127
33,128,130,201,135,172,209,139,173,145,155,185,160,176,34,163,164,37,38,43,44,45,48,200,178,222,55,57,187,60,189,191,69,72,73,202,183,204,207,80,81,86,87,88,218,92,94,95,224,226,229,101,230,103,188,106,231,108,110,111,238,239,118,123,234,126,127
34,129,213,132,134,139,216,131,151,239,162,37,39,170,51,52,55,56,189,62,191,192,194,147,198,72,74,79,80,81,212,85,88,89,226,228,101,103,232,234,108,109,238,61,115,116,63,126,127
35,132,138,140,130,144,148,149,217,156,154,159,214,163,239,41,171,172,173,174,47,176,50,51,180,53,54,55,187,61,63,192,65,66,69,201,76,77,78,79,84,86,87,89,90,91,92,223,98,101,102,178,106,107,189,143,115,116,119,234,123,125
36,128,133,193,185,132,154,158,164,166,39,42,171,173,47,177,51,180,53,54,55,56,57,58,59,60,63,192,65,175,67,68,69,204,202,160,76,205,184,84,86,87,89,93,222,225,212,229,232,235,203,237,110,111,240,117,148,122,239,149
37,128,130,134,138,194,146,149,222,151,153,239,156,163,167,168,41,171,172,47,50,180,181,185,187,190,191,66,70,199,205,78,79,81,84,206,215,94,95,224,226,101,209,232,234,109,111,240,169,121,124,125,126
38,128,129,134,151,141,143,152,147,156,160,167,40,220,173,174,176,49,50,179,52,181,121,56,185,58,187,60,62,64,65,66,197,161,177,202,203,226,81,212,87,91,92,221,95,97,98,215,102,104,233,236,111,117,120,148,122,126
39,128,129,138,143,148,149,153,157,167,168,169,172,45,46,177,50,158,182,56,57,58,59,61,62,181,193,139,196,197,198,71,72,74,224,78,190,208,214,185,89,218,220,174,95,96,98,100,229,105,235,237,110,111,117,189,233,121,122,123,126
40,131,136,138,215,143,145,149,235,154,160,168,41,42,44,45,46,47,51,52,158,54,57,187,60,189,66,67,69,70,200,74,75,77,79,208,82,237,84,185,217,218,207,95,224,98,100,101,195,231,233,107,210,238,112,113,115,122,126,166
41,130,131,179,151,140,141,239,145,148,218,160,207,167,169,42,135,45,175,180,177,51,52,182,202,57,58,221,60,61,191,192,65,66,68,198,199,72,74,75,224,78,79,209,82,83,85,89,152,91,211,93,94,95,96,165,102,231,188,171,107,108,189,113,114,115,235,119,217
42,130,133,140,175,150,153,155,157,158,214,176,163,159,45,46,47,48,136,179,52,53,184,180,59,60,189,169,191,192,65,66,68,199,194,73,75,208,211,213,86,185,89,90,91,220,221,223,225,99,102,103,104,106,107,236,240,168,187,118,119,120,121,122,125,126
43,214,193,137,215,145,148,155,218,49,169,227,45,47,176,177,209,55,59,192,65,195,196,161,200,226,81,211,212,142,86,87,90,219,92,229,98,99,100,101,230,232,236,109,113,119,120,121,126
44,230,131,138,231,146,149,150,218,153,154,155,157,159,169,170,135,174,47,53,54,188,181,160,194,195,68,199,72,202,239,224,79,208,222,82,83,212,213,90,92,93,94,223,96,97,101,102,103,171,225,236,109,238,111,114,116,118,119,191
45,136,143,147,238,150,132,154,172,240,174,47,48,177,179,180,55,56,57,59,232,63,64,224,194,152,68,69,70,199,200,78,80,82,84,185,176,169,90,91,92,93,223,96,98,227,100,102,103,104,234,107,108,109,110,157,113,221,118,119,122,123,195,127
46,131,137,194,147,148,149,235,218,153,157,163,198,220,171,159,174,47,50,51,52,181,183,56,57,59,138,192,65,66,67,68,70,74,206,207,211,87,88,90,92,97,229,104,234,167,240,232,116,118,119,120,202
47,129,130,133,137,138,192,142,143,145,131,171,157,159,240,162,178,180,54,183,56,59,188,61,190,64,65,66,228,72,75,204,226,80,209,210,163,88,89,90,91,220,94,95,98,100,234,237,239,112,168,114,116,118,121,123
48,179,193,128,140,142,148,151,158,165,167,50,51,201,189,62,65,66,196,211,161,194,73,74,204,205,78,79,141,83,212,213,217,98,99,100,231,236,109,239,147,190,170,124,125,126,127
49,128,171,132,133,141,143,196,154,160,162,155,167,129,169,221,189,50,53,182,185,58,61,191,64,193,68,197,198,204,205,78,79,81,237,85,86,87,88,89,91,92,93,223,96,225,99,231,104,109,111,240,113,115,117,122,123
50,134,129,128,139,179,133,162,164,174,51,52,182,183,180,186,138,194,177,143,206,79,208,227,214,217,218,91,92,222,225,99,228,101,102,105,108,237,189,112,113,118,233,120,166
51,171,196,136,138,139,141,219,145,155,156,157,197,165,166,167,129,135,221,181,54,58,59,60,189,191,193,66,68,69,198,71,72,73,75,77,80,82,83,213,214,215,88,90,91,186,99,102,231,233,106,107,168,113,211,117,169,120,124
52,128,129,178,137,140,239,147,154,163,173,180,184,159,61,63,64,65,203,69,225,73,75,204,77,79,84,214,87,216,90,92,221,97,98,100,101,103,192,105,232,108,109,174,112,168,116,218,191,126
53,131,172,141,143,195,154,157,158,197,161,175,176,179,55,57,58,188,61,164,69,199,72,183,78,189,208,211,85,87,89,207,93,96,226,227,100,229,102,231,232,108,237,111,240,206,221,115,185,117,118,122,123,125,213
54,130,133,137,139,152,155,156,218,159,162,165,176,178,55,56,57,58,61,215,63,192,66,195,73,206,207,81,83,213,185,216,90,92,94,95,100,229,230,209,233,108,110,111,112,115,116,169,126,127
55,132,139,179,145,171,152,133,167,229,115,184,58,62,63,64,181,194,67,197,74,75,78,79,210,84,85,87,164,222,95,227,166,195,233,238,112,113,147,118,148,123,213
56,129,235,132,193,141,142,147,149,161,171,173,174,177,183,184,57,65,66,195,71,207,208,81,82,211,214,218,222,228,230,236,238,239,112,116,120,123,125
57,129,235,135,139,145,146,154,239,231,160,164,165,166,171,200,185,59,60,61,181,193,67,68,197,70,71,72,74,203,76,207,80,209,84,92,223,96,208,100,229,230,103,106,225,237,238,189,116,169,212,123,124
58,128,130,131,223,179,136,137,140,158,144,149,201,155,231,160,214,162,191,174,203,159,60,169,181,64,66,164,71,177,75,77,209,82,86,87,88,89,152,220,93,199,95,225,99,228,102,103,104,105,107,108,109,112,232,221,115,116,119,120,121,123,125
59,129,132,134,135,136,151,157,159,197,168,173,176,177,180,183,184,221,60,189,62,63,64,203,69,74,75,79,81,213,86,215,216,217,207,92,93,225,226,227,209,105,106,231,236,237,114,190,118,119,120,126
60,129,133,135,137,141,142,148,150,151,179,185,160,166,165,167,195,172,178,138,191,64,198,194,67,228,70,199,73,74,204,226,78,79,81,82,83,84,85,87,89,98,131,101,102,209,231,146,168,114,212,122,192,124,149
61,132,133,138,139,141,144,145,215,196,155,160,161,214,172,201,62,193,67,68,182,71,177,202,76,162,206,80,82,220,142,86,185,88,217,218,91,92,93,222,225,228,104,106,231,110,169,121,125,213
62,128,129,213,132,179,134,135,139,142,239,222,146,149,217,152,154,155,156,161,219,169,199,159,174,175,172,181,182,137,188,160,194,67,70,71,200,201,75,204,205,78,141,209,84,85,214,89,207,220,93,95,96,225,226,227,101,223,232,107,237,110,111,121,122,166,127
63,128,150,162,151,142,145,149,158,165,166,156,197,174,179,181,184,189,198,224,67,69,70,199,200,201,74,203,204,77,78,208,209,164,90,143,93,94,96,226,99,228,101,102,107,235,117,121,123,124,126
64,132,133,135,139,140,145,137,153,156,240,219,164,227,168,176,179,182,180,160,194,228,68,69,70,202,78,208,210,211,84,213,86,185,89,90,91,94,223,151,187,212,101,102,104,196,236,238,112,114,115,118,121,122,123,234,127
65,129,131,136,140,141,142,174,150,132,184,156,161,162,220,178,180,187,190,193,66,67,68,198,199,72,74,76,77,206,79,80,81,210,84,85,88,164,216,93,96,97,227,100,166,209,231,109,117,126,127
66,129,148,149,151,201,175,160,167,178,158,183,187,194,196,197,200,73,78,184,193,213,215,216,90,93,95,97,102,104,105,106,107,237,110,239,113,114,115,118,169,120
67,213,131,196,129,138,145,146,188,148,149,150,153,157,159,169,193,177,192,68,70,71,200,204,183,76,208,81,83,212,85,86,87,220,221,94,97,101,105,107,236,239,168,114,235,121,122,127
68,128,132,134,193,136,139,142,201,146,195,157,162,163,166,197,175,182,183,186,194,69,198,199,200,73,76,78,207,81,210,83,206,88,89,90,219,220,222,96,225,229,105,235,108,238,233,123
69,129,196,135,139,192,130,146,148,201,158,162,166,220,170,174,175,176,183,180,151,181,195,72,73,76,224,206,141,173,83,215,88,92,94,96,225,226,103,232,105,231,239,116,121,127
70,192,235,139,130,144,195,151,154,155,158,163,166,169,171,176,177,182,184,223,189,194,71,74,204,78,79,173,83,85,86,216,218,91,221,222,165,224,98,101,209,232,105,106,107,108,110,111,240,239,120,124,219,213,127
71,128,235,133,134,135,137,147,238,132,179,155,157,161,171,177,180,140,160,73,74,76,77,205,211,85,88,218,92,186,94,95,224,225,98,227,228,102,104,105,106,167,108,146,110,189,240,232,114,122,123,124,234,195
72,128,179,132,154,159,91,164,166,168,174,176,178,184,140,215,194,227,199,73,202,141,209,211,84,185,89,79,220,223,225,226,99,101,231,232,105,167,114,117,118,169,122
73,129,131,179,139,130,143,144,152,154,151,239,158,160,197,166,214,175,177,215,190,191,195,202,75,78,208,209,227,203,87,88,89,220,222,224,225,98,99,104,234,107,109,238,237,147,118,121,123,124
74,129,132,135,226,206,150,217,154,160,176,162,165,171,225,181,182,195,196,197,183,204,77,78,82,85,185,164,152,199,95,144,98,99,228,229,230,232,105,234,107,174,240,168,116,187,218,123,213
75,171,179,129,136,137,128,153,239,156,159,160,162,135,172,177,191,200,226,206,207,80,81,86,91,93,98,228,230,102,231,104,105,107,109,110,111,168,221,115,117,233,122
76,129,132,144,146,149,196,239,160,161,197,193,135,172,174,176,178,182,183,189,192,200,206,207,142,88,221,102,195,231,106,115,124,213
77,128,134,143,145,146,148,152,153,156,157,160,161,163,166,171,178,175,91,219,183,180,187,189,211,200,204,78,80,83,84,215,216,93,199,228,231,233,106,107,236,112,168,147,117,119,212
78,128,192,130,134,135,139,194,222,196,153,201,161,166,168,174,178,180,184,189,198,199,200,205,156,83,213,86,215,228,94,95,96,100,102,104,105,107,236,109,240,115,117,118,202,121,191,126
79,145,167,170,178,181,238,189,191,204,226,206,208,209,212,85,214,216,91,220,94,165,96,144,98,230,188,235,108,109,110,111,112,113,114,117,121,136,124,125
80,128,129,130,132,135,140,141,144,145,218,154,134,172,176,182,184,215,191,198,161,202,207,209,83,84,86,87,88,89,90,97,226,100,103,105,235,238,111,157,117,118,123,126
81,128,213,136,138,140,145,131,149,154,239,214,164,227,221,169,142,175,178,185,186,190,211,208,209,83,84,85,203,90,93,96,97,187,100,101,188,231,105,108,237,238,111,114,147,116,119,153,124,166
82,224,131,135,137,138,151,142,173,152,153,154,158,159,162,189,222,182,193,139,197,200,201,205,207,83,84,85,214,88,89,219,220,94,95,97,217,100,178,104,235,236,111,116,117,118,120,122,213
83,128,135,236,233,145,147,132,179,231,161,197,165,146,177,168,171,136,158,216,220,223,189,181,192,194,225,200,210,204,207,84,214,87,176,218,219,92,93,94,95,96,97,98,99,166,102,103,232,105,196,107,108,109,112,116,169,121,123,234
84,192,144,173,153,155,161,166,169,174,176,222,184,237,194,195,199,207,205,220,88,217,90,143,92,94,95,229,100,101,102,209,104,234,236,109,239,180,115,117,118,119
85,129,131,133,230,137,161,198,168,169,171,172,174,175,176,179,186,187,181,203,205,142,216,89,207,92,222,227,228,101,102,104,105,109,116,120,122
86,134,215,143,144,147,150,159,167,135,221,178,182,193,197,161,177,210,213,214,186,218,219,220,93,227,230,231,104,171,236,110,111,112,117,120,121,123,124,126
87,155,226,231,144,148,240,154,156,158,163,167,170,172,173,157,176,236,184,185,189,190,191,160,147,225,233,135,228,90,91,92,94,97,193,100,145,188,107,108,110,239,112,115,116,117,119,121,125,126
88,132,135,239,131,152,158,163,164,168,173,201,184,188,191,205,207,209,211,215,220,93,94,224,226,100,229,230,231,232,161,106,108,210,189,113,140,147,120,212,123,124,127
89,130,235,133,140,141,222,238,150,152,156,158,134,168,180,138,193,139,199,202,206,207,90,233,94,165,208,98,229,100,101,195,231,188,107,200,110,239,157,169,122,124,170,126,213
90,128,133,134,135,137,139,130,144,148,155,156,154,158,176,177,236,183,184,189,198,194,175,226,214,218,92,93,97,98,99,101,230,232,107,108,114,119,212,124,127
91,192,209,148,154,155,158,160,162,163,172,182,183,185,186,190,191,195,206,173,214,205,220,221,224,98,145,105,234,110,111,240,114,121,122,200,170
92,209,236,171,178,133,137,215,138,151,225,153,218,160,167,145,227,179,158,184,181,194,195,147,198,177,173,210,220,221,199,211,224,97,187,142,161,223,107,108,237,110,189,115,120,212,136,125,213
93,230,130,131,214,135,137,140,146,147,148,159,162,165,167,175,178,179,188,203,181,225,200,187,207,208,210,217,211,95,224,97,98,99,228,101,102,106,237,238,239,113,115,117,120,122,234
94,129,137,130,131,150,151,157,159,162,155,164,168,135,174,177,192,172,197,220,223,189,175,202,203,208,141,216,221,222,95,165,98,227,100,229,231,161,171,109,111,147,116,121,191,124,234,127
95,135,137,138,130,142,237,149,150,152,153,162,163,199,136,222,194,177,208,213,217,97,227,100,166,145,106,225,146,210,111,112,238,221,115,119,121,122,125
96,136,137,213,142,237,144,146,151,196,156,197,163,164,165,168,170,178,182,183,186,159,188,138,194,177,239,212,206,218,233,97,99,100,104,105,107,108,109,110,111,238,114,116,117,118,169,121,122,189,127
97,149,129,140,194,153,159,214,162,163,227,173,175,176,178,172,183,223,190,146,196,198,199,224,206,152,216,219,222,99,100,229,230,108,109,238,111,113,118,119,125,127
98,230,137,138,140,175,144,147,153,155,161,163,174,136,179,236,180,198,196,207,210,212,214,185,148,228,229,102,104,235,108,238,112,168,117,118,121,122,123,125
99,128,139,130,141,149,150,164,168,172,173,175,140,195,198,205,206,209,212,213,215,216,219,234,101,106,107,108,111,240,114,121,170,126
100,129,131,132,230,193,231,143,144,148,185,175,161,164,156,172,177,179,183,189,191,192,194,182,206,218,208,226,101,102,103,167,108,112,116,120,122,123
101,128,145,149,151,152,153,157,158,159,164,166,227,221,200,179,181,193,196,161,201,205,206,210,163,215,223,224,226,229,231,104,105,110,232,117,233,120,121,217,123,124,213
102,192,131,132,172,154,158,133,174,175,177,189,190,160,195,197,198,205,203,215,169,233,220,222,144,231,105,234,191,112,118,119,148,122,123,170,127
103,130,132,193,138,141,147,150,152,154,155,157,159,160,161,163,168,199,174,176,178,180,181,182,137,215,192,139,201,203,204,206,216,220,223,208,226,229,233,237,117
104,128,134,129,137,138,130,143,144,145,146,154,237,162,155,177,171,172,157,176,175,191,195,197,211,205,173,163,216,153,186,222,229,217,212,230,209,232,108,210,113,221,115,118,119,120,121,136,126,127
105,132,233,143,144,149,157,159,134,170,172,178,174,176,137,184,189,191,224,139,214,186,222,211,208,223,194,234,231,236,238,111,114,115,119,123,125
106,128,137,138,139,194,144,145,150,154,157,158,165,177,168,169,171,172,173,221,136,180,183,186,188,134,195,196,197,200,204,163,212,227,222,224,225,226,108,237,239,240,170
107,129,130,194,142,147,148,238,150,152,179,155,162,163,174,136,178,201,187,197,200,205,209,156,206,165,195,234,237,110,112,190,191,213
108,128,131,134,135,151,145,147,153,158,129,170,171,175,177,179,184,180,187,181,194,201,203,204,216,212,207,221,223,233,235,109,111,168,119,120,123
109,128,131,195,153,156,155,164,177,168,169,178,222,182,184,185,151,190,194,139,197,225,204,209,203,216,217,218,143,186,165,226,227,231,235,237,110,111,112,211,118,119,148,123
110,131,137,139,144,150,153,154,158,237,135,157,177,179,183,187,164,227,235,194,202,204,211,218,199,215,231,112,114,147,116,190,119,120,121,122,123,124,149
111,236,235,132,129,237,150,156,208,162,168,135,176,207,183,184,186,192,194,203,182,233,201,206,217,218,226,230,165,234,167,114,115,116,190,118,119,120,122
112,130,131,135,139,143,144,215,149,152,175,133,163,165,166,156,178,179,181,137,185,168,190,214,182,204,209,228,225,231,232,234,113,169,124
113,132,133,139,140,148,150,153,158,165,166,173,174,185,187,225,205,202,204,206,208,212,213,143,223,226,178,237,168,114,118,120,123,124,149
114,192,207,137,194,175,159,133,162,163,167,199,173,176,200,178,172,201,186,189,140,206,210,212,214,215,169,221,225,230,209,231,116,187,119,121,123,125,149
115,128,138,215,233,153,154,156,159,160,223,175,176,185,187,188,189,190,200,201,219,222,236,237,147,204,117,119,121,125
116,131,129,209,215,144,157,158,197,165,168,170,174,175,177,163,188,202,134,191,192,193,195,196,200,206,208,212,218,220,225,226,240,190,149
117,134,193,138,139,147,151,152,133,163,178,180,159,189,194,181,201,211,213,218,220,187,228,230,232,235,200,238,212,124
118,129,130,175,173,201,155,157,159,163,135,182,185,138,224,198,225,183,207,209,213,214,152,219,220,187,119,122,170,126,149
119,133,134,172,140,142,152,174,235,156,165,146,168,221,176,180,181,190,191,192,193,225,200,206,208,210,211,216,233,186,226,187,228,209,231,240,238,169,148
120,128,130,131,214,209,137,149,151,153,154,160,162,220,135,173,177,238,183,138,203,204,216,208,184,211,212,217,223,187,230,145,235,210,229,124,166
121,213,207,142,152,149,154,155,156,157,159,214,162,164,168,174,176,177,180,222,238,137,187,194,198,200,204,210,212,218,221,230,167,240,232,148,124,166
122,135,136,226,141,149,152,162,171,172,179,223,160,194,196,177,205,164,209,211,212,215,216,208,188,167,236,200,238,233,225,124,127
123,131,136,141,201,150,154,156,164,165,166,168,226,236,189,190,193,195,205,213,185,228,229,224,235,240,211,233
124,132,133,135,136,190,148,149,218,214,163,167,169,171,173,175,178,180,222,238,184,187,189,134,198,196,202,203,185,143,220,221,165,230,209,232,235,237,204,125
125,128,131,135,140,130,146,157,160,164,168,220,174,175,180,184,186,187,191,195,196,198,200,205,163,217,227,165,232,234,239,233
126,131,133,129,136,141,146,147,148,150,235,158,164,167,173,157,179,183,194,182,200,202,211,212,218,220,221,222,223,208,228,166,230,229,187
127,132,192,143,144,147,148,150,152,157,159,163,156,170,197,172,174,175,176,189,196,199,203,213,217,220,226,233,234,239,240,190
128,130,236,141,143,145,146,148,151,218,157,160,168,170,172,223,175,180,159,138,192,211,177,205,212,207,186,165,144,209,238,240,221
129,134,135,137,175,146,154,155,158,161,180,168,182,183,162,206,214,217,221,229,195,233,157
130,131,150,139,175,142,143,149,154,158,135,240,179,180,181,184,185,215,192,193,195,196,203,204,210,211,206,214,186,219,182,226,228,233,236,238,239,221,213
131,230,133,172,139,140,142,143,145,195,174,151,156,160,161,164,170,178,184,190,191,141,237,215,217,216,227,229,235,169,148
132,136,137,138,139,141,142,143,222,150,152,184,159,160,161,165,237,168,171,175,178,181,185,197,203,173,213,228,218,199,223,232,234,235,236,200,233
133,192,148,150,151,155,218,159,161,162,166,199,176,185,202,204,207,212,215,216,221,225,226,227,230,232,188,237,147
134,162,138,217,152,153,159,165,168,169,223,178,187,194,197,233,204,207,209,210,206,219,222,224,208,166,235,239,240,232,218,234,213
135,179,138,215,140,144,216,148,150,151,218,154,155,185,159,163,165,166,183,186,189,198,204,213,217,224,225,227,232,188,234,210
136,235,144,152,223,150,156,161,162,219,164,167,169,170,171,174,175,177,178,181,182,183,190,194,203,201,202,204,206,208,142,216,207,221,225,227,228,209,211,234
137,140,142,237,147,149,218,155,156,160,162,167,173,157,179,181,184,187,192,191,196,197,239,205,211,199,230,235,210,174
138,235,209,142,143,145,226,151,153,154,172,166,169,171,181,182,186,190,193,194,196,201,202,231,224,206,208,211,216,222,195,239,157,232,234
139,215,142,145,150,153,154,157,164,165,240,175,207,184,186,223,191,193,202,203,204,141,208,212,213,185,216,143,198,221,222,182,226,228,235,217,149
140,192,146,152,153,158,176,171,174,175,200,182,183,159,188,190,191,197,198,201,202,205,211,186,219,199,228,237,238
141,144,145,148,150,217,155,197,161,176,172,157,183,185,194,198,203,205,222,214,216,233,234,231,236,169,200,149
142,147,224,158,162,164,168,220,173,175,178,180,182,183,185,186,187,197,199,200,202,205,206,214,215,226,228,232,233,234,210,189,240,213
143,147,149,235,156,158,161,176,179,184,188,189,193,194,196,197,203,210,163,213,216,217,223,225,227,230,178,231,239
144,239,146,149,155,157,158,214,161,164,165,168,170,173,178,179,183,188,192,193,196,199,205,206,163,223,225,229,235,236,189,212,148
145,148,151,155,165,166,240,177,178,180,197,201,183,204,207,220,216,218,224,225,226,227,195,233,237,229,232,149
146,147,153,197,171,175,178,181,184,186,223,192,224,207,209,212,217,233,199,226,188,235,237,240
147,226,152,154,155,176,169,199,221,182,185,187,190,196,198,183,204,184,220,206,217,218,223,224,230,234,239
148,151,237,174,218,167,162,165,170,177,179,198,183,208,212,213,216,220,222,227,230,226,232,233,236,153
149,188,150,153,184,156,157,240,169,171,181,185,159,193,197,199,194,205,207,216,217,218,222,226,223,234,167,191
150,164,165,177,168,156,222,238,183,186,159,194,203,204,205,219,221,226,228,229,232,188,231,200
151,192,157,158,197,167,168,171,184,198,195,203,204,209,214,215,217,221,229,188,210,239,169
152,169,225,163,164,167,172,157,188,193,199,208,215,218,186,224,229,232
153,230,238,228,162,169,172,182,184,186,190,194,197,198,199,202,208,214,215,217,218,227,212,165
154,179,159,160,162,165,167,169,171,176,232,172,182,183,184,189,191,192,209,197,205,206,211,213,214,216,164,221,226,229,180,200,202
155,158,219,164,168,174,180,159,191,192,160,194,195,196,205,207,213,216,217,223,228,230,233,238,240,232
156,215,217,218,239,157,191,164,177,169,170,173,175,178,181,203,182,198,204,207,228,209,163,216,165,225,166,233,234,235
157,234,160,199,178,180,184,181,193,172,206,207,213,218,233,226,170
158,201,230,215,216,195,159,219,221,182,183,189,192,193,164,207,208,212,186,222,224,210,239,170
159,161,164,167,168,171,177,179,183,194,225,202,204,205,207,208,209,216,218,219,165,187,232,238,240,200
160,235,176,178,180,183,191,196,198,206,209,210,211,213,214,164,218,221,222,229,224,166,188,234,231,236,189,240,239
161,171,222,214,176,169,173,186,191,192,195,196,204,202,207,209,210,219,208,233,236,189,240
162,196,235,175,163,166,169,176,222,184,185,177,204,205,213,214,186,220,224,230,231,233,236,210,202
163,216,223,196,182,185,187,192,197,225,201,208,211,214,239,170
164,238,165,168,172,177,179,188,202,195,196,198,204,205,207,210,211,214,215,217,223,226,230,232,233,234,235,236,239,200
165,217,177,180,190,192,224,194,199,233,206,208,213,214,215,207,232,188,236
166,171,179,240,177,168,199,203,214,216,218,229,212,232,234,191
167,179,180,187,189,190,192,193,196,177,202,203,204,207,234,235
168,237,171,177,181,202,180,192,193,194,227,199,201,204,212,214,219,216,221,188,239,187,217,200,213
169,179,237,221,180,192,224,199,177,204,208,214,207,220,186,222,223,225,226,235,239,190,212,170,213
170,236,180,185,188,195,196,199,202,205,208,212,213,238,233
171,179,201,199,187,192,193,203,206,207,216,217,198,227,228,235,237,174
172,215,219,188,174,180,191,192,194,200,227,217,221,239,232
173,215,197,177,181,219,186,189,190,194,201,203,206,208,222,224,228,233,236,237,239,187,234
174,197,175,177,183,187,195,196,208,210,214,186,234
175,236,240,177,178,201,213,185,193,200,202,204,211,214,224,190
176,215,197,198,177,179,201,188,189,190,194,210,214,222,211,224,187,237,238,232,204,200
177,231,203,238,214,181,201,198,193,224,207,209,212,199,216,239
178,215,231,235,197,221,181,180,186,187,214,192,195,182,212,185,216,227,234
179,233,225,193,181,195,197,204,207,209,210,216,222,229,227,231,188,239,238,240
180,235,192,217,182,184,189,191,198,209,215,219,221,234,187,228,238
181,197,240,188,194,199,203,216,207,229,224,230,232,237,238
182,198,210,187,188,197,201,207,213,225,226,229,231,204,190,192
183,205,197,219,204,214,215,228,220,187,195,231,233,225,240,239
184,230,200,190,197,199,203,209,210,237,214,215,195,234,240,233,217
185,187,193,194,195,201,212,216,218,221,225,229,240,236,238
186,209,237,195,214,194,198,200,201,203,205,208,210,211,223,229,236,232
187,190,191,198,201,208,210,212,215,216,218,219,224,228,209,233,234,240
188,215,195,196,198,204,224,206,210,213,214,230,209,232,233,235,240,190
189,216,223,219,190,200,206,228,207,211,225,230,231,240,235
190,193,238,223,192,227,225,200,202,207,211,214,216,217,221
191,207,216,235,222,194,201,212,206,218,225,229
192,239,195,220,199,202,205,235,224,226,233,234,231,236,211
193,214,201,197,202,219,222,229,237,217,239
194,196,218,219,220,223,198,224,206,226,230,213
195,203,206,208,235,218,223,230,231,236,239,240,217
196,235,224,225,200,203,212,206,222,236,238,239,234
197,224,214,237,204,205,222,215,223,227,236,238,232,211
198,204,214,231,234,236,206
199,217,204,207,208,218,224,227,237,240,238
200,204,208,215,218,223,226,230,232,233
201,237,206,229
202,239,217,206,207,212,214,221,223,224,227,236,237
203,209,219,222,204,205,206,210,212,214,207,220,232,234,213
204,237,222,227,232,231,239,233,234
205,240,219,207,214,221,223,231,236,237,229
206,219,228,210,216,218,221,226,237
207,237,220,209,215,219,216,208,212,232,234,210
208,217,227,210,211,214,216,224,226,232,234,238
209,216,219,217,218,222,225,228,230,231,234
210,235,214,220,221,215,224,230,223,231,236,237,238,211
211,238,217,218,223,224,225,228,240
212,218,232,214,221,229,225,228,234
213,235,220,224,236,237,238
214,217,219,221,223,224,225,227,228,237
215,238,223,235,220,221,224,225,232,231
216,222,225,220,221,224,228,229,238,239
217,237,223,239,222,225,229,234,238,240,232
218,220,224,227,223,236,240
219,222,236,237
220,226,228,231
221,224,226,228,230,233,238,234
222,223,226,227,228,230
223,230,224,227,232,237
224,226,229,236,240
225,237,227,231
226,237,239,228,236,234
227,231,237,228,233,236,238
228,234
229,230,235,236,239,240
230,239,234,235
231,240,235
232,235,239
233
234
235,239,237,238
236
237,239,240
238
239,240
240
