n_nodes:213
n_edges:14057
density:0.6226
0,1,3,4,7,8,9,10,12,13,15,17,18,19,21,22,23,24,25,28,29,30,32,35,36,37,38,40,43,45,46,47,48,50,52,53,56,58,62,63,64,65,66,67,68,71,72,74,75,77,78,79,80,82,83,86,87,89,91,94,96,97,99,101,103,104,105,106,110,111,113,114,116,117,118,121,124,125,126,128,130,132,133,134,136,137,138,140,141,143,144,147,149,150,152,153,154,159,160,163,164,165,167,168,169,171,172,173,174,175,176,178,179,181,182,184,187,189,190,192,193,194,195,198,199,202,203,204,207,208,209,210,211
1,4,5,6,7,9,10,11,12,15,16,17,18,19,20,21,22,23,24,28,32,33,35,36,40,42,43,44,45,46,48,50,53,54,55,56,59,62,63,66,67,69,70,72,73,74,76,77,78,80,81,82,83,85,86,87,88,89,93,94,95,96,97,98,99,104,105,109,110,112,113,114,115,116,117,119,120,124,125,126,128,129,131,132,135,136,137,138,139,140,141,142,145,146,148,151,152,153,155,156,157,158,161,162,163,164,165,166,167,168,169,170,171,172,173,177,178,180,181,182,183,186,188,190,192,193,194,197,198,199,200,202,203,204,205,206,207,208,210,212
2,3,4,7,8,9,11,12,13,14,15,16,17,18,20,21,22,27,28,29,32,33,34,35,36,37,39,41,42,43,47,48,50,52,53,54,55,57,58,59,60,64,65,67,68,69,73,74,75,76,77,78,79,80,81,83,84,87,88,89,91,93,94,95,96,97,98,99,100,101,102,103,105,109,110,111,112,114,118,119,121,124,125,126,127,128,129,130,134,135,136,137,139,141,142,143,144,145,146,148,149,150,151,152,154,156,158,159,160,161,162,164,165,166,167,168,169,171,172,174,175,177,178,180,183,184,186,188,192,194,196,199,200,202,204,206,207,209,210
3,4,5,7,9,12,14,15,17,18,19,23,24,25,26,27,28,29,31,32,33,34,35,38,39,43,44,45,46,47,49,51,53,58,59,60,61,62,63,67,68,69,70,71,72,73,74,76,78,79,80,82,83,88,89,90,91,92,93,95,96,97,98,99,100,101,103,105,106,108,109,110,111,112,113,114,115,117,118,119,120,121,122,124,125,126,127,128,129,130,132,133,135,137,138,139,140,142,144,146,147,149,150,152,153,155,156,159,162,163,165,166,167,168,170,171,172,173,174,175,176,177,178,179,181,182,183,184,185,187,188,189,190,191,194,196,197,199,201,202,204,205,206,210,211,212
4,5,6,8,9,13,14,15,16,18,21,22,23,24,28,29,30,31,32,33,35,38,39,42,44,45,48,50,51,52,53,54,59,60,62,64,65,66,67,68,69,70,72,73,74,75,76,77,78,79,80,82,83,86,87,89,90,91,96,98,99,102,105,106,107,108,111,112,115,116,120,121,124,126,128,132,134,136,137,138,139,140,141,142,143,145,146,147,149,150,153,154,155,156,162,167,168,169,171,174,175,176,178,179,180,181,182,183,184,187,189,190,191,193,194,196,197,198,200,202,203,205,207,208,209,211,212
5,6,8,11,12,13,15,17,18,20,21,23,24,25,26,27,28,30,32,34,35,36,37,40,41,42,44,47,48,51,52,54,58,60,61,65,67,68,70,73,75,76,77,79,81,83,84,86,89,90,95,100,101,103,104,105,109,111,112,114,115,116,117,118,119,122,123,124,125,126,128,130,131,132,133,135,136,137,138,140,141,143,144,146,147,149,151,152,153,155,156,157,159,160,161,162,163,164,166,168,169,171,172,174,175,177,178,181,183,184,185,188,191,192,193,197,200,201,202,203,204,205,206,207,208,209,210,211
6,9,10,11,12,13,14,15,16,17,19,20,21,22,24,26,27,28,29,30,31,32,33,37,38,41,42,43,44,45,46,47,48,49,50,51,52,53,54,56,57,58,59,60,61,63,64,65,66,67,68,69,71,73,74,75,76,78,79,80,83,84,85,86,87,88,89,90,91,92,93,94,97,98,99,100,101,102,104,105,106,107,109,110,112,117,118,119,121,122,123,124,125,126,127,130,132,133,134,135,137,138,139,141,142,144,146,147,148,149,150,151,152,153,154,157,159,162,164,165,167,168,170,174,175,178,180,184,186,189,190,192,195,197,199,200,202,203,204,205,206,207,208,211
7,8,10,11,13,16,17,18,20,21,22,23,24,26,27,28,29,32,34,38,40,41,42,44,47,49,51,53,55,59,62,63,64,66,67,71,73,74,75,76,77,78,79,84,86,87,89,92,93,96,98,99,102,104,106,107,108,109,110,111,112,113,114,115,117,118,119,120,121,122,123,124,125,127,128,129,130,131,132,133,134,135,137,138,140,141,145,147,148,149,150,152,154,157,158,159,161,162,165,166,167,172,173,176,181,183,184,185,186,187,188,189,190,192,195,196,198,200,201,202,203,205,206,207,210,211
8,11,13,15,16,21,22,25,27,32,35,36,37,40,41,42,45,46,50,53,55,56,59,61,63,65,68,71,72,73,74,78,80,81,82,86,87,88,91,94,96,97,98,100,101,103,104,105,106,108,111,113,114,115,116,118,119,120,123,126,128,131,132,135,137,139,140,141,142,143,145,149,150,153,154,155,156,157,158,159,165,166,167,168,169,170,171,172,173,175,176,177,178,180,181,182,183,184,185,186,187,188,189,190,193,194,195,196,198,199,200,201,203,204,205,208,209,210,211,212
9,10,13,14,16,19,22,25,26,27,29,30,31,32,33,34,36,38,39,41,42,43,44,45,46,47,48,50,51,52,53,54,55,56,57,58,59,60,63,64,65,67,68,71,72,73,76,77,78,79,81,84,85,86,87,88,90,91,92,93,101,102,104,106,109,112,113,114,115,116,119,120,121,124,126,129,130,131,134,135,136,137,138,139,140,144,146,148,149,150,155,156,157,158,159,160,163,169,170,172,173,177,178,179,181,183,184,186,187,189,190,194,195,197,201,203,204,205,206,207,209,210
10,12,13,15,17,19,21,23,24,25,26,27,28,30,32,33,34,35,36,37,38,39,41,42,43,44,45,46,48,49,50,55,56,59,61,62,63,64,65,66,69,70,71,72,73,74,75,77,80,81,82,84,85,89,90,92,95,96,97,98,99,100,102,103,106,107,109,111,112,114,117,118,119,121,122,123,124,128,129,130,131,132,133,134,135,136,137,138,139,142,145,146,147,148,150,154,155,156,157,158,159,161,162,163,166,170,171,177,178,182,183,186,187,189,190,191,193,194,198,199,201,204,205,206,207
11,12,13,14,15,16,17,18,20,21,22,23,24,25,26,27,29,30,31,32,33,34,35,36,37,39,40,41,42,44,45,46,49,50,51,52,53,54,55,56,58,60,61,62,67,68,69,77,79,82,83,85,86,91,92,94,97,98,99,100,104,108,109,110,111,113,114,115,116,117,118,119,120,121,122,123,124,125,126,127,128,129,130,131,132,133,134,135,136,137,139,140,143,144,145,146,147,148,149,152,154,156,157,158,159,161,163,164,166,167,168,169,170,171,174,175,176,177,178,183,184,187,188,189,190,192,193,194,195,198,199,200,202,204,205,206,207,208,211,212
12,14,15,16,17,18,20,21,22,23,25,26,27,28,30,31,32,37,38,39,42,43,44,45,46,47,48,49,51,52,53,54,55,56,57,58,60,62,63,64,65,66,67,68,69,70,73,74,75,76,78,79,80,81,82,83,84,85,87,88,89,90,91,92,93,95,98,99,101,103,104,107,108,109,110,111,112,113,114,115,116,117,118,119,121,122,123,126,128,129,130,131,132,134,135,136,137,138,140,141,142,143,146,148,149,150,151,153,154,157,158,159,161,163,165,166,167,169,170,171,173,174,175,176,177,178,181,182,186,187,188,190,191,193,194,195,196,197,199,200,201,202,204,205,206,207,208,209,211,212
13,14,15,16,17,18,21,25,27,31,32,35,37,39,40,42,43,44,45,46,47,49,51,52,54,55,59,60,61,62,65,68,69,70,72,73,75,78,79,80,82,83,84,85,86,89,91,93,94,95,96,97,99,101,103,104,105,106,108,109,111,112,113,115,117,120,121,122,123,124,127,131,133,137,138,139,140,141,144,146,148,156,157,160,161,163,165,166,167,171,174,175,177,178,179,180,182,183,184,185,186,188,189,191,192,193,195,196,197,198,202,204,205,206,207,208,209
14,15,19,21,22,25,26,28,30,33,34,35,37,40,42,43,44,45,47,48,50,51,52,54,55,56,57,58,59,60,61,62,63,66,67,68,70,71,76,77,78,82,84,85,86,88,90,92,95,96,97,98,99,100,101,104,105,107,108,109,111,112,114,115,118,120,121,122,123,126,129,131,132,133,134,135,136,137,138,139,140,141,142,143,145,147,148,150,151,154,156,160,161,162,163,166,167,170,171,172,176,177,178,179,180,181,182,184,187,188,191,192,196,201,202,203,204,205,209,210
15,16,19,20,21,22,23,24,27,28,29,31,32,33,36,38,40,42,43,47,49,53,54,56,57,59,60,61,62,63,64,66,67,68,69,70,71,72,73,75,76,77,78,82,83,85,87,89,90,92,93,94,95,96,99,102,103,104,105,107,110,115,117,118,119,120,123,124,128,130,131,133,134,136,137,139,140,141,142,144,146,148,150,151,152,154,157,158,159,160,161,162,164,165,167,168,169,173,175,177,178,179,181,182,183,185,189,190,191,193,194,195,197,201,202,203,204,205,206,207,209,210,211,212
16,17,18,20,23,24,26,27,28,29,30,32,33,34,37,38,39,40,41,44,47,48,49,50,54,55,57,58,60,62,63,65,67,68,69,70,73,74,75,77,78,79,80,81,82,84,85,86,87,94,95,96,100,101,103,105,106,107,108,109,110,111,113,114,116,119,121,122,124,125,126,127,130,131,132,133,135,136,137,138,140,141,142,143,145,147,148,150,152,153,154,157,160,161,162,164,165,166,168,169,170,172,174,176,177,178,179,180,182,183,184,185,186,187,188,189,190,191,192,195,196,198,202,203,204,208,209,210,211,212
17,18,19,21,24,27,29,31,32,33,34,35,38,39,43,45,46,49,51,52,54,55,56,57,59,60,61,63,64,65,67,69,70,72,73,74,79,80,81,82,83,84,85,87,88,91,95,96,97,98,99,100,103,104,105,110,111,112,114,115,116,117,119,120,121,123,125,128,129,131,132,133,134,136,138,139,140,141,142,144,146,147,148,149,150,152,153,154,155,159,160,161,162,166,168,170,171,172,174,176,177,180,181,182,184,186,191,195,197,198,199,200,201,203,204,205,208,209,211
18,21,24,25,27,28,30,31,32,33,35,39,43,45,47,48,54,58,59,60,62,64,66,68,71,73,75,76,78,79,83,84,87,89,90,91,92,93,94,97,99,100,101,103,104,105,106,109,110,113,114,115,119,120,121,122,124,126,127,128,130,133,134,135,136,137,138,140,143,145,146,147,148,150,155,157,159,165,166,168,169,170,171,172,175,176,177,180,183,184,185,186,187,188,189,191,192,194,195,196,200,201,203,205,209,210,211,212
19,20,22,24,26,28,29,32,33,34,35,36,38,39,40,42,44,47,48,51,52,53,54,59,61,64,66,67,68,69,70,71,75,76,77,78,82,84,85,87,89,90,92,93,94,96,97,98,99,100,101,103,104,105,108,109,111,112,115,119,120,121,122,123,124,125,127,128,129,130,131,132,133,134,135,138,139,140,141,142,144,146,147,148,150,151,155,156,158,159,160,161,164,165,166,167,168,169,170,171,172,173,174,175,176,177,178,179,180,181,182,183,184,185,187,188,190,191,192,194,196,197,198,201,202,206,207,208,209,210,211
20,21,22,23,24,26,28,29,30,31,32,34,35,36,37,40,41,46,47,48,49,51,52,54,56,57,59,60,62,64,65,68,69,70,71,72,73,74,78,80,82,83,84,85,87,88,91,92,93,95,97,99,103,107,108,111,113,115,117,118,119,121,122,123,126,127,128,129,131,132,133,134,135,137,140,141,142,144,145,146,147,149,152,153,158,159,160,161,162,163,165,167,168,170,174,175,178,179,181,182,183,184,186,187,191,194,195,196,199,200,202,204,206,207,209,211,212
21,22,24,25,27,28,29,30,31,36,37,38,39,40,41,45,46,47,48,49,51,54,55,57,58,59,61,63,64,65,66,67,68,69,70,71,72,73,76,77,79,80,81,82,83,84,88,89,90,91,93,94,95,96,97,99,103,105,109,110,111,112,114,118,120,122,124,125,126,127,129,131,132,133,135,137,140,141,142,144,149,153,154,155,156,158,160,162,163,164,168,169,170,171,173,174,176,177,178,179,180,181,182,183,184,187,188,189,190,191,192,193,195,196,198,200,203,204,206,207,208,212
22,23,25,29,31,32,33,34,36,37,38,39,40,41,44,45,46,47,49,50,51,52,53,55,56,57,58,59,62,63,64,66,71,73,78,79,80,81,84,87,88,89,90,91,92,93,94,95,96,98,99,100,101,103,104,107,108,109,112,113,114,117,119,120,121,122,123,124,126,127,128,130,137,138,139,140,145,147,148,150,151,152,157,158,161,163,164,167,169,171,172,177,183,187,188,191,192,196,197,198,199,200,202,203,204,210,211
23,25,26,27,28,29,30,32,33,34,37,38,39,41,45,46,49,50,51,52,53,54,56,57,58,63,64,65,66,67,70,71,72,76,77,78,81,82,83,84,85,86,88,90,91,94,95,98,99,100,102,103,104,106,107,111,114,117,119,120,121,123,124,126,128,129,130,135,138,139,140,142,143,144,145,146,147,148,149,150,152,153,154,156,157,160,161,162,163,164,165,166,170,174,175,176,177,178,179,181,183,184,186,187,188,189,190,191,192,194,196,197,198,199,202,203,207,209,211
24,25,26,28,32,33,34,35,37,38,39,41,43,44,45,46,47,50,51,52,55,56,58,59,60,61,62,63,66,67,68,69,70,71,72,73,74,75,77,80,81,82,83,84,86,89,90,92,95,97,98,101,103,105,106,107,110,111,112,114,116,117,119,121,123,124,125,127,129,131,134,135,136,138,139,140,141,142,146,147,149,150,151,152,153,154,155,158,159,161,162,163,165,166,167,168,169,170,171,172,173,174,175,176,179,180,181,183,184,186,187,188,190,192,193,194,195,199,200,201,202,204,205,206,207,208,209,210,211,212
25,26,29,32,33,34,35,37,38,39,41,43,44,48,49,51,53,54,55,58,59,60,62,65,67,68,69,70,71,72,73,77,78,79,80,82,83,84,85,86,89,91,92,94,97,99,100,102,103,105,108,109,110,113,115,116,122,125,126,129,131,132,133,135,137,139,144,145,147,148,149,150,151,153,154,155,156,157,158,159,160,163,164,167,168,169,171,172,174,176,177,178,179,182,183,186,187,189,192,196,198,199,201,203,204,205,206,207,208,209,210,211,212
26,29,30,31,32,33,35,38,39,42,43,44,45,46,49,50,51,52,53,54,56,57,58,61,64,65,66,67,68,69,72,73,74,75,76,77,78,81,82,83,84,86,89,90,92,93,94,96,98,99,100,101,103,104,106,110,112,113,115,118,119,120,121,122,123,126,129,131,133,134,136,137,138,139,142,143,144,145,146,147,148,151,152,154,155,156,157,158,159,161,162,163,164,165,167,168,173,174,177,178,184,185,187,189,190,191,192,193,194,195,196,197,200,203,206,207,208,209,210,212
27,28,29,31,34,35,36,37,38,40,41,43,44,46,47,48,49,50,52,53,54,55,56,59,60,62,63,64,65,66,67,68,69,71,72,73,74,75,76,77,78,79,81,82,83,85,87,88,89,93,96,98,99,100,101,102,105,106,107,108,109,110,113,114,115,116,118,119,120,121,122,123,125,128,130,131,132,133,134,135,136,138,140,141,142,144,146,148,149,153,155,156,162,164,167,168,169,170,171,173,174,175,177,179,181,182,183,184,188,190,193,194,196,199,200,205,207,208,210
28,29,30,31,33,35,37,38,39,40,42,44,47,49,50,51,52,53,54,55,57,58,59,61,62,63,64,65,70,72,73,75,77,78,79,80,81,82,83,84,86,88,92,93,94,96,99,100,101,102,103,104,111,116,117,118,120,121,123,124,125,127,128,130,131,132,134,135,136,137,139,140,143,146,147,149,150,151,152,153,154,156,158,159,161,163,164,168,169,170,173,174,175,176,178,180,181,184,186,189,190,191,192,193,194,195,196,197,198,199,201,202,203,205,209,211,212
29,30,31,32,33,34,35,36,40,41,42,44,45,47,48,51,52,53,54,56,58,59,60,61,62,63,64,67,68,70,71,72,74,75,77,79,80,81,82,83,84,85,86,87,90,92,93,94,96,98,99,100,103,105,106,107,108,109,110,113,114,115,117,118,119,120,121,122,123,125,126,127,129,130,131,132,133,135,138,139,140,141,142,143,145,146,147,148,149,151,153,154,155,157,159,160,161,162,164,166,167,168,169,171,174,175,176,177,178,179,185,187,189,190,191,193,196,199,200,201,202,207,211,212
30,32,34,38,39,40,41,42,43,46,47,48,51,53,55,56,59,61,62,63,64,65,66,67,68,69,70,71,72,75,77,80,81,83,85,86,88,90,91,95,97,98,100,101,102,105,106,108,109,110,112,114,116,119,120,124,125,127,131,133,135,136,138,139,140,141,143,144,145,146,148,150,151,152,153,154,157,159,160,161,162,165,168,169,170,175,177,178,179,180,181,182,183,184,185,189,191,192,194,195,197,198,199,200,203,204,205,206,207,209,212
31,32,35,39,40,42,43,44,45,46,47,48,50,51,53,54,55,56,58,60,61,62,63,64,66,68,69,71,73,75,77,78,81,82,87,88,89,90,91,93,95,96,98,99,103,105,106,110,112,113,116,117,118,119,121,122,123,124,125,126,127,128,130,131,132,133,134,135,137,138,139,140,141,145,147,148,150,151,152,156,159,160,162,163,165,168,169,172,173,176,177,178,180,181,182,184,187,188,191,192,193,194,195,196,200,202,203,207,209,210,211
32,33,37,38,39,40,41,44,45,46,47,48,49,50,51,54,55,57,58,59,61,63,65,67,69,71,72,73,74,75,76,79,81,82,86,87,88,89,91,96,97,98,99,100,104,105,107,109,111,112,116,117,121,125,126,128,129,131,132,133,134,135,136,137,143,144,145,146,148,151,152,153,154,156,157,158,159,160,161,163,164,168,171,172,175,176,185,187,188,190,191,192,193,195,198,199,200,201,203,205,206,208,209,211,212
33,35,37,39,42,44,45,47,48,53,55,57,59,60,61,62,63,66,68,71,73,75,76,77,79,80,81,82,83,85,86,87,88,90,92,93,95,96,98,100,101,104,110,111,113,115,118,119,120,121,122,124,127,128,129,130,131,132,133,135,137,139,140,142,145,146,147,149,152,153,154,156,157,158,159,161,162,164,166,168,173,174,175,176,177,180,181,182,183,185,186,187,188,190,192,194,196,198,199,200,201,202,203,206,210,212
34,35,36,37,38,40,41,42,43,46,49,50,53,54,56,57,58,60,61,64,66,68,70,73,74,75,77,78,79,81,83,85,86,88,91,92,95,96,97,98,99,100,101,102,103,104,105,106,107,108,109,112,119,120,121,122,123,124,126,129,130,131,133,134,135,136,137,138,139,141,142,143,144,147,148,150,152,155,157,161,162,163,164,165,168,169,170,171,172,173,175,178,179,180,182,183,184,190,194,196,197,198,199,200,201,205,206,207,208,211
35,36,39,40,42,43,44,45,46,47,48,49,50,52,54,60,62,63,65,66,68,69,71,74,75,76,79,80,81,85,86,87,88,89,90,91,93,96,97,98,99,100,101,104,106,107,108,109,110,111,112,113,115,116,117,119,120,123,124,125,126,127,133,135,136,137,140,141,142,144,145,146,148,151,153,154,155,156,159,162,163,164,165,166,167,170,171,173,174,176,182,183,184,186,187,188,189,191,192,196,199,200,201,203,204,206,207,208,209,211
36,37,39,40,41,42,43,44,45,47,49,50,51,52,53,54,55,56,57,58,61,62,63,65,66,67,68,69,70,72,77,78,80,81,83,84,85,86,87,89,92,93,95,96,99,101,102,103,107,108,109,111,112,113,114,117,118,119,122,126,129,130,131,132,133,136,137,138,139,140,142,144,145,146,148,149,150,151,152,153,154,156,157,158,159,160,165,167,168,169,173,174,175,177,180,181,182,183,185,186,187,189,190,191,192,195,196,197,199,201,204,205,209,211
37,39,40,41,44,46,47,48,50,51,52,54,55,56,59,60,61,64,65,66,67,68,69,70,71,74,75,76,79,80,81,82,83,84,85,87,90,91,94,96,97,98,99,100,102,103,104,105,107,108,109,110,111,112,114,116,117,119,122,123,124,126,128,129,130,132,133,135,136,139,140,141,142,143,144,145,146,147,149,153,155,157,158,159,162,163,165,166,167,169,170,173,175,176,177,179,180,182,183,184,187,188,189,191,193,194,195,197,198,200,201,202,203,204,206,207,212
38,39,40,41,43,44,45,46,47,48,50,52,53,55,56,59,60,61,66,67,70,71,72,73,74,75,76,81,84,85,87,94,95,98,101,104,108,109,110,111,112,113,115,116,117,118,119,120,121,123,126,127,130,131,132,133,135,136,137,138,139,141,142,144,145,147,148,149,150,153,155,158,159,161,162,163,165,169,170,173,175,176,178,179,181,183,184,186,188,189,191,193,194,197,199,201,205,208,209,210,212
39,40,44,45,46,47,50,53,54,59,60,61,64,66,67,72,73,74,77,78,79,81,83,84,85,86,88,90,93,94,98,100,102,104,105,106,107,109,111,114,115,116,118,119,121,124,126,127,128,129,131,132,134,138,141,143,144,145,146,147,148,149,150,151,155,157,158,160,162,163,164,165,166,167,168,169,170,171,174,175,177,178,180,181,187,189,191,194,195,197,199,200,202,203,204,205,208,211,212
40,43,46,47,48,50,52,53,54,55,57,60,62,63,64,66,67,69,70,71,73,76,77,81,82,86,90,91,93,95,97,99,101,105,106,109,110,111,112,113,115,118,120,123,124,125,126,128,129,130,131,133,134,138,139,141,142,145,146,147,148,153,155,157,158,159,160,161,162,163,165,166,167,168,169,170,173,177,180,181,182,184,186,187,189,190,191,192,193,194,195,196,197,200,201,203,204,208,209,211,212
41,42,43,44,46,48,51,54,55,56,57,58,59,61,62,63,68,69,70,71,77,78,80,81,83,84,88,90,91,92,94,96,98,99,100,101,103,104,105,106,107,108,110,112,113,117,118,119,123,124,125,126,130,131,132,133,134,135,137,138,141,144,147,148,149,150,154,157,158,159,160,162,165,166,167,168,169,170,171,172,173,175,176,177,179,182,183,184,185,189,190,191,193,196,197,199,200,201,202,205,208,209,210,212
42,43,44,46,48,52,53,56,57,59,62,63,65,66,67,68,69,70,71,72,74,75,77,79,80,81,86,87,88,90,92,93,95,96,97,98,100,101,102,104,106,108,109,110,112,113,114,115,118,120,121,122,123,124,125,126,127,128,129,130,132,133,135,136,137,138,141,142,143,144,145,146,148,150,151,152,153,154,155,157,158,159,160,163,165,167,168,169,172,173,174,175,177,178,179,181,182,183,184,185,187,188,189,190,191,192,193,194,196,197,198,199,201,202,203,204,206,208,211
43,44,46,47,48,49,52,56,57,58,60,61,62,64,65,66,67,68,69,70,71,72,76,77,78,79,82,83,84,86,87,88,89,91,93,94,96,97,99,101,103,104,105,107,111,112,113,117,118,122,123,126,128,129,130,131,132,134,135,138,140,142,143,144,145,146,149,150,151,152,153,154,155,156,157,158,159,160,162,163,165,166,168,169,173,174,175,176,179,180,183,184,185,186,189,192,193,194,195,196,198,199,200,204,205,206,208,209,210,211
44,46,48,51,54,55,56,57,58,61,62,63,64,65,71,74,76,79,80,81,83,84,85,86,89,90,91,92,94,96,99,100,103,105,108,109,111,112,113,114,116,118,119,120,121,122,125,126,127,128,129,131,132,133,135,136,137,138,139,140,143,144,145,146,148,149,150,151,152,154,155,158,159,160,162,164,169,170,173,174,176,177,179,183,184,187,190,191,194,195,196,198,199,200,201,202,203,209,211,212
45,47,50,51,53,54,55,56,58,60,61,62,63,64,65,66,67,68,69,70,71,72,74,77,78,79,80,82,83,84,85,86,87,88,89,90,91,93,95,98,99,100,101,102,103,104,107,108,110,114,116,117,118,119,120,122,123,126,128,129,131,132,133,135,136,139,140,141,142,143,146,148,149,150,153,154,158,159,160,161,162,165,167,168,170,171,172,173,176,177,179,180,181,182,183,184,186,191,192,193,195,197,199,200,202,204,205,206,207,208,211,212
46,47,49,50,51,52,54,56,59,61,62,69,70,71,72,73,74,76,77,78,80,81,82,83,84,85,91,93,94,95,96,102,103,104,105,108,110,111,114,115,116,117,118,121,122,126,127,129,130,133,134,135,136,140,142,145,148,149,156,157,159,160,161,162,163,164,165,166,167,168,170,172,173,174,175,178,179,180,182,183,184,185,188,189,190,191,193,194,196,197,198,199,204,210
47,48,50,53,57,58,59,61,62,65,67,68,74,75,76,77,78,80,81,82,83,84,87,90,92,93,94,97,99,102,106,108,109,110,111,112,115,116,118,121,122,126,127,129,131,132,134,136,137,138,139,140,141,142,143,144,145,146,147,149,152,153,156,157,160,161,162,163,164,165,169,170,171,172,173,174,175,177,178,180,182,183,184,185,187,189,190,193,194,195,200,202,204,205,206,207,208,209,210,211,212
48,49,54,56,57,59,60,61,62,63,64,66,67,68,70,71,73,75,81,82,83,86,87,89,90,91,92,93,94,95,101,102,103,104,105,108,110,111,112,114,115,116,118,120,121,123,124,125,127,128,130,131,132,134,135,138,140,141,144,145,146,147,148,149,150,153,154,156,157,158,160,161,162,163,164,167,170,172,173,177,179,180,181,182,184,187,188,189,192,194,195,197,199,200,201,202,204,206,207,208,209,210,211,212
49,50,53,54,59,60,61,62,64,65,67,68,70,71,74,75,76,77,79,80,82,83,84,86,87,88,89,92,94,95,96,97,98,99,100,104,106,107,109,111,113,116,117,118,120,121,122,123,127,128,129,130,131,132,133,135,136,137,141,142,143,144,146,147,148,150,151,152,153,155,156,157,159,160,161,165,167,168,170,171,172,173,175,177,178,180,181,182,184,186,187,189,190,192,194,195,196,200,203,204,205,206,208,209,210,211
50,51,52,53,54,55,57,60,61,62,63,64,66,67,70,71,73,74,75,76,77,81,82,83,84,87,88,91,95,97,98,100,101,102,106,108,109,110,111,115,116,118,119,120,121,123,126,129,131,132,134,135,136,137,138,139,141,142,143,144,147,149,156,157,161,163,166,167,168,169,173,174,175,176,177,178,181,182,184,185,188,189,190,191,194,196,199,201,202,203,205,206,207,208,209,210,211,212
51,52,53,54,55,59,60,61,62,64,65,66,67,71,72,74,77,78,79,80,81,82,85,86,88,89,91,92,93,94,95,98,99,100,101,102,106,107,108,109,111,113,114,116,117,119,120,124,126,127,129,131,134,138,140,143,145,146,150,153,154,155,157,159,161,162,163,164,165,166,167,171,173,174,175,176,177,180,181,182,183,186,187,188,190,191,192,194,195,196,201,203,204,205,208,209,210,212
52,54,55,56,59,60,62,63,65,66,68,69,70,74,75,77,79,80,81,82,84,85,86,87,88,89,90,91,92,93,95,96,98,99,103,104,107,109,110,115,117,119,120,121,123,126,128,129,130,131,132,133,134,135,136,137,138,139,140,142,144,148,149,153,154,155,156,157,158,159,161,162,163,164,166,167,168,169,171,173,176,180,181,184,185,186,187,188,190,192,193,194,197,199,200,202,203,204,206,207,208,209,210,211,212
53,54,55,56,60,61,63,64,65,66,67,68,70,71,75,78,82,83,85,87,89,92,93,94,96,97,98,100,102,103,104,105,110,112,113,114,115,117,119,120,122,124,127,130,131,135,136,139,140,142,143,144,146,147,155,156,157,159,161,164,165,166,168,171,172,173,174,175,176,178,179,180,181,182,183,184,185,186,187,188,189,190,191,194,195,197,199,201,202,203,204,205,206,208,209,212
54,55,59,60,61,62,64,66,68,69,71,72,75,76,77,79,80,81,82,83,84,86,87,88,89,90,91,92,93,94,95,97,98,103,104,106,107,108,110,112,114,115,118,121,122,123,124,125,127,129,132,133,134,135,136,139,140,142,143,144,145,147,150,152,153,157,158,159,160,161,162,164,165,166,171,172,173,176,177,178,179,180,181,184,185,186,188,190,194,195,198,199,200,201,202,203,204,207,208,211,212
55,58,59,60,61,66,68,71,73,74,75,79,80,82,83,84,85,87,89,90,94,96,97,98,99,100,103,104,106,107,109,113,114,116,117,118,119,120,122,125,126,130,135,137,138,139,140,141,143,144,147,148,151,154,160,161,164,166,167,168,169,171,172,173,174,175,176,177,178,179,181,182,183,184,185,187,188,189,190,192,193,194,195,196,197,199,200,202,207,209,211,212
56,57,58,60,61,62,66,67,68,71,72,73,75,77,78,80,81,85,87,88,89,90,91,93,96,97,98,100,101,102,105,106,107,108,110,111,116,117,118,119,123,124,125,127,128,129,133,134,135,137,138,139,143,144,145,146,147,149,151,152,153,156,157,158,159,160,162,163,164,165,166,167,168,170,171,175,176,177,181,182,184,185,186,188,190,194,195,196,197,199,200,201,202,204,205,207,208,209,210
57,58,59,60,61,63,65,66,68,70,71,72,73,76,77,78,79,80,81,82,83,84,85,86,89,90,91,92,93,96,97,98,100,101,102,103,105,106,108,109,112,117,120,121,122,123,125,126,128,129,131,132,133,134,135,136,138,139,140,142,143,146,149,152,153,154,156,158,159,160,161,162,163,164,165,166,167,169,170,174,175,177,178,181,182,183,187,189,192,193,196,197,199,200,203,205,206,207,208,209,210
58,60,61,63,65,69,70,71,72,75,77,78,79,80,81,83,84,85,86,87,88,90,93,97,98,99,100,101,102,103,104,105,106,108,109,110,111,112,113,117,118,120,121,123,124,126,127,129,131,133,137,138,139,140,141,142,143,144,146,148,152,154,157,159,160,161,163,164,165,166,169,170,171,176,177,178,179,181,182,184,186,187,188,189,191,195,198,199,200,202,203,204,205,206,209,210,211
59,60,61,62,64,65,66,67,70,71,72,75,77,80,81,83,86,93,94,95,96,97,98,99,102,103,104,105,107,108,109,111,113,114,116,117,118,120,121,123,128,129,130,131,133,135,137,140,143,145,146,147,148,149,152,154,155,157,159,160,161,162,165,166,169,171,172,175,176,177,178,179,180,181,182,183,184,185,187,188,189,191,192,193,194,195,196,197,198,203,207,209,210,211
60,63,65,66,67,69,70,74,75,76,77,79,80,81,82,85,86,87,88,89,91,92,93,95,97,99,100,101,105,106,108,110,111,112,113,114,115,117,121,122,123,124,129,131,137,138,141,143,144,146,148,149,150,151,152,153,156,157,158,159,161,162,163,164,165,166,168,169,170,171,172,174,175,176,178,179,180,181,182,186,189,191,192,195,196,198,199,200,201,202,203,205,206,207,208,209,210,211,212
61,62,65,66,67,68,70,71,72,73,74,75,76,78,79,80,81,84,85,89,91,92,93,96,97,98,100,101,102,103,104,105,106,108,109,111,112,113,115,116,117,119,120,121,123,124,126,130,135,136,139,140,142,145,146,147,148,149,150,152,154,156,157,158,159,160,161,163,165,166,167,168,170,171,172,173,175,176,177,178,180,181,182,183,185,186,188,190,192,193,197,198,201,202,203,204,205,207,208,209,210,211
62,63,65,70,72,74,76,78,79,80,82,83,85,86,87,88,89,90,91,92,93,95,96,98,100,101,103,104,105,107,108,109,110,112,114,115,116,117,118,119,120,122,123,125,129,131,133,134,137,138,142,143,146,147,148,149,150,151,152,153,154,155,156,158,159,161,162,163,167,168,169,170,171,173,174,175,176,177,178,179,182,184,185,186,189,190,191,192,193,194,195,196,197,198,199,200,201,202,203,204,205,206,207,209,211,212
63,65,66,67,70,73,75,76,78,79,80,82,84,87,90,93,94,95,96,98,99,100,103,104,105,106,107,110,112,113,115,116,117,119,120,122,124,125,128,132,133,134,135,137,139,141,142,145,146,147,149,150,151,152,154,157,159,161,166,168,171,173,174,175,176,181,183,184,185,186,187,190,191,194,195,196,197,198,199,200,201,206,208,210,211
64,65,66,67,68,69,71,73,74,75,76,77,79,80,81,82,83,84,85,86,87,89,93,94,96,99,102,103,104,105,106,107,108,109,110,111,112,113,116,117,118,120,121,123,125,127,128,129,131,133,134,139,141,143,144,145,146,148,152,154,155,156,158,160,164,166,167,168,171,172,173,176,177,178,183,184,185,186,187,189,190,191,192,193,196,200,204,207,208,211
65,67,69,70,72,76,77,79,80,81,82,83,84,86,90,91,92,93,94,95,96,97,102,103,105,107,109,111,114,115,116,118,119,120,122,124,125,126,127,128,129,130,131,132,133,134,137,138,139,140,141,146,148,150,151,152,153,154,155,156,157,158,160,161,163,165,166,167,168,170,171,173,174,176,177,178,179,180,181,183,186,187,189,190,191,195,197,198,199,200,202,203,204,205,207,210
66,71,72,73,74,77,79,80,81,82,83,84,86,88,89,92,94,95,96,100,101,103,105,106,107,110,111,114,116,118,119,122,125,126,127,129,130,131,134,135,136,138,139,140,141,142,143,149,150,153,154,155,157,159,161,162,163,164,167,168,169,171,172,174,175,176,178,179,180,181,183,184,185,186,188,189,192,193,194,199,200,202,203,205,206,208,210,211,212
67,69,70,72,73,74,75,76,79,80,81,82,83,84,85,86,87,89,92,93,94,95,100,102,104,105,106,107,108,109,112,113,116,117,119,120,121,122,125,127,128,129,131,132,133,134,135,136,137,141,142,145,146,147,150,151,152,154,155,156,157,160,161,162,163,164,165,166,169,171,172,174,183,184,185,186,187,189,191,192,194,196,197,199,200,203,206,207,210
68,69,70,72,73,74,75,76,78,79,80,81,82,83,84,85,87,88,90,91,92,93,95,96,97,98,99,101,103,105,109,111,112,114,115,116,118,119,120,122,123,124,125,126,128,129,130,131,132,133,134,136,137,138,139,140,143,145,146,147,149,152,153,154,156,157,159,160,162,165,166,168,169,171,172,174,179,180,181,182,184,185,186,187,188,191,192,193,194,195,196,197,198,204,205,207,209,211,212
69,70,72,75,76,77,78,79,80,83,85,87,89,91,92,96,97,99,100,102,103,104,105,108,109,111,113,114,116,117,118,120,121,122,123,125,127,129,130,131,133,134,136,137,139,143,145,146,147,150,152,154,157,158,160,161,162,164,165,167,168,169,170,171,172,173,174,175,177,178,179,180,181,183,184,185,188,193,199,200,202,203,204,205,206,207,210,211
70,71,72,73,74,76,77,78,79,80,83,84,86,87,88,89,90,91,92,95,96,98,100,102,103,105,106,107,108,109,111,112,113,114,115,117,118,119,120,121,122,123,124,127,128,129,130,131,133,134,136,137,140,142,143,144,145,146,147,148,149,151,152,153,155,158,159,160,162,164,166,167,168,170,171,172,173,176,180,181,182,185,187,188,191,196,197,200,201,202,203,204,206,207,210,212
71,72,73,75,76,81,83,84,86,87,88,89,90,91,94,97,98,99,100,101,102,103,104,106,107,108,109,110,113,114,115,116,117,118,119,120,122,125,126,127,128,129,130,131,134,136,137,138,139,142,143,144,145,146,148,149,150,153,154,155,157,158,160,161,162,163,165,166,168,171,172,173,174,175,176,177,178,182,183,184,185,186,187,193,194,197,198,199,200,203,204,205,206,207,208,209,210,212
72,75,76,78,80,81,82,83,84,85,87,88,91,92,93,96,97,98,101,102,104,106,107,108,109,111,113,114,115,116,117,118,123,127,129,130,132,134,136,137,140,141,143,144,145,146,148,149,150,151,155,156,157,158,160,161,163,164,165,167,168,169,170,171,172,174,176,177,178,179,180,181,182,185,188,189,190,191,192,194,195,197,198,199,202,204,205,206,207,208,209,210,212
73,74,75,76,81,82,85,86,87,88,89,93,94,97,98,99,100,103,104,105,106,107,110,111,112,114,118,119,121,126,127,129,130,131,132,134,135,138,139,141,142,143,144,145,148,149,151,152,153,157,160,163,166,167,170,173,174,175,176,177,179,180,181,182,184,186,187,188,189,191,192,194,195,196,198,199,200,202,203,204,206,209,210,211
74,75,77,78,79,80,82,84,87,88,90,92,94,95,97,98,100,101,102,103,105,108,109,110,112,113,115,118,119,120,121,122,123,124,125,128,130,131,132,133,137,138,141,142,143,144,146,147,149,150,151,152,153,154,155,156,157,158,160,164,166,167,170,174,175,176,177,178,180,181,185,186,187,188,189,191,192,194,195,196,198,199,201,202,207,208,210,211,212
75,78,79,81,82,83,84,85,86,87,88,89,90,91,93,94,96,97,100,102,103,105,106,107,108,110,111,113,114,115,116,117,118,119,120,122,123,124,125,126,128,129,130,131,132,133,134,136,137,138,139,141,142,143,145,148,149,152,153,155,156,157,159,160,162,164,166,168,169,170,171,174,175,176,178,179,184,185,187,189,192,193,194,195,196,197,198,199,201,206,207,208,210,211
76,78,79,80,81,85,86,87,88,89,90,92,94,95,96,97,98,99,100,101,102,104,107,108,109,110,111,112,113,114,115,116,117,118,120,121,124,125,127,128,130,131,132,133,134,137,140,142,144,146,149,151,152,154,155,156,157,159,163,165,167,168,169,171,172,173,174,175,176,177,178,181,182,183,184,185,186,189,190,192,193,196,198,200,201,202,203,207,209,211,212
77,84,86,87,88,89,90,91,92,93,94,95,97,98,99,100,103,105,107,108,110,112,113,114,115,116,118,119,120,121,122,123,125,126,127,129,130,131,132,133,135,136,138,139,140,141,142,143,144,145,146,147,148,149,153,155,157,160,163,164,165,166,167,168,169,170,171,173,174,176,180,181,183,187,191,192,193,194,195,198,199,200,202,203,204,207,209,210,211
78,81,83,85,87,89,94,95,96,97,99,100,101,103,104,105,106,108,109,110,112,113,115,117,120,121,123,125,126,128,129,130,131,132,133,134,135,137,140,141,142,143,144,148,149,150,153,154,156,157,160,161,162,165,166,168,170,172,173,175,176,178,182,184,187,188,191,193,194,196,197,198,199,200,207,209,211
79,81,82,83,85,86,87,90,91,92,94,95,97,99,100,101,102,103,105,110,111,112,116,117,121,124,126,127,128,129,131,132,133,135,136,137,140,141,143,145,149,151,152,154,155,156,157,160,163,170,171,172,174,177,179,180,181,182,187,188,189,191,192,194,195,197,199,200,202,203,205,206,207,208,209,210,211,212
80,82,83,86,87,88,89,90,91,92,93,94,97,101,102,105,111,112,114,115,118,122,126,130,132,133,134,136,138,140,142,143,144,145,149,150,151,153,154,155,156,157,158,161,162,164,166,167,172,173,174,175,176,177,178,179,181,182,185,189,190,192,193,195,196,198,201,202,203,204,205,206,208,209,211,212
81,82,86,87,88,89,92,93,95,97,98,99,100,101,104,105,106,107,108,109,110,113,114,117,118,119,120,124,125,126,127,128,129,130,133,134,135,137,138,143,144,145,146,147,148,149,151,152,153,154,157,159,160,161,163,164,165,167,168,172,173,174,175,178,180,182,183,185,186,187,188,189,190,192,193,195,196,202,203,204,207,208
82,83,84,86,87,88,92,93,94,95,97,98,99,101,102,103,107,108,109,112,113,114,117,119,121,122,123,124,127,128,129,130,131,132,133,134,136,138,140,141,143,145,146,149,150,151,152,153,154,155,156,157,158,159,161,162,163,165,169,170,172,173,174,175,176,177,178,180,181,182,183,184,187,188,189,190,191,192,193,195,197,199,204,205,206,207,209
83,84,85,86,87,90,91,92,93,94,96,97,98,100,101,102,103,106,107,109,110,112,113,116,117,121,123,124,125,126,127,129,130,134,137,138,139,143,144,145,146,151,152,153,154,159,160,162,163,164,165,166,168,170,171,172,173,178,181,183,184,185,188,190,193,194,195,196,197,199,201,203,204,206,207,208,210,211,212
84,85,86,88,89,90,92,93,94,96,97,98,99,100,101,102,103,105,107,108,110,111,112,113,116,118,119,122,123,124,126,130,131,137,138,139,140,141,143,145,146,147,148,152,153,155,156,158,159,160,161,162,163,166,168,169,173,175,177,178,179,180,181,184,188,189,190,191,192,194,199,200,201,205,209,210,212
85,89,90,92,93,94,96,97,98,100,101,102,104,105,106,109,110,112,113,114,118,120,121,122,123,127,129,132,135,136,138,140,141,143,144,147,149,150,152,154,155,156,157,159,163,164,166,169,171,174,175,176,178,179,180,181,183,184,185,189,190,191,193,194,198,199,200,202,203,204,205,206,208,209,212
86,87,90,91,93,94,95,97,98,100,101,104,106,107,108,109,111,112,114,116,118,119,120,121,123,124,125,126,127,133,135,136,137,140,141,142,143,144,146,149,151,156,158,159,164,165,167,170,171,172,174,175,176,184,186,188,192,194,195,197,198,201,204,206,208,209,211
87,88,89,90,92,93,99,102,103,104,106,108,109,110,111,113,119,121,122,123,124,125,126,127,128,130,131,132,133,136,140,141,143,144,145,146,147,148,149,152,153,154,155,157,158,159,162,163,164,165,167,168,170,174,175,177,178,179,181,183,185,186,188,189,191,192,193,194,197,198,200,203,204,207,208,211,212
88,89,91,93,94,95,96,97,98,101,102,103,108,109,110,111,112,114,115,116,117,119,120,122,123,126,127,128,130,131,133,135,136,137,139,141,142,143,144,145,147,148,149,150,151,154,155,160,161,164,165,166,168,169,170,172,173,174,176,177,178,180,185,188,193,194,195,196,198,199,200,201,204,205,207,208,211,212
89,90,92,93,95,101,103,107,108,109,110,112,113,114,115,117,120,121,125,126,128,130,131,132,137,138,143,144,146,147,148,150,152,153,154,155,156,157,158,159,160,165,167,169,170,171,172,175,177,178,179,180,183,184,185,186,187,188,189,191,192,193,195,196,197,198,199,200,201,202,203,210,211,212
90,92,94,95,96,97,99,100,102,103,106,107,109,110,111,112,114,115,116,118,120,122,123,129,130,131,132,133,134,137,139,140,141,146,147,148,149,150,151,152,154,155,156,159,160,161,163,164,165,167,168,170,171,175,176,177,178,182,183,184,185,186,191,193,196,197,202,204,205,207,208,209,211
91,93,94,98,100,101,102,104,108,109,112,113,114,115,117,118,120,121,124,125,126,128,129,130,131,133,134,135,137,138,139,140,143,145,149,150,151,152,153,154,156,157,158,159,160,163,166,167,169,170,171,172,173,176,177,178,179,180,184,186,188,189,191,192,193,194,195,197,198,200,202,203,204,207,208,209,210,211
92,95,96,99,100,101,104,106,107,109,110,111,112,113,114,115,116,117,118,119,120,121,123,124,127,129,131,132,133,134,137,138,140,141,142,144,147,148,151,154,157,160,162,163,165,166,167,168,170,171,173,179,180,181,183,184,185,186,189,192,194,196,197,198,200,201,202,205,206,208,209
93,95,96,97,98,99,100,103,104,106,107,108,109,110,112,114,115,116,117,118,119,120,121,125,127,128,130,131,132,134,136,137,138,139,140,141,142,143,144,147,148,150,151,155,156,158,161,162,163,168,170,174,175,178,179,180,181,182,184,186,187,188,189,190,191,192,193,196,197,201,204,205,206,208,209,210,212
94,95,96,99,100,101,104,105,106,107,108,110,111,112,113,115,118,119,120,121,122,124,125,126,127,128,129,131,132,133,136,137,138,140,141,142,143,144,145,146,147,148,149,150,153,154,155,159,160,161,163,165,167,173,174,175,177,178,180,181,184,185,187,188,189,190,193,194,195,196,198,200,201,203,204,205,206,207,209,210,211
95,96,98,99,101,103,105,107,111,112,114,116,117,118,122,123,125,126,128,131,132,133,134,135,136,137,139,140,143,144,146,148,150,151,152,153,156,158,159,160,162,164,165,166,167,174,177,178,179,180,181,183,185,186,187,188,190,196,199,200,201,202,204,205,207,208,209,210,211,212
96,97,99,104,105,107,109,115,116,117,118,119,120,122,125,127,129,130,132,134,135,136,137,139,140,143,144,146,148,149,154,156,157,158,159,160,162,164,167,169,171,172,173,174,175,177,178,179,182,183,184,185,186,187,188,189,190,191,192,193,196,198,199,201,202,203,204,206,208,209,211,212
97,98,99,100,102,109,110,111,112,113,116,117,120,121,122,123,124,125,127,130,131,132,133,134,136,137,138,140,142,144,146,149,150,151,152,153,154,156,158,160,162,163,164,165,166,172,173,177,178,179,180,181,182,184,186,188,189,191,192,195,198,199,200,201,202,204,205,206,207,210
98,99,100,103,106,107,108,113,116,118,119,120,122,124,127,130,132,133,136,138,140,142,144,147,149,150,152,153,154,155,158,159,161,162,164,166,167,168,169,170,172,174,175,176,177,178,179,180,182,184,185,187,188,189,191,196,197,198,199,200,202,204,206,207,210,211
99,100,101,105,107,109,110,112,113,114,116,117,118,121,122,123,124,125,126,130,132,133,134,135,137,138,139,140,142,145,146,148,151,152,154,155,156,157,158,161,165,166,167,168,171,172,174,175,176,178,179,180,186,187,188,189,190,195,196,197,198,200,201,205,207,209,212
100,101,102,104,105,108,110,111,113,114,118,119,120,121,122,124,126,128,129,130,132,133,135,136,141,142,144,148,152,153,157,158,159,160,162,164,165,167,168,170,173,174,175,178,179,181,183,184,185,186,188,189,190,191,192,193,195,198,199,201,202,203,204,205,207,209,211
101,103,104,105,106,108,109,110,111,112,113,114,115,116,121,123,124,126,127,128,129,130,131,132,133,134,135,136,139,143,144,145,146,147,151,152,153,155,159,160,163,164,166,167,168,169,170,172,174,175,177,179,182,185,189,190,191,194,196,197,198,199,201,202,204,207,208,209,212
102,104,105,106,107,110,111,112,113,114,116,118,119,120,125,126,127,128,129,130,131,132,133,134,135,137,139,140,141,142,145,146,147,148,150,151,152,155,158,159,160,163,165,167,168,169,170,171,174,175,178,181,182,184,185,186,189,190,193,194,199,204,206,207,208,210,212
103,106,108,110,111,113,114,115,116,117,120,121,123,125,126,128,129,130,131,132,133,134,135,136,139,144,146,148,149,150,152,154,155,158,159,160,163,164,168,169,173,175,176,178,181,182,184,186,190,191,193,194,196,200,201,202,204,206,208,210,211,212
104,105,106,110,112,113,116,117,118,120,121,122,124,125,126,128,130,132,135,136,137,139,140,143,146,148,150,152,153,155,157,162,165,166,167,168,170,173,174,175,176,177,178,181,182,183,184,186,188,189,191,192,193,194,196,199,201,202,203,205,206,207,209,211
105,106,107,108,109,110,111,112,114,115,116,118,119,123,124,125,126,127,128,129,130,133,134,135,137,138,141,142,144,145,146,147,148,150,151,152,154,155,156,157,158,159,160,161,162,163,165,166,168,169,170,172,173,174,177,179,181,182,186,187,190,193,194,195,196,197,198,199,202,203,204,205,206,208,209,211,212
106,107,109,110,111,113,114,116,117,119,120,121,124,127,129,130,132,134,135,136,137,138,143,144,145,146,148,151,152,153,154,155,156,157,158,159,160,161,162,164,166,168,170,171,173,174,176,177,178,181,185,186,187,188,192,194,195,196,197,198,200,203,207,208,209,210,211,212
107,108,109,110,111,113,114,115,116,119,121,123,124,125,126,129,130,131,132,133,134,140,143,144,145,146,147,148,149,150,153,154,155,157,161,164,165,168,169,171,174,176,179,180,181,183,184,186,187,189,190,191,193,194,196,198,199,200,201,203,205,207,209,210,212
108,109,110,111,112,113,114,117,119,120,123,124,126,127,128,129,130,131,132,134,135,137,138,139,140,142,143,144,146,149,150,151,152,155,156,157,158,161,165,168,169,170,171,175,176,177,179,180,181,182,184,187,189,190,192,193,195,196,198,201,205,206,207,208,209,210
109,112,113,115,116,118,120,121,122,123,124,129,132,134,135,137,138,139,140,142,143,144,145,151,152,154,155,156,157,158,162,163,164,165,166,167,169,171,172,174,175,176,177,178,184,185,187,188,192,194,195,196,197,199,201,203,204,205,206,208,210,211,212
110,111,112,115,116,117,118,120,121,122,124,126,127,128,129,131,135,138,140,142,144,147,148,149,151,152,153,154,156,159,160,164,166,168,170,171,173,174,175,176,177,179,181,183,184,185,187,188,189,190,192,193,194,195,196,197,199,201,206,207,208,209,210,211,212
111,113,114,116,117,118,119,121,124,125,126,127,132,134,135,136,138,139,142,144,145,146,147,148,149,150,152,154,155,159,160,161,165,166,167,170,171,172,173,174,175,177,178,179,181,183,184,188,189,190,191,193,194,195,196,198,200,202,203,204,207,208,210,212
112,114,115,116,117,118,120,121,123,127,128,132,133,134,135,136,138,139,140,142,144,145,146,147,148,149,151,152,156,157,159,160,161,162,164,169,170,172,173,174,175,179,180,181,184,185,186,187,188,189,191,193,194,196,197,198,201,202,207,208,212
113,114,116,118,119,121,123,124,125,127,130,131,133,135,136,137,140,143,144,146,148,150,159,161,164,165,167,170,173,175,176,177,178,180,182,187,188,190,191,195,196,199,200,203,204,205,206,207,208,209,210,211
114,116,117,119,120,121,123,124,128,129,130,132,133,135,136,137,138,140,141,142,143,145,149,150,152,153,156,157,158,162,163,166,167,168,171,173,174,176,177,178,182,184,185,186,187,188,189,190,191,192,194,195,199,201,203,205,206,207,208,209,210
115,117,118,119,120,121,122,124,126,128,129,130,132,134,136,137,139,144,145,147,148,149,150,151,152,154,155,156,157,158,160,162,164,165,166,167,168,169,170,171,172,173,174,176,177,181,182,183,185,186,187,191,192,193,197,199,200,201,203,204,205,206,208,209,210,211
116,117,119,120,121,122,123,124,126,127,128,130,131,132,135,136,137,138,139,140,142,143,144,145,147,148,149,150,151,152,153,155,156,157,158,159,161,162,164,165,167,169,170,171,172,173,174,175,176,177,180,181,183,185,186,187,188,189,191,192,193,194,196,198,200,201,202,203,204,205,206,207,208,211,212
117,118,120,121,122,123,125,127,129,130,131,132,133,134,136,137,138,142,144,146,148,149,150,152,153,154,155,157,158,161,164,167,168,169,170,172,173,175,177,179,180,182,184,185,186,188,190,192,193,194,195,199,201,203,204,207,208,210,212
118,119,120,130,131,132,133,140,141,144,145,147,151,152,153,155,156,157,158,159,162,164,166,167,168,169,170,171,173,174,176,177,178,179,180,181,183,186,187,189,190,191,193,194,195,196,197,199,200,204,205,206,208,211
119,121,122,123,125,126,127,128,129,131,133,134,136,138,140,141,142,143,145,146,147,148,149,155,157,158,159,160,161,162,163,165,166,167,168,169,171,173,174,175,179,180,181,182,184,185,186,187,188,190,191,192,193,194,198,199,201,204,206,208,212
120,123,127,128,129,131,132,133,135,137,138,139,140,141,142,143,145,146,151,152,155,157,158,159,160,162,163,164,165,166,167,168,170,173,175,178,179,181,184,185,187,191,192,193,194,201,202,204,205,207,208,210
121,122,124,126,130,132,136,137,143,144,147,148,150,151,153,154,155,157,159,161,162,164,165,166,168,169,171,172,173,174,175,176,177,178,179,181,182,186,187,188,189,190,191,192,194,195,196,199,202,203,204,205,206,207,208,209,210,211,212
122,124,125,126,127,129,132,133,135,137,138,140,141,146,147,148,149,150,151,152,154,155,156,158,159,161,162,166,167,168,170,171,172,173,175,177,178,179,180,181,182,184,185,186,187,189,190,191,193,194,196,197,198,199,203,205,206,207,209,211,212
123,124,125,127,128,129,130,131,132,134,136,138,139,140,141,142,143,144,145,147,149,150,151,153,156,157,159,160,161,164,166,167,168,170,172,173,175,176,177,178,180,183,184,185,187,188,189,190,191,192,193,194,195,197,198,204,205,208,209,211,212
124,126,127,129,130,131,132,133,134,140,141,142,144,145,146,148,150,152,154,156,158,159,160,161,162,163,166,167,168,169,173,174,176,178,179,180,183,186,188,189,190,191,192,193,194,195,199,201,202,207,208,209
125,128,129,131,132,133,134,135,139,141,143,144,146,148,149,150,151,152,154,156,158,160,162,163,164,165,167,168,169,170,171,172,173,176,178,179,180,181,182,183,184,185,186,187,189,191,192,193,194,195,197,198,199,200,201,202,207,208,210,212
126,128,129,130,132,134,135,136,138,139,140,141,143,146,147,148,149,151,152,153,154,155,157,158,159,161,162,163,164,165,167,168,169,170,171,172,174,175,176,177,178,179,180,181,182,183,184,185,186,187,188,191,196,197,198,199,201,203,204,205,206,208,209,211,212
127,129,130,131,132,133,135,136,140,141,143,144,145,149,150,151,152,153,156,158,159,160,161,162,163,164,165,166,167,168,169,170,172,173,174,175,176,177,179,180,181,184,185,186,191,193,196,197,200,202,204,206,212
128,130,131,132,134,136,139,142,144,146,147,148,149,150,151,153,156,157,158,159,161,163,166,168,169,172,175,176,177,178,180,182,184,185,186,188,194,196,197,198,199,200,201,202,203,205,207,208,209,211,212
129,130,131,132,133,134,136,137,139,140,141,145,147,148,150,151,152,154,155,157,159,161,162,164,165,166,167,168,170,172,173,174,175,178,179,180,181,182,183,185,188,190,192,193,195,197,200,201,203,204,206,208,209,210,212
130,131,132,134,136,137,138,142,143,144,145,149,150,151,152,153,156,157,158,160,161,162,163,164,165,167,168,169,171,174,175,177,178,179,180,181,182,183,188,189,190,191,192,193,194,195,196,199,200,201,202,203,204,208,209,212
131,133,134,135,136,137,138,139,141,143,144,145,146,147,148,149,150,151,158,160,161,162,164,167,168,169,171,172,174,176,177,178,179,180,183,184,185,186,187,189,191,196,197,198,199,200,201,202,203,204,207,209,212
132,133,135,136,138,139,140,142,144,148,150,151,152,153,155,160,161,162,164,165,166,168,169,170,171,172,173,174,175,177,178,179,180,182,184,185,187,189,196,199,201,202,203,204,205,206,208,209,211
133,135,138,143,144,147,148,149,151,153,156,159,161,162,163,165,168,170,171,173,175,177,179,180,181,182,183,184,185,186,188,189,191,194,197,199,201,202,203,205,207,209,210
134,135,136,137,138,139,140,144,146,147,149,151,152,153,154,155,159,160,161,163,164,166,167,168,169,170,171,172,173,174,175,177,180,181,182,183,184,185,186,187,188,189,190,191,192,194,195,196,197,198,201,205,207,208,209,211,212
135,136,138,140,141,142,143,144,145,146,147,148,149,153,154,157,158,159,160,162,163,165,166,168,169,170,171,173,174,175,178,179,180,183,184,185,187,188,189,191,193,194,195,196,197,201,205,206,207,209,210
136,137,140,144,145,150,151,153,156,157,158,159,161,162,163,164,166,167,168,169,170,172,174,176,178,179,180,181,182,183,185,186,187,189,191,194,195,196,197,201,202,204,205,206,208,209,212
137,138,139,140,141,144,146,147,148,149,152,154,155,156,157,159,161,163,164,165,168,169,170,172,173,174,176,177,178,179,180,181,182,184,186,187,189,191,193,195,196,197,198,199,201,202,203,204,205,206,207,211,212
138,141,142,144,145,147,148,149,151,152,153,155,156,158,159,161,162,164,166,168,171,174,176,179,180,181,184,185,186,188,189,190,192,193,195,198,200,202,203,204,205,206,207,208,210,211,212
139,140,142,143,144,145,146,148,149,150,153,154,155,158,159,162,163,166,170,171,172,173,175,176,177,178,179,180,182,183,184,185,188,189,191,193,194,195,196,197,199,202,203,205,206,208,210,212
140,141,142,143,144,145,146,148,149,151,152,153,157,159,160,164,165,167,168,169,173,174,175,176,177,179,181,182,183,186,188,189,190,191,192,194,195,197,200,202,204,205,207,208,209,212
141,142,146,148,151,152,156,157,159,160,161,165,168,172,173,176,177,178,180,183,184,186,187,188,189,191,192,193,194,195,197,200,203,204,207,208,209,212
142,144,145,148,151,152,154,157,158,160,161,163,165,167,169,171,175,176,178,179,180,181,182,183,184,185,186,187,188,189,190,192,193,194,195,198,199,203,204,206,207,209,210,211,212
143,144,145,146,149,150,152,153,155,159,162,163,164,165,167,168,169,172,173,175,176,180,181,183,186,187,189,191,192,193,194,196,197,198,199,201,202,203,204,205,206,207,208,210,212
144,145,147,148,149,152,153,154,155,157,158,159,160,161,162,167,169,170,171,173,174,175,176,178,179,180,183,185,187,188,189,190,191,192,194,195,196,197,198,200,201,202,204,205,208,211,212
145,146,147,148,151,152,159,161,162,163,164,170,173,174,177,179,181,182,183,184,186,187,188,190,191,193,194,197,198,199,201,203,204,209,210,211,212
146,147,148,150,151,152,153,154,155,158,160,161,162,169,170,171,174,175,177,178,179,180,182,183,184,185,186,188,189,190,191,192,193,194,196,197,198,200,203,205,206,208,209,211,212
147,149,150,151,154,155,156,159,161,163,166,167,168,169,170,171,173,174,178,179,180,181,182,184,186,188,189,190,191,193,194,195,196,197,199,202,203,205,207,208,209,210,212
148,151,152,153,154,155,157,160,161,162,163,164,166,168,172,173,174,176,179,180,181,183,184,185,186,187,188,189,190,191,192,193,195,198,200,201,202,204,205,206,208,209,210
149,150,153,155,156,158,159,160,162,163,164,166,167,169,172,176,178,179,182,183,186,187,188,190,192,193,194,195,197,198,199,201,205,206,207,208,210,211
150,152,153,156,157,161,162,163,164,165,167,168,170,171,173,174,175,176,177,178,179,183,185,186,187,188,189,191,192,193,195,196,197,198,199,200,201,202,204,205,206,207,212
151,152,154,155,157,158,161,162,163,166,167,168,169,170,171,172,173,174,175,178,180,184,185,187,189,191,192,193,197,202,204,207,208,209,210,212
152,153,154,155,158,159,160,161,163,164,166,174,175,177,178,179,182,184,185,187,190,191,192,193,196,197,198,199,200,202,203,205,206,207,210,211,212
153,155,157,159,162,164,169,171,175,176,178,179,180,181,183,184,185,186,187,188,191,195,196,197,198,201,204,205,206,208,210,211
154,155,156,160,163,164,165,166,167,168,169,170,171,174,175,177,180,181,182,185,186,187,188,191,192,193,195,196,197,198,199,200,201,203,204,205,206,209,212
155,157,158,159,160,161,167,168,169,170,171,179,180,182,183,184,185,187,188,190,191,192,195,196,197,198,199,200,201,202,203,207,209,210,212
156,158,159,160,162,163,164,165,166,167,168,170,171,173,175,177,178,182,183,184,185,186,187,188,189,190,192,197,198,200,201,202,203,204,205,206,207,209,210,211,212
157,158,159,160,163,164,166,167,168,171,173,174,177,178,181,182,183,184,185,186,188,189,192,193,196,197,198,199,201,202,203,204,206,207,208,209,211
158,159,160,162,163,167,169,171,174,175,176,177,178,179,180,182,184,185,188,189,190,192,193,194,195,196,197,198,200,201,202,203,204,205,206,208,210,211,212
159,160,162,163,166,169,171,174,175,176,177,178,180,182,183,184,187,189,190,191,192,193,194,195,197,198,199,200,201,202,205,208,209,210,211,212
160,161,162,163,164,167,169,170,171,174,176,177,178,180,182,183,184,185,187,189,191,192,193,195,196,197,198,202,204,206,207,208,212
161,163,167,170,171,172,173,174,175,176,177,179,181,182,183,185,186,187,189,190,191,193,194,196,197,198,203,204,205,207,208,210
162,163,166,167,169,170,171,174,175,177,179,180,181,182,183,184,185,186,187,191,192,193,195,196,197,199,200,201,202,204,206,209,210,211
163,164,165,166,167,169,170,171,172,175,176,177,178,180,181,182,183,186,189,190,191,195,196,197,199,200,203,205,206,207,208,209,210,212
164,165,167,169,170,171,172,173,175,177,178,180,181,182,183,184,185,188,189,190,193,195,196,198,201,203,205,208,209,210,212
165,166,168,169,170,171,172,173,177,178,179,182,183,185,186,189,190,191,192,193,194,195,196,200,202,203,206,207,208,210
166,168,169,171,172,173,174,176,179,180,181,183,185,186,187,189,191,192,193,194,195,196,202,203,205,206,207,208,209,210,211
167,168,170,172,175,176,178,179,180,182,183,184,187,189,191,192,195,198,199,203,204,205,206,208,210,211,212
168,169,170,172,173,174,175,176,177,184,186,188,189,193,194,197,198,199,200,201,202,203,204,205,207,211
169,171,173,174,175,177,178,181,182,184,185,186,191,192,194,197,199,201,203,204,207,208,209,210,211,212
170,171,174,177,178,183,185,186,188,189,193,196,198,200,201,203,204,205,206,207,208,209,210,212
171,172,173,175,176,177,180,181,182,185,186,187,188,189,190,191,193,195,197,200,201,204,206,207,208,209,210,211,212
172,173,175,176,177,178,181,182,184,185,186,188,191,192,193,194,195,197,198,202,204,205,206,207,209
173,174,175,176,178,179,180,181,182,186,187,188,189,190,191,193,196,197,198,200,202,206,207,208,211
174,175,179,183,185,186,187,189,190,191,192,195,196,197,198,199,202,206,208,209,212
175,176,179,180,181,182,183,184,185,187,191,193,196,197,200,202,203,204,205,206,207,209,211
176,177,178,179,182,183,185,186,187,189,190,192,194,195,196,198,199,200,202,204,205,206,208,209,210,211
177,178,179,180,187,189,191,192,193,194,196,198,200,202,203,204,208,209
178,179,181,182,183,184,185,186,187,189,192,193,196,197,198,199,201,204,205,206,208,210
179,180,181,182,183,184,187,188,192,193,196,198,199,200,205,208,209,210,211,212
180,181,183,185,189,190,191,192,195,196,197,201,204,205,206,208,209,212
181,182,184,186,188,193,195,199,200,201,202,203,204,205,206,207,208,209,212
182,183,185,186,187,188,190,193,194,195,197,198,200,203,204,205
183,184,187,188,191,194,199,200,201,202,204,205,206,207,208,209,210,211,212
184,185,190,192,197,198,199,200,202,203,204,206,208,209,210,211
185,187,188,189,190,191,192,193,194,196,197,199,200,201,202,203,205,206,207,208,209,210,212
186,187,190,192,194,195,198,199,200,203,204,205,208,209,210,211
187,189,191,192,193,194,195,197,203,204,205,206,207,210,211
188,190,192,193,195,196,198,199,201,204,205,207,208,209
189,192,193,195,200,201,202,203,204,205,206,207,209,210,211,212
190,191,192,193,194,195,196,197,200,201,202,203,204,205,208,209,210,211,212
191,192,193,195,201,203,204,206,207,209,211
192,193,195,196,197,198,200,204,205,206,207,208,209,211,212
193,194,196,197,199,201,203,204,206,209,211
194,196,197,198,199,200,202,203,204,205,207,210,211,212
195,196,197,201,202,204,205,206,208,211,212
196,197,199,201,202,205,206,207,209,210,211,212
197,198,200,201,203,204,205,206,208,209,211
198,199,200,202,203,205,207,210
199,201,204,205,206,207,208,211,212
200,202,204,205,206,209,210,211
201,202,203,204,205,207,209,210,211
202,203,207,211,212
203,204,206,208,209,212
204,206,208,211
205,207,209,212
206,207,209,210,211,212
207,208,210,211
208,209,210,211
209,210
210,211,212
211
212
