n_nodes:102
n_edges:3320
density:0.64454
0,1,2,4,5,6,13,16,18,20,22,23,27,28,29,30,31,33,34,35,36,37,38,40,41,42,44,45,46,47,48,49,53,54,55,57,59,61,62,66,67,68,70,72,73,74,75,76,78,79,80,81,82,84,86,88,91,92,94,95,96,97,99,101
1,2,3,5,6,7,8,9,11,13,14,15,16,17,18,19,21,24,25,26,28,35,36,37,38,40,43,44,45,46,52,58,59,61,65,67,68,69,71,72,75,76,79,80,81,82,84,85,86,88,90,92,94,97,98,99,100,101
2,3,4,5,6,8,9,11,13,14,15,16,19,21,22,26,28,30,33,34,35,37,38,40,43,44,46,47,49,50,51,54,55,56,57,58,60,61,62,63,65,67,69,70,72,73,75,76,77,79,80,81,82,85,86,88,90,91,92,93,94,95,96,98,99
3,4,5,11,14,16,18,19,21,24,26,27,31,32,33,35,36,37,38,40,41,42,43,44,45,46,48,49,50,53,54,55,57,58,59,60,61,63,65,66,70,71,75,76,78,80,81,82,84,86,88,90,94,97,99,100,101
4,7,8,9,11,14,15,16,17,19,21,22,23,24,26,27,29,30,31,32,36,37,40,41,44,45,46,47,50,51,53,55,56,57,61,63,64,68,69,70,71,73,75,79,80,81,82,84,85,86,88,89,93,96,97,98,99,100,101
5,6,7,8,9,10,11,13,14,15,18,21,22,23,24,26,27,28,29,30,32,33,34,35,37,41,42,43,45,46,47,49,52,53,54,55,56,57,58,59,60,61,63,64,67,69,70,71,73,74,75,76,77,78,79,80,82,84,85,86,87,89,91,92,93,95,99,100
6,7,8,9,12,16,17,18,21,23,25,27,28,29,30,31,32,33,34,36,37,38,39,42,43,46,47,49,51,52,53,54,55,56,57,58,61,62,63,64,66,68,69,70,71,76,77,79,82,90,92,94,95,99,100,101
7,10,11,12,13,14,15,18,21,24,26,27,28,30,31,32,34,35,36,37,38,40,41,43,45,48,49,50,52,53,54,55,56,58,59,60,61,62,63,64,65,68,74,78,80,81,83,85,86,87,90,91,94,95,96,97,100,101
8,10,12,13,15,16,17,20,21,22,25,26,27,28,29,30,32,33,34,35,36,37,38,39,42,43,44,45,46,47,48,49,51,54,55,57,58,60,62,63,64,67,72,73,74,75,76,77,78,79,80,81,82,84,85,87,88,90,91,94,96,100
9,10,12,13,14,15,16,18,20,23,24,27,28,29,31,32,33,34,35,36,37,38,39,40,41,42,43,44,45,48,50,51,52,53,54,56,57,59,60,61,63,64,65,66,68,69,71,72,76,77,79,80,82,83,85,86,87,90,91,92,93,94,95,98,99
10,12,14,17,18,19,21,25,27,28,29,30,31,32,33,35,36,37,39,42,44,45,46,47,48,52,53,54,55,56,57,58,61,63,64,66,68,69,70,71,72,74,76,77,81,82,84,86,87,88,93,95,96,99,101
11,13,14,16,18,19,20,21,22,23,25,26,27,34,35,36,38,39,40,42,43,44,45,46,47,48,51,56,58,59,60,61,62,67,68,69,70,71,73,75,77,78,79,80,81,83,84,85,87,88,90,91,93,94,95,96,100
12,13,14,15,17,18,19,20,23,26,27,28,29,30,31,32,33,34,35,36,37,43,44,45,46,49,50,51,53,55,57,58,59,62,63,64,67,68,69,70,71,72,73,75,77,78,79,83,85,86,87,88,89,94,95,96,101
13,16,17,18,20,21,22,23,26,29,31,32,34,35,36,37,38,42,45,48,49,50,51,52,53,54,57,58,61,64,65,69,71,73,74,77,78,79,80,82,84,85,88,91,93,95,96,97,99,101
14,16,17,19,21,23,25,27,29,34,36,37,38,39,40,41,44,46,47,49,50,52,53,54,56,57,58,59,60,61,63,66,67,69,71,72,73,75,76,77,78,79,80,81,82,83,84,86,87,91,92,93,95,96,97,98,99
15,16,17,18,19,20,21,23,24,25,27,29,30,32,33,34,35,37,38,39,40,41,44,46,47,48,49,50,52,54,55,56,57,62,63,64,66,67,69,72,75,77,78,79,81,82,83,84,85,86,87,88,94,95,96,99,100,101
16,18,20,22,23,24,25,27,28,33,34,35,36,37,38,39,40,41,42,44,46,49,52,53,54,55,56,57,59,60,61,63,64,65,66,67,68,69,70,72,73,74,75,76,77,78,79,80,81,82,83,84,88,89,90,91,93,95,96,97,98,99,100,101
17,18,19,20,21,23,24,26,27,29,30,31,33,35,36,41,42,44,45,46,48,51,52,54,55,56,57,58,60,61,62,65,66,67,68,69,70,71,73,74,75,78,79,80,81,82,84,85,87,88,91,95,98,99,100
18,19,21,22,23,25,27,28,29,30,32,35,37,40,41,42,44,45,46,47,48,49,50,51,52,53,55,57,58,62,63,66,67,69,70,71,73,74,76,77,78,79,80,81,82,83,86,87,88,90,94,96,97,98,99,100
19,21,23,24,29,31,32,33,34,35,38,39,41,43,44,45,47,50,51,52,55,57,58,59,61,62,63,64,66,67,68,69,70,72,73,78,81,83,86,87,88,91,92,96,97,98,99,101
20,21,22,23,25,26,27,28,31,32,35,37,38,41,44,46,47,48,49,51,54,56,59,60,62,63,65,66,67,69,72,75,76,77,78,79,81,86,88,90,92,93,94,95,97,98
21,23,29,30,31,32,33,36,39,40,41,42,43,44,45,46,47,48,50,51,52,53,54,55,57,58,59,61,62,63,64,65,66,68,69,71,73,74,75,79,80,81,82,83,84,87,88,89,90,91,92,93,97,99,100,101
22,24,25,26,31,32,34,35,36,37,38,39,40,42,43,46,47,48,49,51,53,54,55,56,57,58,59,60,61,63,64,65,67,68,69,70,74,76,77,78,79,81,83,84,85,86,87,90,91,92,94,95,97,98,99,100,101
23,24,26,27,30,31,34,36,38,39,40,41,42,43,47,52,54,56,59,61,62,63,66,67,71,72,74,75,76,77,78,79,80,81,83,84,85,86,87,88,90,92,93,95,96,97,99,100,101
24,25,27,28,29,31,32,34,35,36,37,38,40,43,44,48,49,50,51,52,53,54,55,56,60,62,64,65,66,67,68,69,70,71,73,76,79,81,82,83,84,85,89,91,92,93,94,96,97,98,101
25,28,30,31,33,34,35,37,38,40,41,43,44,45,49,50,54,55,56,59,61,62,63,64,66,67,69,70,71,76,79,80,81,86,87,88,89,92,93,95,96,100
26,29,30,31,32,34,35,36,37,42,43,44,45,48,50,51,52,53,54,57,58,59,60,62,63,64,65,68,70,71,72,73,75,76,78,79,83,84,86,88,92,95,96,97,98,99,100,101
27,29,32,33,34,35,36,38,39,41,43,44,46,47,48,49,51,52,53,54,55,56,57,58,59,60,61,62,64,65,67,68,72,73,74,75,76,77,78,79,81,83,84,87,88,89,90,95,98,99,100,101
28,29,31,34,36,38,39,40,41,43,44,45,46,47,50,52,53,54,55,56,58,59,60,63,64,65,66,67,69,70,71,72,73,75,76,77,78,79,80,82,83,85,87,89,90,91,92,93,96,98,99,100
29,31,32,33,34,35,36,41,42,45,46,47,48,49,51,53,54,55,56,57,58,59,60,62,63,65,66,70,71,74,75,77,79,86,87,88,90,91,93,95,97,98,100,101
30,31,32,33,35,37,38,40,41,45,46,47,49,50,51,52,53,54,55,56,57,58,59,60,61,62,63,64,66,67,68,69,71,72,74,75,76,77,78,80,81,82,86,87,88,89,90,92,93,94,95,96,97,100
31,33,36,37,39,40,41,44,47,48,50,51,52,53,54,55,56,57,58,59,61,62,63,64,66,68,69,70,71,72,73,74,75,76,79,80,82,83,84,85,86,87,88,89,92,93,94,96,97
32,33,35,36,37,40,42,43,44,45,46,49,50,53,56,57,58,60,61,62,63,64,66,67,68,69,73,74,75,78,80,81,82,83,84,88,89,90,91,93,96,98,99,100,101
33,36,37,39,40,41,46,47,48,49,50,51,53,55,56,61,63,64,65,66,67,68,70,71,72,73,74,76,77,78,80,82,84,85,89,90,91,92,97,99,101
34,35,36,37,38,39,45,48,50,53,54,55,56,57,61,62,63,65,66,68,69,70,71,72,74,75,76,77,78,79,80,82,83,84,87,88,89,90,92,93,94,96,97,101
35,36,37,39,40,41,42,44,45,46,47,48,50,51,52,54,56,58,60,63,64,65,66,67,68,69,70,71,72,73,75,76,78,79,80,81,83,84,87,89,90,92,93,94,96,97,99,101
36,38,40,41,42,43,44,45,46,48,49,50,51,52,54,56,64,65,67,68,69,70,72,73,75,77,78,80,81,83,86,88,90,91,93,94,95,96,100
37,38,39,40,42,43,44,48,49,52,53,54,60,62,66,68,70,71,74,75,76,77,78,81,82,87,88,89,91,92,93,94,95,96,98,101
38,41,42,44,45,47,48,49,51,52,54,55,56,58,64,66,67,68,71,74,75,76,80,82,83,84,86,88,90,92,93,94,95,96,97,99,100
39,40,42,43,46,50,54,55,56,59,63,64,65,66,67,70,71,73,76,77,78,79,80,82,84,86,87,88,89,94,95,96,97,98,100,101
40,41,42,44,47,49,50,51,52,53,55,56,57,59,60,61,62,64,65,67,68,70,71,72,73,74,75,76,77,78,81,83,86,87,92,93,96,97,98,99,100,101
41,42,44,45,46,48,49,51,52,53,55,56,58,59,60,63,64,65,66,67,69,70,71,72,74,75,76,77,78,79,80,81,82,83,84,85,86,88,89,91,92,96,97,98,100
42,43,44,45,46,48,49,51,52,53,54,55,56,57,59,60,61,62,63,65,66,67,68,69,70,72,73,74,75,76,78,79,80,81,82,84,85,88,90,91,93,94,95,96,97,100,101
43,44,47,49,50,51,52,53,54,55,57,62,63,64,65,66,67,68,69,70,71,72,73,75,77,79,81,82,83,84,88,89,90,91,92,93,94,95,96,98,99,100
44,46,48,49,50,51,53,55,56,57,59,60,61,62,66,67,68,69,70,71,75,76,77,79,80,81,83,84,86,90,93,94,95,98,100,101
45,46,47,48,49,51,52,53,54,55,56,57,58,61,62,63,64,65,66,67,71,74,75,76,77,78,79,80,81,82,83,84,85,86,87,90,91,94,95,96,98,101
46,47,49,50,52,54,55,56,57,61,62,63,65,66,67,68,69,70,73,74,75,76,77,78,79,82,83,84,86,89,90,91,92,96,97,99,101
47,48,50,51,54,58,59,60,62,63,64,65,66,67,68,70,71,73,74,77,78,82,83,84,85,88,91,92,96,97,98,99,100,101
48,49,50,52,53,54,56,57,58,59,60,61,63,65,66,67,69,71,73,74,77,78,79,80,81,83,84,86,87,89,90,91,92,93,95,96,97,98,100,101
49,51,52,53,54,55,56,57,58,59,60,61,62,63,66,67,69,70,75,76,77,80,81,84,88,89,90,91,93,94,95,99,101
50,51,52,53,54,55,56,58,59,60,61,62,66,67,70,71,72,73,75,76,78,79,80,81,83,84,85,86,88,89,90,91,93,94,95,96,98,99
51,53,54,55,56,57,58,61,64,66,68,70,72,75,76,77,79,81,82,83,86,87,88,89,94,96,97,99,100
52,53,54,55,60,62,63,64,68,69,70,71,74,75,76,77,78,80,81,82,83,84,86,87,88,89,90,91,92,93,94,96,99,100
53,54,55,56,57,59,60,61,63,64,65,66,67,68,72,73,74,75,78,81,83,84,85,87,89,90,94,95,98,99,100,101
54,56,58,59,60,61,65,67,68,69,71,73,75,76,77,79,80,81,82,83,84,86,87,90,91,93,95,97,98,99,100,101
55,56,57,58,59,60,61,62,63,64,65,66,67,69,70,71,73,74,75,76,77,78,79,80,82,84,85,87,88,91,92,93,94,95,100,101
56,58,62,64,67,69,70,71,73,78,80,82,83,84,85,87,88,89,90,91,94,95,96,97,98,99
57,58,59,60,61,62,63,66,68,70,71,73,74,75,77,79,80,81,82,83,84,86,87,88,89,90,91,93,94,97,99,100,101
58,60,62,63,64,68,69,70,71,72,74,75,76,77,78,79,82,83,85,86,87,88,89,91,92,93,94,96,97,100
59,61,62,68,69,71,72,73,74,75,76,78,79,81,82,83,85,87,89,90,91,92,94,95,97,100,101
60,61,62,63,65,66,67,69,70,71,74,75,76,77,79,80,81,82,83,85,86,87,88,89,90,91,92,93,94,97,99,101
61,62,63,66,68,70,71,74,75,77,78,79,80,81,82,83,86,91,92,93,94,95,96,99,100
62,63,64,65,66,67,68,71,72,73,74,77,78,79,80,82,84,85,87,88,89,91,92,93,95,96,98,99,100
63,64,67,68,71,74,75,76,77,82,84,85,87,88,90,91,92,93,94,95,96,98,99,100,101
64,65,66,67,68,69,70,71,72,73,74,75,76,77,78,79,81,83,84,86,87,88,89,90,91,93,94,95,98,100,101
65,66,67,68,69,75,77,80,81,82,83,85,86,87,88,90,93,94,95,96,97,99,100,101
66,71,72,73,74,75,76,77,79,81,82,83,84,85,86,87,88,90,91,95,96,97,98,99,101
67,70,72,73,74,75,76,78,83,84,85,87,88,90,91,92,94,96,97,98,99,100,101
68,70,71,72,74,75,76,78,81,83,84,85,86,87,89,91,92,93,96,98,99,101
69,70,71,75,76,78,81,82,83,86,89,90,94,96,97,100
70,71,72,74,75,76,77,78,80,81,82,87,88,89,90,91,92,93,94,95,97,99,100,101
71,74,77,79,81,82,84,85,86,87,88,89,90,92,93,94,95,97,98,99,100,101
72,73,74,75,76,77,78,79,80,81,82,85,86,87,88,89,90,91,92,93,94,95,100,101
73,74,75,79,80,81,82,83,85,86,89,90,91,92,93,94,95,97,98,100
74,75,76,77,78,79,80,81,82,83,84,85,86,88,89,90,93,95,98,99,100,101
75,79,80,82,83,84,87,88,89,91,92,94,95,96,97,98,99,100
76,77,78,79,82,84,88,89,90,92,93,96,98,99,100,101
77,80,81,83,85,86,88,89,90,91,93,94,95,98,101
78,81,83,84,88,89,90,92,93,95,96,98,100,101
79,80,82,85,88,89,90,91,92,93,94,95,96,97,100,101
80,81,82,85,86,87,88,89,92,95,96,98,100
81,84,85,86,87,90,91,92,94,97,99,101
82,83,86,88,89,90,91,92,95,96,97,98,99,100,101
83,85,86,87,89,90,91,92,94,95,97,98,100
84,86,88,89,91,92,94,97,98,99,100,101
85,86,90,92,93,94,95,96,98,99,101
86,87,89,91,93,94,96,97,98,99,100,101
87,88,89,91,93,95,96,97,98,99,101
88,89,90,91,92,95,99,101
89,90,91,93,94,95,97,98,100,101
90,92,93,94,97,98,101
91,92,97,98,99,101
92,93,95,96,99,100
93,94,97,98,99
94,96,97,98,99,100
95,96,97,98,100,101
96,98,99,100,101
97,100,101
98,100
99,100,101
100,101
101
