n_nodes:94
n_edges:2140
density:0.48959
0,1,3,7,13,15,17,19,21,22,24,29,30,34,35,36,38,39,41,42,44,45,46,48,49,51,54,55,58,61,62,63,66,67,68,69,70,71,74,77,81,82,85,87,88,89,90,92
1,64,2,4,86,6,65,8,73,74,75,12,13,14,15,17,18,20,21,22,24,25,27,29,88,32,34,36,81,40,78,82,47,49,50,51,52,55,56,57,61,85,63
2,4,7,8,11,14,15,16,18,23,24,28,29,30,31,32,33,34,35,38,40,41,43,44,45,46,53,54,56,57,58,61,63,64,65,71,72,73,75,78,83,84,85,87,88,89,92,93
3,4,8,11,13,14,17,19,21,22,23,25,26,28,29,32,34,35,37,38,40,44,48,49,50,52,56,57,58,59,60,64,67,70,72,73,75,77,79,81,83,85,87,88,89,92
4,64,5,65,73,74,11,77,14,81,75,67,20,21,86,23,24,25,90,30,32,84,36,38,40,42,71,78,82,46,47,48,49,51,53,54,55,57,61,85
5,65,69,6,73,10,75,12,13,78,77,16,82,19,20,85,86,87,68,26,79,90,32,33,34,35,36,70,84,80,40,46,47,48,83,52,54,56,57,60,74,62,63
6,7,11,13,15,19,22,24,25,26,28,29,31,32,33,34,35,36,37,38,39,42,44,45,47,48,49,52,56,57,58,59,61,63,66,68,71,72,74,75,76,77,78,79,80,81,83,84,85,88,93
7,11,13,14,16,17,18,19,20,22,31,32,34,35,37,38,39,40,41,46,48,49,50,52,53,54,55,57,58,60,63,64,65,69,71,72,73,74,76,77,80,82,83,84,87,90
8,9,11,12,14,19,25,26,27,28,29,31,32,36,39,40,41,43,44,46,47,49,52,58,59,60,61,62,63,64,65,67,75,77,78,81,82,83,86,88,89,90,91,93
9,69,81,73,74,12,13,77,15,92,17,78,19,20,21,86,23,88,90,27,28,29,32,37,39,40,41,43,44,45,46,93,48,76,53,54,55,84,59,60,63
10,66,67,70,72,76,12,13,14,15,80,17,78,19,20,21,22,25,79,86,29,30,81,35,36,37,38,39,42,44,45,46,49,83,52,82,54,55,84,60,62
11,65,76,75,12,77,14,79,16,17,67,21,22,23,24,89,71,27,81,90,30,31,32,36,38,39,92,43,44,46,93,49,83,54,72,87,60,61
12,13,14,15,20,22,23,24,26,27,28,29,31,34,36,37,38,39,43,45,46,49,61,62,63,64,65,66,67,69,71,72,74,76,80,81,83,84,86,87,89,90,91,93
13,14,17,18,19,20,24,26,27,28,29,31,32,34,41,42,43,48,49,50,52,53,58,60,61,63,64,65,70,73,75,78,82,84,85,87,91,92
14,15,19,21,23,26,27,29,30,33,34,35,36,37,39,41,43,45,48,50,51,53,54,56,58,59,62,63,65,66,69,70,72,77,79,81,82,83,85,88,90,91,92,93
15,86,65,64,75,79,80,17,18,20,21,22,89,25,27,30,81,33,35,37,38,39,42,43,44,45,47,51,84,70,85,63
16,65,72,73,74,78,79,18,19,20,21,87,88,83,26,27,29,69,31,33,34,35,37,40,42,44,47,48,49,50,51,52,53,54,56,84,85,63
17,18,20,21,25,29,31,40,41,44,47,49,51,53,54,58,59,61,63,65,68,69,70,72,73,74,75,76,77,81,82,84,87,88,89,92
18,20,23,24,27,28,30,31,33,34,37,38,39,43,45,50,51,52,54,56,60,61,64,66,68,70,72,75,76,77,78,80,81,84,85,86,88,89,92
19,21,27,32,33,35,38,40,41,43,44,45,46,47,51,52,53,54,55,57,58,60,61,62,63,65,66,67,68,70,71,73,81,83,84,85,86,87,88,90,91,93
20,21,22,24,25,26,27,31,32,36,39,41,43,44,45,46,47,48,50,52,55,58,62,65,66,68,70,71,76,78,80,83,86,87,88,91,93
21,22,28,29,30,31,33,34,38,39,40,41,42,43,46,47,51,52,54,55,56,57,58,60,64,71,75,77,88,89,90,91,93
22,25,26,27,30,31,32,35,39,41,44,46,48,49,51,52,57,61,62,63,64,66,70,72,73,74,75,77,80,84,88,91,92,93
23,64,69,71,74,79,88,67,85,24,68,90,75,93,30,31,33,35,36,37,45,48,91,51,52,82,55,57,58,60,63
24,25,26,28,29,35,37,39,40,43,45,48,49,50,51,54,59,60,63,64,65,67,68,71,72,74,76,78,80,81,82,83,90,92
25,27,28,29,30,31,32,33,36,39,41,46,47,48,50,51,53,54,56,58,60,61,63,64,65,66,67,68,70,71,74,77,80,83,85,86,87,93
26,64,65,73,77,83,78,90,91,28,29,30,69,80,35,70,39,40,92,44,47,48,49,52,53,55,56,57,58,59,60,85
27,35,36,40,42,43,47,51,52,56,57,58,59,61,62,63,65,69,71,74,77,78,79,80,82,84,85,86,87,90,91
28,64,65,66,71,75,78,81,67,84,86,87,93,32,33,34,37,38,39,40,42,45,53,55,56,57,58,60,85,63
29,30,31,34,35,38,42,43,44,45,47,50,51,54,55,60,63,64,65,66,67,70,78,79,80,81,82,87,89,90,91,92,93
30,31,33,34,39,42,47,48,55,56,60,61,64,65,66,67,68,69,70,72,73,74,75,76,78,79,80,81,83,85,86,87,89,93
31,39,40,41,43,44,46,47,48,52,53,56,57,58,59,60,61,62,63,66,67,69,71,72,74,76,79,80,82,84,85,91,93
32,35,36,38,40,44,46,49,50,54,55,56,58,59,61,62,63,65,66,67,69,70,71,72,77,78,79,80,83,84,88,91
33,34,35,37,39,41,44,45,46,47,48,51,55,58,59,61,64,65,66,69,70,73,74,76,78,79,80,81,82,83,89,90
34,36,37,38,39,42,43,45,46,49,50,51,52,55,57,59,60,65,68,70,72,73,74,79,81,82,83,85,87,88,90,92
35,65,83,77,81,90,79,67,91,40,41,42,45,93,47,48,50,51,74,53,55,56,87,59,61
36,38,39,40,41,47,49,52,53,56,59,60,62,63,64,67,68,69,70,71,73,76,77,79,80,81,82,83,86,89,90,91,93
37,66,69,72,86,81,85,73,79,93,91,82,70,39,80,41,43,45,46,92,50,51,55,88,59,60,62
38,40,44,46,48,49,51,54,56,57,59,61,62,64,66,69,70,72,73,76,78,82,83,84,86,87,88,90,93
39,40,41,42,43,44,47,52,53,54,57,58,59,62,64,67,68,69,70,71,72,73,76,77,79,81,82,83,85,86,89,92,93
40,41,42,43,45,46,48,49,52,54,57,61,63,65,66,68,69,70,71,74,75,84,87,91,92
41,64,66,86,70,75,76,77,80,87,88,90,79,81,92,43,47,91,52,53,54,59,85,63
42,64,67,69,72,75,76,78,82,87,68,90,93,44,45,46,47,50,79,56,58
43,44,47,48,49,50,52,54,55,56,57,59,63,65,68,70,71,73,74,75,78,79,89,92
44,45,46,51,59,60,62,64,65,67,70,72,73,78,79,80,83,84,87,88,89,92,93
45,47,48,49,52,54,55,56,60,63,65,66,69,72,73,76,77,78,79,83,84,87,89,93
46,47,50,51,52,57,59,63,64,65,67,68,73,74,77,78,80,81,82,86,88,89,90,92
47,48,49,50,51,52,53,54,58,59,60,61,65,69,70,71,72,73,74,75,76,77,78,79,83,86,88,90,91
48,50,51,53,55,56,57,60,62,63,65,66,70,71,72,73,76,78,79,80,81,82,85,86,89,92,93
49,50,51,52,56,58,60,61,62,64,65,71,72,73,77,80,81,82,84,87,89,90,92
50,64,66,68,73,74,79,88,67,90,91,84,82,54,55,57,59,62,63
51,55,58,59,60,61,64,65,69,72,73,74,75,76,78,83,86,87,88,90,91,93
52,58,61,64,65,66,67,70,71,74,75,77,80,81,82,83,86,88,89,91,92,93
53,65,69,70,75,82,84,66,89,91,80,83,81,59,60,85,63
54,55,58,60,62,64,66,67,68,73,74,75,76,79,80,81,82,85,87,90
55,57,60,62,64,66,68,69,70,72,73,74,75,77,78,81,82,83,84,86,87,88,89,91,93
56,68,65,74,75,66,77,81,89,88,90,92,78,93,79,59,60,61,62,63
57,64,72,79,75,66,78,77,80,88,67,68,93,69,92,58,59,60,61
58,60,62,64,69,70,74,75,77,79,80,81,82,84,85,87,92
59,62,63,64,67,69,70,71,73,75,76,77,78,80,81,83,84,85,87,89,90,93
60,66,71,72,75,77,78,79,80,82,84,86,90,92,93
61,63,65,67,69,70,72,74,76,78,79,81,83,84,85,86,88,93
62,64,67,68,76,77,79,78,87,88,89,90,86,93,69,91,85,63
63,72,74,75,77,79,81,83,84,85,87,88,90,93
64,66,68,69,71,72,74,75,76,82,83,85,86,87,90,92,93
65,66,69,70,71,73,77,78,80,81,84,85,87,88,91,92
66,86,67,69,77,81,87,90,82,93,83
67,69,70,73,74,76,77,78,80,81,82,83,84,85,86,87,93
68,71,72,74,87,76,77,78,80,90,91,92,70,82,88
69,70,71,73,76,78,79,81,85,86,87,88,89,90,93
70,71,72,79,81,83,86,87,88,89
71,75,79,78,77,80,86,90,93,89,87
72,74,75,76,78,79,80,83,86,87,89,90
73,81,83,76,79,84,87,89,93
74,75,76,77,78,80,82,83,84,85,86,88,92,93
75,76,77,84,89,81,85
76,77,79,83,88,90,92,93,84
77,80,81,84,88
78,84,85,86,88,90,92,93
79,82,83,84,86,88,89,90,91,92
80,86,88,89,92,93
81,82,86,87,88,89,92,93
82,89,83,93,88
83,84,89
84,88,89,91
85,92,93
86,88,89,91,92
87,88,89,91
88,90,92,93
89,90,91
90,92
91
92,93
93
