n_nodes:283
n_edges:17183
density:0.43062
0,256,257,258,3,260,6,7,10,267,269,14,15,272,18,19,276,21,22,27,28,30,31,32,34,36,37,39,44,45,46,47,49,50,52,56,57,266,64,65,67,68,70,71,73,75,76,77,79,83,270,87,271,93,95,96,97,98,99,102,103,105,106,274,113,116,117,119,120,127,130,131,277,278,134,135,136,137,138,139,140,141,142,143,144,145,147,150,151,152,153,156,157,158,159,161,162,163,172,173,175,180,182,185,189,191,192,194,195,196,199,200,203,205,208,210,213,214,216,217,218,220,222,229,230,232,234,235,236,238,244,245,246,247,262,249,252,254
1,256,257,259,4,7,8,265,268,269,270,15,273,18,19,20,277,24,26,28,30,36,38,41,42,43,48,49,52,59,60,61,65,66,68,70,71,75,78,79,80,86,88,90,91,97,99,101,102,104,107,110,113,114,275,125,126,127,282,132,133,136,137,140,143,145,146,150,153,154,155,157,158,159,160,164,165,168,169,170,171,173,174,176,178,179,181,182,184,185,186,187,190,192,193,204,206,271,209,212,213,214,215,216,220,280,223,263,227,229,230,231,232,233,237,246,249,250,264,255
2,256,257,3,260,5,7,8,12,270,16,273,18,259,20,21,280,26,27,28,31,32,34,37,38,39,41,263,46,48,49,50,53,54,56,59,63,66,68,70,74,75,78,80,81,82,83,84,85,87,88,90,99,102,105,107,110,111,113,115,121,124,125,126,127,132,141,143,145,154,156,159,164,171,175,177,178,180,183,191,192,194,201,202,204,208,210,211,212,214,216,218,220,222,223,231,235,236,239,242,245,247,248,251,276,253,264,255
3,257,6,7,8,265,10,268,271,16,18,20,278,24,25,282,27,28,31,32,34,35,262,38,41,42,43,44,45,46,48,264,50,53,55,58,266,63,65,67,71,73,76,79,81,84,85,86,280,88,91,92,276,103,104,105,108,110,112,113,116,121,123,130,131,134,135,136,137,145,146,147,148,281,154,155,156,157,158,159,160,161,162,167,169,171,172,177,178,179,182,184,185,188,194,197,198,206,207,208,209,212,216,219,220,222,228,231,234,235,236,239,241,245,246,248,249,253,254
4,256,260,5,7,8,9,267,268,270,272,273,18,19,20,21,23,280,26,28,32,33,34,35,36,40,42,257,46,47,51,52,53,55,57,59,61,64,65,67,70,275,72,73,76,79,80,81,83,86,87,88,89,92,94,95,98,104,105,107,109,111,112,115,117,118,120,276,124,127,128,130,131,132,134,135,140,265,144,147,148,150,153,156,158,159,161,162,164,165,170,175,177,178,181,188,190,192,193,194,197,198,200,204,205,206,207,210,214,216,217,219,220,221,222,224,229,230,232,233,235,238,240,242,243,246,247,248,253
5,257,259,261,8,9,10,12,269,16,17,20,23,25,282,28,30,33,34,36,37,41,47,48,49,50,51,52,265,58,62,65,71,72,268,77,78,80,82,85,86,88,89,90,91,95,272,98,99,101,117,118,276,126,127,128,130,131,132,133,134,140,141,143,144,145,148,149,152,157,159,162,165,166,171,173,174,176,184,185,186,188,189,192,196,201,202,204,205,206,208,211,264,213,214,215,216,220,222,226,228,232,233,237,238,240,241,242,243,244,245,247,248,252,254
6,256,260,262,257,8,9,10,11,268,13,15,17,274,19,20,21,279,281,26,27,28,30,33,38,40,43,44,47,48,264,52,53,55,56,57,62,63,69,70,75,76,77,269,80,82,85,89,93,95,96,263,99,102,273,259,105,106,107,109,275,119,120,276,122,128,129,131,133,134,136,138,143,147,148,149,151,152,153,154,156,282,159,161,164,167,169,170,171,173,175,176,181,182,184,187,188,193,194,196,197,199,202,203,206,208,214,215,217,219,221,223,224,227,228,230,234,235,238,241,243,245,248,250,252,253,254
7,261,263,267,268,14,15,16,17,18,275,21,22,23,24,282,28,31,37,38,39,40,44,49,51,53,57,58,61,62,63,64,67,70,256,72,75,76,77,79,84,270,86,90,92,95,97,101,273,105,106,107,108,115,117,121,123,124,126,277,128,129,130,131,139,140,142,143,280,151,152,155,156,157,159,160,163,164,168,169,171,175,177,178,179,180,183,185,192,194,195,201,202,206,210,211,213,214,215,220,224,225,226,227,228,229,232,233,235,242,246,247,251,252,253,255
8,263,10,11,269,14,271,16,273,18,19,21,279,24,25,26,30,31,32,34,36,38,39,40,41,42,45,46,49,52,53,54,56,266,62,69,71,72,74,75,78,81,83,85,86,88,91,92,272,101,102,103,259,112,115,116,120,125,126,127,128,129,132,134,136,138,139,140,144,280,147,148,281,152,155,156,159,160,162,165,169,170,172,173,174,177,183,184,185,186,188,191,193,194,197,199,206,209,210,213,214,216,218,219,220,221,223,224,226,228,239,241,243,251,253,254
9,256,257,258,259,264,10,11,12,13,270,16,17,18,19,276,277,22,23,260,26,28,30,31,34,35,44,45,48,50,51,52,54,55,56,57,59,61,65,67,69,72,73,269,81,84,88,89,90,93,95,97,98,107,112,113,114,115,116,117,118,120,121,123,124,126,129,131,132,136,137,138,139,140,141,142,148,149,281,152,153,156,159,160,162,163,261,165,166,167,168,169,171,173,174,175,176,183,267,187,188,195,196,198,200,201,203,209,210,211,214,216,222,223,224,227,228,229,233,235,238,240,243,244,245,247,249,254
10,257,263,12,14,15,272,273,18,276,21,23,24,282,29,31,33,34,36,38,39,42,43,44,46,52,55,56,57,58,59,60,63,66,67,69,268,79,80,81,83,84,88,89,90,271,94,96,97,98,99,101,103,106,107,108,113,118,121,122,125,127,134,137,279,143,144,151,153,156,157,158,161,162,163,261,165,168,173,174,178,183,184,187,189,191,192,195,197,198,199,200,202,203,204,206,207,208,211,212,214,216,220,222,227,232,234,236,238,241,242,243,244,249,252,255
11,257,259,261,267,12,13,271,16,18,275,278,279,280,25,27,29,32,34,35,262,38,44,45,47,49,52,54,265,56,58,65,66,67,68,73,76,78,79,80,82,84,87,88,90,91,94,95,97,100,102,105,106,112,113,114,268,120,121,124,125,127,133,134,135,137,138,141,143,144,149,150,281,152,156,157,159,163,164,167,169,173,174,175,176,178,184,185,187,189,190,193,195,196,198,200,202,206,207,210,213,214,215,222,224,226,231,233,234,236,237,242,243,244,246,248,249,251,253,254,255
12,256,260,262,15,16,274,19,20,278,25,28,30,33,35,39,40,48,50,54,265,56,58,59,61,63,64,267,68,69,71,73,79,80,82,83,84,87,88,89,92,93,94,95,96,97,99,100,101,106,108,110,113,119,276,129,131,136,143,146,149,150,152,153,158,160,161,163,165,171,173,174,175,176,180,182,185,192,193,202,203,205,206,207,208,210,211,212,215,217,218,223,227,228,232,233,237,238,239,241,243,247,248,249,250,251,253,254,255
13,257,259,261,270,15,272,274,275,20,21,278,279,25,29,31,35,36,37,39,42,43,47,49,52,58,60,63,64,68,72,75,79,82,83,85,86,88,89,97,98,99,104,105,108,109,111,113,114,116,117,120,276,122,123,127,128,129,131,277,136,138,140,141,143,146,147,150,151,158,160,162,163,165,169,173,181,182,188,191,195,196,198,202,204,207,209,210,213,215,217,218,220,224,225,226,228,229,233,237,240,241,243,247,248,249,250,251,252,255
14,256,258,260,262,268,15,273,19,21,22,25,32,33,266,38,39,40,41,42,43,45,47,49,52,54,56,58,59,61,62,63,64,66,68,70,71,275,74,75,76,78,80,81,82,83,84,85,86,87,90,92,95,97,98,101,110,111,113,115,116,121,122,123,125,129,131,132,136,144,147,154,157,158,159,162,163,165,167,169,170,171,178,179,184,186,189,193,194,198,199,202,203,204,205,209,210,211,212,215,217,224,225,226,229,230,233,234,236,240,241,243,248,249,252,253,255
15,265,16,17,274,275,276,22,24,25,27,28,29,30,32,34,36,38,42,43,46,47,48,49,50,52,54,56,57,60,61,63,64,66,68,268,75,77,79,82,84,85,87,88,90,91,93,96,97,98,101,273,104,106,108,112,114,117,118,119,120,122,123,124,127,128,130,131,278,134,135,138,141,142,143,145,147,149,151,280,158,159,160,162,165,170,175,176,270,180,182,184,185,191,192,194,195,197,198,199,203,204,211,213,214,215,220,222,223,226,227,228,230,232,233,235,244,247,249,250,251,253,255
16,266,258,270,17,18,19,20,21,23,25,28,31,33,36,38,41,274,46,47,49,50,53,57,59,60,63,64,65,66,67,68,70,71,72,73,74,78,79,271,90,91,95,96,98,100,102,273,104,105,108,109,112,116,118,276,122,126,128,129,131,137,138,145,155,157,158,159,160,163,170,171,174,175,180,187,188,191,194,203,204,205,207,208,211,213,214,217,218,221,227,228,229,236,237,238,240,249,253,254
17,257,258,259,264,266,267,18,275,277,22,281,26,27,28,261,34,36,37,38,39,44,45,47,49,51,53,265,56,57,60,63,64,68,69,70,74,76,78,80,81,82,83,84,89,91,94,95,272,98,100,101,105,112,115,118,122,123,124,127,128,131,132,137,138,139,144,147,150,152,155,156,159,160,166,168,170,172,173,174,179,181,185,190,194,196,199,200,202,262,205,206,207,210,211,212,215,218,220,221,223,224,226,230,231,232,235,236,237,238,239,240,241,242,243,246,247,248,250,253
18,261,268,258,256,274,21,24,25,28,30,33,35,36,38,39,263,257,47,264,50,51,53,54,55,58,59,60,266,63,64,66,70,71,74,79,81,83,85,86,88,93,95,96,97,98,100,102,103,104,106,107,108,110,111,114,115,116,117,119,121,124,131,134,137,138,139,143,144,280,146,269,149,150,155,157,158,162,165,169,170,171,172,173,174,270,180,181,182,184,186,191,193,194,196,198,200,202,203,206,208,209,211,214,215,218,219,222,224,225,227,228,231,233,272,240,241,242,248
19,259,261,263,266,271,275,21,280,25,26,29,30,32,35,37,38,39,43,44,45,47,264,51,53,55,57,61,65,70,256,72,73,75,79,80,81,82,84,87,88,92,93,95,101,104,105,107,108,113,114,116,118,119,121,123,124,125,126,127,282,133,135,136,139,140,142,143,145,146,149,156,157,160,162,163,164,167,168,170,172,175,176,182,184,186,187,268,190,197,198,199,200,201,202,212,217,218,222,223,227,228,229,233,234,235,237,238,239,240,241,246,247,248,249,250,253
20,263,266,267,270,271,274,275,277,22,23,24,25,26,261,34,35,36,37,38,40,44,46,47,48,49,50,51,52,54,55,56,57,60,64,66,67,69,71,73,74,75,268,80,81,83,85,88,89,94,96,97,101,103,104,106,107,109,114,118,119,120,121,122,124,125,126,130,278,260,135,136,138,139,140,142,143,269,149,151,153,155,158,159,165,166,169,172,174,177,178,180,181,186,187,188,193,262,198,199,200,201,202,203,205,206,207,212,214,215,219,223,225,226,229,233,234,235,239,241,243,249,250,255
21,259,271,273,277,278,23,24,281,28,29,31,32,33,35,37,39,263,45,50,52,53,56,58,61,63,64,65,68,70,71,72,73,75,77,78,79,80,82,84,85,86,87,89,90,91,95,101,104,106,108,110,113,275,116,117,120,121,122,124,126,129,131,132,136,140,141,143,147,148,152,153,155,157,160,170,171,172,173,175,266,181,182,185,189,194,196,197,198,199,200,201,262,206,207,208,210,213,214,215,230,232,233,234,236,242,244,246,249,250,253,254
22,258,260,266,267,269,272,277,278,279,25,28,29,36,37,39,41,42,43,46,49,51,53,54,55,59,65,66,69,70,73,75,77,81,82,84,270,86,91,93,95,96,97,98,99,101,104,106,110,113,114,120,124,127,130,131,133,140,141,142,144,146,148,156,164,165,167,169,171,172,175,177,178,179,180,182,183,184,185,189,192,198,199,200,201,202,203,206,207,208,212,217,218,219,220,224,227,228,229,231,233,241,249,252,255
23,256,262,270,274,278,280,281,27,28,30,261,33,34,35,38,39,40,41,263,44,48,50,51,52,54,55,57,59,60,266,64,68,69,71,73,75,76,78,82,86,90,91,92,94,95,96,97,101,102,105,106,107,109,114,115,116,122,123,127,129,131,134,135,137,139,140,265,142,144,145,146,149,150,153,156,157,162,164,166,168,171,172,173,179,183,189,191,192,193,197,198,199,201,204,207,210,211,212,218,219,220,222,223,224,227,229,232,233,234,236,238,243,245,247,252,255
24,260,261,265,270,272,259,280,282,27,29,30,32,35,39,41,42,43,49,50,51,55,58,266,64,67,68,69,70,71,73,76,77,80,83,85,86,88,91,95,98,276,106,107,108,109,275,117,118,120,121,124,127,130,277,133,134,137,141,145,159,160,161,163,166,167,169,173,174,178,179,182,183,187,188,189,191,192,193,197,198,199,200,201,207,208,211,213,214,215,224,228,229,231,232,233,234,235,237,239,240,244,245,246,247,249,255
25,256,258,263,259,273,279,26,27,28,29,31,33,34,35,38,41,42,44,264,50,51,52,265,56,57,59,61,63,64,65,267,68,69,73,74,75,79,83,84,85,89,90,91,98,100,104,106,107,110,111,116,117,268,276,122,123,126,127,132,133,135,138,140,143,145,269,149,150,151,153,154,158,161,162,163,169,172,174,176,177,270,180,182,184,186,190,191,193,195,199,202,205,210,211,212,216,218,226,227,231,234,236,238,247,248,250,254,255
26,257,268,269,271,274,277,278,280,282,28,29,30,31,34,35,36,39,42,263,44,48,50,51,55,56,57,65,66,68,70,71,72,74,76,77,79,82,84,85,87,88,96,97,98,99,100,103,104,106,109,111,275,116,117,276,124,126,128,131,133,136,137,139,142,143,144,149,150,152,154,156,157,158,159,160,161,163,170,171,173,174,176,177,178,179,181,189,190,195,196,202,204,205,206,213,219,220,226,228,229,230,237,238,240,241,242,247,252,253,255
27,257,260,265,266,274,259,276,278,30,31,34,35,262,38,41,51,53,54,55,57,58,64,66,68,71,72,73,75,77,81,83,89,90,91,95,97,98,101,103,105,106,108,110,112,114,122,123,127,128,130,132,133,135,136,137,279,140,280,149,151,154,158,159,160,163,164,168,170,173,175,177,178,183,184,185,191,193,194,195,200,201,208,210,215,216,220,223,224,228,232,234,235,236,240,241,242,247,250,252
28,261,267,269,256,259,29,31,32,33,35,36,37,38,263,47,48,52,53,54,55,57,62,63,64,66,67,69,70,275,72,73,75,76,77,82,83,85,86,87,88,90,92,94,95,96,100,101,105,106,108,111,112,115,117,268,121,123,124,128,129,131,133,260,135,279,140,143,145,150,154,156,161,278,164,165,166,167,171,172,174,176,177,179,180,183,184,188,190,191,192,262,195,196,200,201,204,206,208,211,218,220,221,223,224,225,228,230,231,234,235,238,243,245,247,248,249,252,253
29,256,260,262,263,264,272,276,279,32,33,34,37,38,39,40,41,43,45,49,53,54,55,61,63,65,66,267,69,71,72,74,77,79,80,86,87,91,92,94,96,98,99,103,110,112,113,118,124,125,128,133,134,138,140,142,144,147,269,149,150,281,153,157,158,159,160,162,163,164,165,168,173,174,177,180,181,182,183,185,191,196,197,198,200,203,204,207,210,214,216,217,220,222,223,225,226,227,229,230,232,233,234,239,240,243,244,245,246,248,250,251,255
30,258,259,263,267,269,273,276,278,265,31,36,38,41,45,46,48,264,50,52,55,59,61,62,65,68,69,73,79,82,86,87,88,89,90,91,93,95,96,97,98,100,102,105,107,109,111,114,117,268,120,121,123,124,125,131,133,138,139,140,141,143,144,280,147,149,150,153,155,282,158,160,163,261,166,167,173,175,177,190,194,197,198,199,200,201,202,206,271,209,211,214,215,218,221,223,225,226,227,229,230,231,232,233,235,237,239,241,243,244,249,250,252,255
31,256,260,261,262,268,270,280,34,35,39,43,264,50,52,53,54,55,57,266,59,61,62,64,67,69,70,73,83,85,88,95,96,101,102,105,106,107,108,109,110,114,115,118,119,277,129,130,134,135,137,139,142,143,144,148,149,151,152,155,282,159,163,164,166,169,171,175,178,182,183,188,191,192,193,197,199,204,208,212,213,216,217,223,224,225,228,229,230,232,233,238,243,245,248,249,255
32,261,263,265,266,268,269,272,276,279,260,282,35,36,45,46,49,51,52,54,55,56,60,63,267,69,71,78,270,89,91,97,98,101,102,103,104,109,110,112,116,117,122,124,125,126,277,128,130,131,136,280,147,152,153,155,156,157,161,162,169,171,172,176,177,178,180,195,196,199,201,205,209,211,214,221,224,225,229,231,232,234,237,238,240,245,246,249,252,253,254
33,256,257,259,264,269,271,273,280,38,40,44,46,47,48,49,51,52,54,55,57,58,61,62,66,68,70,71,72,73,74,75,77,79,80,81,85,87,88,90,91,95,96,97,98,101,102,104,105,110,111,112,114,268,119,121,122,124,125,127,128,132,133,134,135,136,137,138,139,140,141,142,145,148,277,151,158,159,161,162,165,170,172,173,175,176,270,179,181,185,190,191,192,196,197,204,205,206,208,209,210,211,212,213,217,218,219,220,223,226,227,229,233,235,237,239,240,242,243,244,245,250,251,253
34,256,257,258,274,280,36,37,39,41,43,45,46,48,49,50,53,54,57,58,59,266,62,63,64,66,70,72,74,76,80,81,84,85,86,88,89,90,94,263,99,101,102,103,105,106,108,109,110,112,113,114,115,116,117,122,123,125,128,135,136,139,140,141,148,151,156,282,160,161,163,261,170,173,174,176,178,187,188,189,190,195,196,197,198,199,200,203,205,206,207,211,213,215,216,217,218,219,220,221,222,223,224,227,228,229,230,232,233,234,245,246,250,264
35,257,273,36,37,42,47,48,49,52,53,265,58,59,60,61,62,63,65,67,76,77,79,80,81,82,83,89,93,94,99,100,101,259,106,108,274,110,114,275,117,118,119,121,122,123,129,132,133,134,135,137,138,140,141,143,146,148,149,151,153,154,155,156,282,260,160,164,165,166,168,171,173,174,175,176,177,180,183,187,188,189,194,195,197,198,199,204,206,207,211,214,215,217,218,219,220,221,222,224,225,230,239,242,243,246,250,281,254,255
36,257,270,280,281,37,39,43,44,264,50,52,53,58,61,63,68,69,71,72,73,76,79,80,91,97,98,100,101,102,103,106,107,274,110,111,113,115,118,119,121,123,124,127,128,131,132,133,135,137,139,143,146,147,150,152,155,156,158,159,160,161,164,167,168,171,173,266,177,179,181,182,183,184,185,187,190,196,197,201,202,203,204,205,206,207,210,211,212,213,214,215,217,220,228,229,234,236,272,245,247,248,249,250,251,252,276
37,256,264,265,267,271,280,281,38,39,40,42,43,47,51,53,55,57,58,60,62,63,66,76,77,78,88,90,95,96,263,100,273,108,111,113,119,120,122,123,132,135,138,139,140,141,142,146,149,153,156,162,163,164,165,167,169,174,181,183,184,190,191,193,196,197,200,201,202,205,209,213,214,217,218,221,222,224,225,226,228,230,231,233,234,236,238,241,242,243,246,250,255
38,256,261,259,268,282,39,40,41,42,43,44,47,49,51,265,58,59,61,63,65,267,72,73,76,79,80,81,257,84,89,90,91,92,93,94,96,97,102,273,104,107,111,114,119,122,124,127,130,132,135,136,137,138,139,147,148,281,152,156,160,161,162,163,166,171,172,173,176,178,181,186,188,190,193,262,197,206,209,220,221,224,232,234,241,242,246,264,248,249,250,252,253,254
39,256,262,265,271,276,42,43,48,49,50,51,53,56,57,60,61,66,75,77,78,79,81,83,85,87,92,93,94,96,97,102,273,106,107,108,274,110,111,112,117,119,126,131,134,135,138,139,140,141,144,145,146,147,152,153,154,282,161,162,164,166,167,170,171,174,175,176,270,179,183,184,185,186,189,190,194,198,201,203,207,208,209,215,220,224,226,233,236,237,240,241,244,245,246,252
40,256,259,261,266,271,272,273,260,42,43,47,48,49,52,53,58,61,63,64,65,70,268,75,78,79,80,82,83,85,86,91,92,94,96,99,104,106,107,108,109,110,112,113,115,116,118,123,126,128,129,131,132,134,279,141,142,144,145,147,153,156,164,166,167,171,173,174,176,179,183,184,186,190,193,262,195,196,204,205,210,216,217,223,224,226,227,230,231,236,237,238,244,246,248,249,250
41,262,257,265,267,258,273,276,277,42,44,49,50,51,52,53,55,58,60,62,64,66,68,71,72,74,75,78,79,80,82,86,91,95,97,100,102,106,107,108,109,111,112,116,117,118,123,126,129,130,132,133,135,136,138,141,142,145,147,148,149,151,156,157,159,278,163,164,166,167,169,171,172,173,179,183,184,187,189,190,193,195,200,203,205,208,210,211,215,216,218,221,225,229,233,234,236,272,239,241,251,252,255
42,257,273,259,277,279,260,263,44,45,46,264,55,57,58,60,61,62,63,64,66,67,68,69,70,71,73,76,81,83,88,271,92,95,100,103,105,106,108,109,114,115,119,120,121,122,127,131,132,278,134,139,140,147,148,149,151,153,154,158,159,160,161,162,163,165,166,167,171,174,175,177,180,181,182,187,188,190,191,193,199,206,210,212,215,219,221,224,228,229,231,232,233,237,243,246,247,249,250,251,281
43,256,261,257,259,274,282,265,44,45,46,48,49,50,51,53,54,55,57,58,59,61,62,64,65,69,72,74,75,76,78,79,80,81,82,83,85,87,89,90,271,93,94,95,96,99,102,104,111,112,275,118,120,122,125,126,128,132,134,137,141,142,280,148,151,152,156,158,160,161,162,167,168,169,171,172,175,180,181,183,189,190,191,194,195,197,201,202,203,205,206,207,210,212,215,262,221,225,226,231,232,236,237,239,240,241,244,246,248,250,251
44,256,258,260,261,264,268,271,272,274,277,278,257,46,49,50,53,57,58,59,60,61,63,65,68,69,72,74,75,77,79,80,81,83,85,88,90,92,95,99,101,103,105,108,112,114,275,118,120,276,122,130,132,134,135,136,138,279,140,141,142,145,146,281,152,153,154,157,160,162,166,167,168,173,174,176,177,179,185,189,191,192,193,197,201,203,204,205,208,209,211,213,214,218,219,220,221,223,230,231,234,235,236,238,243,245,253,254
45,257,263,268,274,278,281,265,46,48,50,51,55,57,58,60,63,64,66,267,68,73,75,77,79,82,84,88,89,93,94,95,96,97,104,107,111,112,275,117,118,123,124,125,130,133,134,135,136,138,142,147,148,149,154,156,157,158,159,160,161,164,166,167,168,169,170,172,173,176,177,178,179,182,190,191,192,194,198,202,205,210,211,212,215,216,226,227,230,231,232,234,235,241,242,245,246,248,249,252,253,254
46,265,258,273,274,277,279,280,281,282,48,50,53,55,57,62,63,65,67,69,72,73,76,78,87,90,92,93,98,100,102,107,109,111,112,116,117,118,276,123,131,278,137,139,144,151,154,155,156,160,161,162,164,166,167,168,169,171,172,174,175,176,178,181,182,188,192,196,197,199,200,204,205,207,211,214,216,218,219,222,238,239,240,241,242,244,246,251,252,253,254
47,257,259,264,265,277,279,280,260,282,261,50,52,55,58,60,62,65,267,72,73,74,77,79,80,83,84,85,88,90,93,94,96,272,98,100,102,105,111,114,115,116,117,118,119,121,122,270,124,125,128,129,130,131,133,137,138,142,145,146,149,150,155,159,161,162,167,169,170,171,172,174,177,178,179,189,190,191,192,194,195,196,198,203,204,205,210,214,216,262,218,219,220,226,227,228,230,231,235,240,243,244,248,250,252,276
48,260,257,264,266,269,270,272,274,259,278,280,281,261,262,51,54,56,58,61,62,63,66,68,69,71,268,75,77,78,83,95,97,98,100,101,102,105,108,109,112,116,121,125,129,130,133,134,135,136,137,139,142,143,146,147,150,154,159,162,163,165,166,167,168,169,170,173,174,176,178,179,186,189,191,193,194,195,198,200,203,204,206,209,211,212,215,216,218,219,220,223,263,226,227,228,231,233,236,238,239,241,242,243,251,253,254
49,260,274,275,279,281,278,261,51,52,53,57,58,61,64,65,69,70,71,258,75,80,83,270,88,91,95,96,98,100,102,273,105,106,108,110,115,116,117,122,124,132,133,135,137,140,141,143,144,145,149,151,154,157,158,159,162,163,168,169,170,173,177,180,181,182,185,187,196,199,200,201,202,203,206,207,208,209,211,215,216,219,220,221,228,232,234,256,244,245,247,249,251,252,253,254
50,257,260,262,263,264,258,275,52,53,265,56,57,60,63,66,67,70,71,72,73,74,75,77,78,81,82,83,84,85,87,89,91,93,97,98,100,106,110,113,115,268,119,122,124,127,130,132,133,279,143,144,145,146,277,150,151,157,159,161,162,261,165,166,168,169,171,172,173,174,175,176,177,179,180,182,186,187,188,189,190,191,193,194,195,197,198,199,201,203,218,219,221,222,224,226,227,229,230,231,232,233,234,235,281,242,243,245,248,250,252,253,254,255
51,257,268,272,277,53,57,58,62,63,64,66,67,69,70,71,72,73,76,79,83,89,92,99,101,102,103,105,107,108,109,111,113,115,119,120,121,124,125,127,130,132,278,136,138,141,142,144,280,149,281,153,155,282,158,159,160,161,163,165,167,168,170,178,179,180,182,183,184,185,186,187,188,190,195,197,198,201,202,204,206,207,208,209,213,215,220,221,223,226,234,235,239,243,244,247,248,250,252,253,255
52,258,257,268,272,273,275,278,280,282,262,263,54,57,58,59,61,64,66,267,68,70,71,72,78,79,86,89,90,92,97,256,102,105,108,109,110,112,116,117,118,119,123,125,127,129,132,133,138,279,141,145,147,269,277,151,152,156,158,160,161,163,164,166,169,170,171,173,174,175,176,177,178,179,180,182,196,200,206,207,208,209,210,211,212,213,215,216,218,219,221,222,227,228,233,234,235,236,281,238,239,240,248,252,264
53,265,267,270,276,280,281,55,56,57,59,61,63,64,65,66,70,71,275,74,76,78,79,85,87,90,91,93,94,263,98,102,103,105,107,108,109,110,111,112,113,115,123,126,277,128,130,131,136,138,139,141,142,143,144,145,149,151,154,155,156,161,162,165,169,173,174,175,176,180,181,185,187,192,196,198,199,212,214,216,218,219,222,224,227,229,231,235,237,242,244,249,252,253,264,255
54,256,260,261,262,266,275,282,264,57,60,63,65,267,69,74,75,79,82,85,88,90,271,95,276,103,105,106,107,274,113,114,116,119,120,121,122,125,128,130,131,132,278,135,138,139,140,143,147,153,158,160,161,164,165,166,169,170,174,176,179,180,189,191,196,199,202,207,208,209,212,214,215,218,220,221,224,226,228,231,235,236,237,239,242,244,249,253,255
55,256,257,264,267,269,270,272,273,265,60,67,70,71,275,73,76,78,79,81,85,86,90,94,95,96,97,99,100,103,104,106,108,109,111,112,114,115,119,120,121,124,129,130,131,278,135,136,137,139,142,143,145,146,147,148,151,155,156,159,161,162,163,165,168,169,170,176,177,179,182,185,187,188,191,279,262,198,200,201,202,203,205,207,211,214,215,216,217,219,223,224,225,228,230,234,235,236,237,241,242,245,246,247,249,251,254
56,256,259,261,274,275,278,265,58,59,62,63,64,66,67,69,71,268,78,82,83,85,86,88,90,91,97,98,99,101,103,104,105,106,108,109,110,113,118,123,124,125,126,127,130,131,134,137,139,143,145,148,149,281,153,163,166,168,170,172,271,176,270,182,188,189,196,198,199,200,203,205,207,208,211,215,217,221,224,226,228,230,233,235,238,239,240,241,243,244,247,249,250,251,252,253,255
57,256,258,261,267,274,280,265,59,266,64,67,68,70,71,76,77,78,79,80,81,83,84,86,87,89,90,92,93,272,100,276,103,112,114,275,120,121,122,127,128,129,130,131,132,134,135,138,142,143,144,145,147,148,149,151,152,154,155,156,159,160,165,166,167,170,171,172,173,174,175,176,180,183,184,186,188,189,190,191,194,262,204,210,213,216,219,221,222,224,225,226,227,228,230,233,235,240,241,243,246,248,249,250,251
58,256,260,262,271,272,273,259,276,278,279,281,282,274,61,62,70,77,78,269,80,86,88,90,92,95,97,98,99,100,101,105,106,108,109,111,115,116,117,119,124,125,126,128,130,133,135,136,137,138,140,146,154,157,160,161,162,168,173,174,177,178,181,183,184,188,192,194,195,196,199,201,205,206,207,208,211,215,216,217,218,221,223,228,230,238,240,242,244,247,248,252
59,256,261,262,263,271,273,275,277,282,265,60,266,62,64,66,67,71,72,74,75,76,78,80,86,87,91,92,98,99,103,108,274,112,114,116,121,126,131,278,134,136,138,139,141,143,146,147,150,152,154,155,157,158,159,165,167,169,170,171,173,175,176,177,181,183,188,189,279,193,194,195,196,197,203,205,209,210,211,213,214,218,219,220,223,225,226,228,232,234,239,240,243,246,250,252
60,256,258,260,261,262,263,265,267,270,275,266,61,62,63,64,65,67,77,79,80,84,85,86,87,88,89,90,92,93,95,98,99,273,105,106,108,109,110,111,115,117,118,119,122,123,124,125,127,128,129,130,131,132,139,148,150,152,156,163,164,165,166,167,168,171,173,178,179,180,183,184,185,187,189,190,191,279,194,198,199,203,205,206,208,209,219,220,221,222,223,224,226,228,230,231,234,235,237,239,240,241,242,244,249,251,254
61,256,259,264,267,272,274,279,280,282,265,63,65,66,67,71,268,77,79,80,81,83,84,90,91,92,93,94,96,97,98,100,104,108,110,275,117,118,120,122,127,128,129,277,133,134,136,139,145,147,148,150,152,153,154,158,160,161,163,165,166,167,168,171,175,176,181,186,187,188,189,190,191,192,193,194,196,198,200,201,202,271,211,212,213,214,215,217,219,220,221,222,224,227,228,232,234,235,237,242,243,245,248,249,255
62,256,257,258,259,265,269,271,272,275,276,280,65,70,71,72,73,75,79,80,81,82,83,85,86,87,88,89,91,93,95,98,100,102,105,106,111,113,114,115,117,118,119,120,125,137,140,145,146,147,148,152,153,158,160,164,165,166,169,170,172,175,176,178,180,184,185,188,189,191,193,262,200,202,203,205,207,208,210,212,216,219,220,223,263,226,228,229,232,233,236,238,239,241,245,251,254
63,276,279,263,66,272,70,71,72,268,258,76,77,78,79,81,82,84,85,86,87,90,91,93,94,95,96,97,98,100,102,103,107,109,111,115,116,123,125,126,127,128,129,134,135,136,137,138,141,143,144,145,148,150,281,153,154,155,156,157,158,161,163,164,166,167,169,173,177,179,180,182,184,186,188,262,197,201,271,213,218,220,222,225,229,230,233,237,238,240,241,242,246,248,255
64,257,261,262,278,66,69,70,71,72,73,77,78,80,81,82,271,92,93,94,96,97,99,103,105,109,111,112,114,115,117,119,120,123,124,126,277,128,129,130,131,132,133,134,141,143,280,147,149,150,281,154,155,158,159,160,161,162,166,167,168,169,170,172,173,175,176,177,178,179,180,182,183,184,186,188,189,192,197,198,200,201,202,203,205,206,210,211,213,217,219,221,225,227,230,231,235,237,239,246,248,251,252,255
65,258,262,268,270,260,261,67,70,71,72,73,74,76,77,78,81,82,83,84,85,86,87,88,90,91,92,96,272,98,99,107,108,112,113,114,275,120,123,124,128,129,282,132,278,134,137,139,143,147,150,151,152,153,154,155,156,157,267,159,160,164,165,168,169,170,171,177,178,183,185,187,190,191,193,196,197,198,200,201,202,204,206,207,213,214,218,220,226,227,231,232,233,234,235,237,238,239,240,241,244,251,281,254
66,256,259,262,263,265,68,69,71,78,79,80,270,86,87,88,90,92,93,96,100,102,103,108,109,112,113,115,116,119,276,122,123,124,125,128,129,131,132,133,135,136,139,142,144,146,147,149,150,152,153,155,156,157,158,162,163,164,165,167,171,172,176,178,179,182,187,189,190,195,196,200,204,206,207,208,209,274,213,217,218,219,222,223,224,227,228,229,231,234,236,240,244,245,246,247,248,250,253
67,256,261,262,264,270,260,263,69,72,74,75,77,89,272,98,102,103,110,117,118,120,122,123,126,129,130,132,135,137,265,142,147,148,151,155,156,158,161,163,164,165,168,174,176,179,180,182,183,184,188,189,191,193,195,200,201,202,204,208,209,211,215,217,218,220,221,222,226,227,229,231,233,236,237,241,244,248,249,250,253,255
68,280,260,261,263,264,274,276,278,267,70,73,74,75,79,82,83,84,85,87,89,90,92,93,94,95,96,97,99,101,102,103,106,107,113,114,119,124,125,130,131,133,138,140,141,144,145,147,148,153,154,155,156,161,162,163,168,172,174,177,270,180,181,183,185,186,187,188,190,193,195,196,197,199,200,208,209,210,212,213,216,217,218,220,222,224,225,227,228,232,236,272,239,240,242,245,246,247,248,249,252,254
69,257,259,260,270,271,275,71,72,73,75,77,78,80,81,82,84,87,88,89,91,93,95,97,98,100,102,103,105,106,113,118,121,124,127,128,130,131,132,278,138,139,142,143,145,149,151,152,156,159,160,163,164,165,166,172,173,174,175,180,182,185,187,188,189,190,192,194,199,202,204,206,208,210,213,218,280,226,228,231,232,239,240,243,246,276
70,261,264,266,267,268,258,271,276,281,263,256,72,75,76,82,84,91,92,93,94,98,99,100,101,273,275,106,108,110,114,115,118,121,123,124,130,131,140,141,142,144,145,147,148,149,150,151,155,156,282,165,167,170,172,175,176,178,181,182,184,185,188,190,191,192,193,194,200,208,210,213,217,218,221,280,223,225,229,230,231,233,237,239,240,242,247,250,252,254,255
71,258,260,262,263,271,259,72,268,74,75,77,78,79,81,82,88,91,96,98,102,104,275,106,107,112,115,116,123,125,277,128,131,132,135,136,137,279,141,142,143,280,147,148,153,154,156,282,158,159,160,161,164,168,169,178,180,184,189,193,196,197,198,199,200,202,203,205,207,208,212,223,224,226,227,233,235,237,240,244,245,246,247,249,250,251,264
72,259,267,271,273,276,278,279,261,264,265,275,73,78,82,83,86,87,88,90,92,94,263,100,101,102,105,106,108,109,110,111,114,115,117,118,121,123,127,131,277,137,138,139,140,141,142,282,150,152,154,157,161,163,165,166,167,169,171,180,182,183,186,187,191,198,199,201,203,204,205,206,208,210,214,216,223,224,226,230,231,232,233,234,272,240,241,243,247,248
73,256,258,261,257,264,266,269,271,273,274,267,268,76,83,89,92,93,96,272,101,102,104,107,108,109,111,115,120,121,126,128,131,137,139,140,141,143,144,145,146,147,151,152,161,162,164,169,170,171,172,174,177,178,181,183,186,189,192,193,195,196,279,200,201,203,205,207,210,215,218,219,221,230,233,235,238,239,240,246,247,250,253,254
74,256,260,262,266,267,268,279,274,75,84,89,92,95,98,102,106,109,110,116,118,120,121,124,126,127,130,131,133,136,144,146,153,154,155,157,158,161,163,166,167,169,172,178,180,182,187,191,193,195,198,200,204,207,208,212,216,218,219,220,221,226,227,228,230,231,232,233,234,241,247,249,276,254,255
75,265,266,272,273,274,280,258,77,81,83,84,270,87,89,93,94,95,99,103,104,105,107,108,111,115,116,118,121,123,124,125,126,127,129,130,133,137,138,279,140,141,145,146,147,149,150,151,152,154,155,157,160,163,164,166,168,170,171,173,175,176,178,182,185,186,191,192,193,195,196,199,201,202,204,207,214,217,220,221,222,226,228,231,232,235,236,281,238,241,244,245,246,247,248,250,252
76,272,274,259,276,278,260,86,89,91,92,93,96,263,98,100,101,103,105,108,110,111,112,113,115,116,117,119,123,127,129,131,137,138,279,140,141,142,144,146,148,151,155,158,159,162,163,164,165,168,170,171,173,174,175,177,179,182,183,184,189,191,192,262,198,200,202,205,206,207,210,216,217,219,220,222,224,229,230,231,234,238,241,242,243,246,247,253
77,264,266,267,268,273,279,281,263,79,82,84,87,89,90,91,92,94,97,98,100,106,110,111,112,114,118,119,123,124,125,126,127,130,282,277,278,135,143,146,147,149,150,151,154,156,157,158,159,161,162,164,166,168,169,173,174,175,178,182,183,185,186,188,191,194,196,198,199,201,202,203,204,205,206,207,271,209,210,211,214,216,262,218,219,220,222,227,228,229,230,231,236,239,240,245,248,249,250,251,252
78,256,260,257,265,266,258,275,276,281,282,264,272,79,80,81,82,83,84,88,89,90,91,93,95,96,97,100,101,102,104,106,108,110,111,115,117,120,123,129,131,134,135,136,144,147,148,149,151,153,154,155,160,161,162,166,167,168,175,178,180,181,183,185,187,188,191,192,194,195,197,198,203,204,207,208,210,212,215,216,217,218,219,220,221,222,224,225,226,227,228,229,231,232,233,234,235,238,240,241,242,243,247,248,249,251
79,258,264,265,275,269,257,89,91,99,100,102,103,106,108,109,111,113,115,123,124,128,129,132,260,135,136,137,138,140,141,143,144,145,147,149,153,154,156,157,158,159,160,164,168,169,170,174,175,178,180,182,186,187,190,192,193,197,199,200,201,202,204,205,206,208,210,211,213,214,217,220,221,227,230,234,236,237,241,243,247,248,250,252,255
80,264,258,271,272,278,260,282,267,275,85,87,93,94,98,99,100,104,105,108,109,113,115,119,120,276,123,125,133,135,138,139,140,143,280,146,149,151,153,154,155,156,157,158,159,168,170,172,173,266,177,179,186,188,189,192,193,195,196,199,200,201,204,205,207,208,209,210,211,213,215,219,223,227,228,230,233,234,235,237,241,242,244,245,247,251,252,254
81,261,263,273,271,277,279,280,282,259,84,270,86,91,92,94,96,99,100,102,103,104,106,107,112,113,275,118,126,132,134,136,137,139,145,146,148,154,156,157,159,161,168,169,170,171,173,175,177,179,182,184,185,186,188,189,192,193,194,195,196,201,202,203,204,205,206,209,210,212,218,223,225,227,228,229,231,236,237,238,239,242,247,248,251,254,255
82,257,265,274,261,262,269,83,84,86,88,90,271,93,94,95,98,100,101,273,275,108,111,114,115,116,119,120,123,126,127,129,282,278,134,136,138,139,140,141,142,143,144,145,149,150,151,156,157,158,159,160,166,167,172,173,174,176,181,184,186,187,189,195,200,202,204,205,213,215,216,217,218,223,228,230,231,234,237,238,242,245,246,249,250,254,255
83,257,261,262,263,265,272,277,282,270,84,85,86,87,89,92,93,96,99,100,103,104,107,109,115,118,120,123,127,129,133,134,136,138,141,146,147,150,151,155,156,158,159,160,281,163,164,170,171,175,177,178,179,185,187,189,192,193,195,196,197,199,203,204,210,274,213,215,218,220,223,232,236,237,241,245,249,251,252,255
84,260,261,262,269,272,274,280,263,259,265,268,85,89,90,92,94,95,96,98,100,102,103,104,110,282,113,115,116,120,121,123,277,129,131,133,135,137,138,142,143,144,145,148,150,281,156,157,162,165,166,167,169,170,171,173,177,179,180,181,182,183,187,190,192,198,199,201,202,204,206,207,208,209,210,211,212,215,217,218,219,220,221,222,223,226,229,230,233,234,235,238,239,240,242,245,246,248,252,253,254,255
85,257,263,265,261,259,270,86,88,89,90,92,93,96,100,105,107,109,111,113,114,120,276,124,277,131,133,134,135,136,138,141,143,145,146,147,148,150,281,157,160,163,164,166,172,176,178,179,181,182,183,184,186,189,190,193,194,197,198,201,205,207,210,214,216,220,221,222,223,226,229,237,238,240,241,243,253
86,262,266,268,271,272,273,276,260,257,264,87,89,92,96,98,99,100,103,104,106,107,108,110,111,112,115,117,120,123,124,128,278,137,279,140,141,142,144,145,147,148,150,281,152,153,159,162,163,165,166,168,169,172,175,177,180,187,188,191,192,193,195,197,199,200,201,203,208,210,211,212,213,217,218,219,220,223,225,227,229,233,235,236,237,241,243,248,251,253
87,256,261,264,265,272,273,274,276,279,280,260,268,270,89,90,271,94,96,97,100,101,104,105,106,114,116,117,125,128,131,133,137,139,140,143,146,147,154,158,160,162,165,167,168,169,170,176,178,179,183,184,186,189,191,192,196,197,203,204,206,209,210,212,213,217,221,222,226,227,230,232,235,236,237,239,242,247,248,251,252,253,254
88,263,273,278,261,266,267,268,269,271,92,97,99,100,105,108,110,111,113,119,121,122,123,124,129,131,136,137,138,143,144,145,146,148,149,151,152,154,156,158,159,162,163,164,165,166,167,168,169,170,171,173,176,179,182,187,189,190,191,193,195,198,201,202,203,205,206,207,208,214,217,222,224,225,228,229,237,242,244,249,250,251,252,253,254
89,259,267,270,271,278,260,262,266,91,95,98,100,101,103,104,107,111,115,116,118,276,122,126,127,131,277,133,134,135,138,139,140,141,142,143,146,269,149,150,152,153,154,156,158,159,160,162,163,164,165,170,174,175,181,182,268,190,193,199,200,201,206,208,211,213,214,217,223,226,227,235,237,239,240,241,244,245,246,247,249,273,252,253
90,256,264,258,274,278,282,266,267,271,93,94,99,105,107,111,114,116,120,123,126,127,128,129,131,134,135,136,137,141,142,145,146,151,153,157,158,159,166,168,171,177,180,182,183,184,185,186,187,188,190,192,194,196,197,198,200,204,205,208,209,211,214,220,257,222,224,225,226,227,228,229,231,232,234,235,236,281,239,240,241,244,247,248,250,251,252,253,254
91,256,258,260,265,275,261,264,271,272,99,100,101,273,104,105,106,107,113,114,117,120,122,125,129,133,134,136,138,139,142,144,145,149,151,153,154,155,159,163,166,167,170,175,177,179,180,181,183,187,193,195,203,204,205,212,218,220,280,225,227,233,235,236,281,239,240,243,247,252,253,254,255
92,258,262,267,269,274,277,260,95,96,99,100,102,106,108,110,111,113,116,117,120,121,127,129,130,131,132,133,134,136,138,139,142,145,147,148,149,281,155,157,162,165,168,169,173,175,177,178,180,182,184,188,189,191,194,195,197,203,206,207,215,219,221,224,227,228,233,235,238,245,246,251,253,255
93,259,260,261,264,267,269,276,277,281,282,271,94,105,107,108,274,110,111,113,115,117,123,124,125,129,133,136,139,140,144,145,149,150,151,154,160,278,163,165,166,168,170,171,173,174,176,183,185,187,188,189,192,193,196,199,200,201,202,203,204,207,211,212,216,217,220,221,222,224,226,231,235,239,240,242,246,247,251,253,255
94,257,259,262,263,270,272,275,278,280,281,282,95,96,100,102,273,105,110,112,116,117,121,123,127,131,132,133,135,137,139,142,144,145,146,148,150,151,152,153,155,159,162,167,168,169,175,176,177,178,179,180,181,182,183,184,186,189,195,197,198,199,200,201,202,205,206,208,209,212,213,216,218,220,221,222,223,224,226,231,232,237,240,243,247,249,251,255
95,256,259,266,269,276,260,282,268,97,100,101,104,106,107,108,274,110,113,114,115,116,118,119,122,263,126,127,277,278,134,138,140,141,142,144,145,147,150,152,153,155,156,158,159,160,161,162,167,170,172,174,177,178,179,180,185,187,189,190,193,262,196,198,201,204,206,207,208,209,215,219,224,225,226,227,229,230,232,234,235,236,237,238,240,244,246,250,252,254,255
96,256,258,260,261,257,273,280,271,97,98,99,102,103,104,105,110,112,113,115,116,117,121,122,129,133,137,139,143,145,146,147,150,151,153,154,155,156,159,161,164,167,170,174,175,176,178,182,185,192,194,195,198,199,201,204,205,206,207,208,209,210,213,214,215,216,218,220,221,222,224,225,227,230,231,235,237,272,239,244,245,246,249,250,252,253,254
97,258,259,262,264,273,281,265,266,263,256,268,269,270,99,104,107,109,111,113,114,115,117,120,125,126,127,129,133,134,135,137,139,143,144,145,147,148,149,151,152,153,154,156,159,161,162,165,170,175,179,180,182,183,185,190,279,194,196,197,198,199,201,207,208,209,211,212,214,215,278,217,225,226,228,231,232,234,236,240,241,245,246,250,251,253,255
98,256,257,264,267,273,275,277,261,101,102,103,104,107,112,115,116,118,120,122,124,125,127,129,130,132,278,134,138,144,280,146,152,154,157,158,159,162,163,165,167,169,177,185,187,188,189,191,192,193,195,198,199,200,201,202,203,204,205,210,211,219,221,222,223,226,234,237,241,242,243,246,247,248,249,250,252
99,259,257,267,274,277,279,280,281,262,269,101,104,106,110,111,113,115,116,117,120,122,128,129,130,131,133,134,135,136,139,141,282,145,146,148,149,151,152,153,155,156,157,159,161,167,168,172,173,176,178,180,184,186,189,192,194,199,202,204,207,209,210,211,212,213,214,217,218,219,222,263,228,229,231,236,239,241,244,247,249,250,252,253,254
100,257,261,262,263,264,271,277,279,280,267,268,103,105,110,111,113,114,115,116,117,118,121,123,124,125,128,129,130,131,134,273,139,142,143,144,146,147,148,149,151,153,156,158,160,165,166,169,174,176,177,178,181,183,184,186,187,189,197,198,199,202,203,205,208,210,215,216,217,221,227,230,231,232,233,234,235,237,238,241,243,245,251,252,253,254
101,258,272,274,280,281,273,102,103,105,112,116,119,276,128,130,131,133,135,136,137,139,141,143,144,147,149,150,151,157,161,278,163,261,168,169,171,177,180,185,186,187,188,190,194,201,206,207,271,209,211,213,216,220,257,223,225,226,227,228,232,236,243,244,245,247,249,251
102,259,257,258,256,273,275,280,282,262,272,105,106,109,110,111,115,118,119,122,123,124,125,127,133,134,138,279,143,144,149,151,152,153,155,156,159,163,164,165,167,169,170,179,180,181,182,183,190,193,196,198,200,201,202,211,213,215,219,221,223,226,229,231,232,235,236,238,239,240,241,244,246,247,249,251,252
103,260,268,269,271,275,278,281,264,104,107,112,114,119,123,125,126,128,129,131,133,134,136,137,141,145,146,152,153,156,282,158,160,164,171,173,176,180,181,182,183,187,188,190,191,194,202,203,207,209,218,220,221,223,224,227,229,232,233,234,235,236,237,238,239,240,243,245,246,248,251,254,255
104,256,258,266,267,268,273,269,259,106,110,112,113,115,116,119,276,122,123,124,128,130,131,132,133,260,135,139,140,143,145,146,150,281,152,154,155,282,159,161,163,164,165,167,175,176,177,178,179,183,184,185,187,192,194,195,197,199,202,204,205,207,208,210,216,217,218,222,223,224,225,226,228,229,231,237,272,243,245,246,248,249,251,253,254
105,257,261,264,265,270,271,276,278,280,281,267,272,273,259,107,109,110,111,112,114,116,117,124,127,128,129,131,133,135,136,137,139,140,145,147,149,150,151,152,154,155,157,158,161,166,169,171,172,178,179,180,181,183,188,191,279,196,199,200,202,204,205,206,208,211,216,218,223,224,227,232,233,236,238,239,240,241,245,246,248,254
106,257,260,261,265,270,272,273,275,268,107,111,113,118,120,276,122,124,127,130,132,278,134,136,138,139,141,280,147,151,156,282,159,160,163,168,169,171,172,173,177,178,179,190,191,279,195,196,204,205,206,271,210,211,212,213,215,219,220,221,222,225,231,234,236,281,238,240,242,243,246,248,249,252,255
107,256,264,268,258,270,271,273,277,282,262,263,276,108,113,114,275,116,117,118,119,120,121,124,125,127,130,131,133,260,135,136,139,140,141,145,149,155,156,157,159,161,163,164,167,168,170,173,174,175,178,181,184,185,189,191,192,193,195,279,199,200,203,206,210,212,213,215,219,220,222,228,236,238,239,245,246,247,249,250,251,252,253,254,255
108,273,278,279,281,282,269,109,110,111,113,114,115,118,120,122,124,128,130,135,136,138,139,142,145,147,148,150,151,152,155,156,159,160,161,163,164,165,169,172,173,174,178,180,183,186,187,189,190,194,195,196,198,201,204,205,207,208,274,212,213,215,217,218,220,225,226,228,229,235,236,237,239,241,243,245,246,247,248,249,251,252,253
109,256,257,259,261,263,270,271,273,274,277,281,262,111,112,115,276,122,127,128,129,130,282,133,134,139,141,145,146,148,151,152,153,154,157,162,163,165,168,169,170,171,172,177,182,183,185,188,190,193,195,198,202,206,208,209,210,212,213,214,216,220,280,223,224,226,227,229,234,236,237,272,239,240,242,243,246,247,248,251,253,255
110,262,257,258,259,276,279,280,282,263,275,270,115,117,118,121,122,123,128,129,132,278,136,138,139,140,144,146,148,159,160,161,162,164,165,169,170,171,173,176,177,178,179,181,186,187,188,190,192,193,194,204,206,208,209,210,215,219,224,228,231,232,233,235,238,239,240,241,243,244,246,248,250,252,253,254
111,256,259,261,265,271,272,273,275,276,277,258,112,114,117,118,119,121,122,124,125,132,134,139,142,143,144,145,146,148,154,156,160,161,164,165,167,168,169,170,171,172,178,180,185,186,188,190,191,194,195,196,198,199,202,206,208,209,210,212,215,217,220,221,223,225,228,230,234,235,236,237,242,243,244,249,250,253,255
112,257,258,261,262,263,268,269,274,259,281,282,271,113,114,275,117,123,124,127,128,131,135,136,137,139,140,141,143,144,146,149,150,151,152,156,157,158,161,164,169,173,174,177,183,184,185,186,192,193,194,199,200,201,202,203,205,212,214,216,220,223,224,228,229,230,232,237,240,244,247,250,251,253,255
113,261,262,264,279,280,281,282,267,268,258,116,119,120,121,122,123,125,126,277,129,131,133,134,136,138,139,144,145,146,147,148,149,151,153,154,155,157,159,278,164,168,171,172,173,174,176,270,181,183,184,185,198,200,203,222,223,226,228,229,230,232,234,236,269,242,244,246,249,252
114,256,259,262,257,266,268,270,273,277,265,269,118,119,122,124,127,129,137,138,139,140,142,145,147,149,150,153,155,157,161,163,166,168,169,174,176,177,179,184,185,192,194,199,200,204,205,207,208,209,216,217,218,219,225,226,228,229,231,235,236,239,240,241,242,244,245,247,249,250
115,256,257,259,266,275,280,263,117,119,120,121,123,124,125,127,131,132,133,135,136,138,279,141,147,148,151,153,155,157,158,159,160,161,165,168,169,174,176,179,180,182,183,184,191,194,195,196,198,199,201,203,205,206,207,208,274,212,213,214,219,220,222,223,225,226,227,228,229,230,231,236,241,242,243,244,264,265,251,252,254
116,258,261,263,267,269,118,122,277,131,132,134,137,142,145,147,148,149,150,154,157,162,163,165,168,170,173,175,190,193,194,195,197,199,204,211,264,213,221,224,225,226,230,259,232,233,234,235,236,237,241,242,243,244,246,247,249,250,251,252,254
117,256,264,268,276,279,263,118,121,124,126,127,131,277,133,134,135,136,142,143,280,148,150,281,152,153,154,282,174,175,177,178,183,186,189,190,192,193,194,196,197,200,203,205,207,271,209,210,211,214,217,220,223,229,230,231,232,233,239,242,244,245,246,247,252,253,255
118,257,259,264,267,270,278,279,282,266,275,119,276,125,131,132,134,135,137,138,145,148,150,152,153,154,155,156,157,159,165,167,170,171,176,178,185,186,188,189,190,206,214,223,225,226,229,230,231,234,239,240,241,244,245,246,249,250,251,252,254
119,256,259,261,257,264,272,279,263,275,268,271,120,122,123,126,129,136,137,139,141,144,145,149,151,155,160,161,162,164,165,166,167,169,173,175,177,180,181,182,184,186,187,190,192,196,201,203,211,214,217,218,220,225,227,229,231,238,240,245,246,248,250,251,252
120,256,258,259,261,266,268,272,273,275,281,264,267,124,126,127,129,131,132,133,134,137,140,141,142,145,147,148,277,150,278,154,156,162,163,166,170,172,175,177,178,180,181,182,184,186,188,191,192,195,199,200,201,203,204,205,206,210,215,216,221,280,224,225,227,228,235,239,241,243,244,245,247,249,250,252,253,254,255
121,256,260,262,268,272,281,259,123,125,128,131,135,138,139,140,265,144,148,154,159,163,165,166,170,172,175,178,179,180,181,182,183,185,187,188,190,192,195,202,204,205,207,208,209,211,212,213,214,221,222,223,227,228,230,232,237,239,240,241,242,246,247,250,251,255
122,258,259,260,263,264,268,275,280,269,272,273,276,127,128,132,136,137,142,277,151,154,156,160,161,163,164,165,170,174,176,178,179,180,181,182,184,188,189,194,195,196,197,200,202,203,207,208,210,215,217,219,220,223,226,228,232,233,234,241,242,244,245,247,262,251,252,253,255
123,258,267,268,276,277,275,124,126,129,130,131,259,133,136,137,139,141,147,150,151,152,155,156,158,163,165,170,171,172,174,175,176,180,184,185,188,189,190,279,193,195,199,203,210,217,219,223,226,227,229,231,232,233,234,236,237,238,243,255
124,261,258,272,260,263,267,271,274,125,126,127,128,129,131,132,133,134,138,265,143,144,145,146,149,150,151,152,153,155,156,282,158,160,161,162,163,164,166,167,168,171,173,175,176,178,179,183,184,185,190,191,192,193,194,200,202,206,210,213,215,220,280,223,224,225,230,236,240,241,242,243,244,245,246,248,251,253,254
125,259,260,257,258,274,277,281,264,267,275,128,131,132,133,134,135,138,140,142,143,145,146,147,153,155,157,160,163,166,168,169,170,171,174,175,176,181,182,183,185,188,189,192,195,198,207,210,211,214,216,217,219,222,263,225,227,228,231,234,235,236,237,239,240,243,245,246,248,249,250,251,252,253,254,276
126,260,267,268,269,270,273,274,280,276,277,128,130,131,135,136,137,139,140,142,282,145,147,149,151,155,156,157,159,161,162,165,166,172,176,179,180,181,182,183,185,187,188,191,192,197,198,208,209,212,213,215,219,220,222,223,225,227,228,229,231,232,235,236,281,240,241,244,248,252,253
127,262,263,265,268,275,264,271,128,129,130,132,139,140,141,142,143,144,145,146,147,149,150,152,154,160,161,163,165,168,169,175,176,180,182,183,187,194,199,204,206,207,209,212,216,217,280,223,227,228,229,231,235,237,239,240,242,244,246,249
128,256,257,265,267,268,274,275,276,262,264,272,132,133,135,136,137,139,144,147,148,149,150,151,154,157,160,163,165,166,168,171,173,176,178,179,180,181,182,183,184,189,191,193,195,198,200,202,205,206,207,208,212,213,216,218,222,223,224,226,227,228,229,230,235,237,238,239,240,241,244,246,250,252
129,258,259,261,271,273,275,276,278,280,282,131,133,138,141,143,144,145,146,149,151,153,154,159,160,164,166,167,169,173,174,177,178,181,182,184,185,186,190,191,192,193,195,196,198,199,202,204,208,210,211,212,214,221,224,226,228,230,234,238,242,245,247,252,253,254
130,256,258,262,261,272,259,271,275,131,134,136,137,140,146,149,150,151,155,160,164,165,166,173,176,178,179,180,181,183,187,189,190,192,193,202,204,207,209,213,217,218,257,223,224,226,227,230,232,234,236,237,239,240,244,245,247,252,255
131,256,264,266,267,259,280,261,262,257,273,269,271,274,277,132,278,135,136,137,139,140,141,144,146,148,150,155,156,157,158,160,161,163,165,166,170,173,175,177,270,180,181,184,187,189,190,191,193,265,196,204,206,209,210,211,212,215,216,218,220,222,224,228,233,234,235,242,244,246,247,248,249,255
132,257,266,267,268,279,261,265,273,136,142,143,149,150,281,153,157,159,160,162,163,165,170,173,175,176,179,181,183,184,186,188,190,191,194,196,197,198,199,201,202,203,206,208,209,210,211,212,215,218,219,263,225,227,231,232,235,236,239,240,241,244,246,248,250,253,264
133,256,258,260,264,265,268,269,274,279,261,275,278,138,140,143,144,146,151,158,159,160,164,165,166,167,168,170,172,173,174,179,182,184,186,187,189,194,198,201,203,204,205,206,209,210,214,220,222,223,224,227,230,234,236,239,241,242,243,244,246,249,250,255
134,270,273,259,276,260,274,262,264,266,267,275,137,138,143,150,152,153,154,155,157,160,161,162,164,166,168,170,171,172,173,175,180,182,183,184,185,188,190,191,192,193,198,199,201,202,203,207,271,209,211,214,215,217,220,223,224,227,229,231,234,235,236,237,240,243,244,247,249
135,256,258,261,262,263,264,273,267,276,260,138,279,142,144,145,146,150,153,156,159,161,163,166,168,170,172,174,175,179,180,181,186,187,189,190,192,193,195,197,198,200,204,206,210,211,214,215,217,221,224,226,227,228,229,231,233,234,235,240,246,253,254
136,258,260,263,271,272,274,279,280,281,265,262,264,275,268,259,139,144,145,146,147,148,149,151,152,154,155,156,158,159,160,165,170,175,178,181,182,183,184,186,187,192,195,196,197,198,199,200,209,214,215,218,220,221,222,269,231,236,240,242,243,244,245,246,247,249,253,255
137,260,261,264,269,256,275,276,278,281,270,274,138,139,142,143,144,148,152,154,157,159,160,162,164,165,169,170,171,173,175,176,177,179,180,181,184,267,279,193,196,197,198,199,202,203,205,207,209,211,213,215,216,217,219,222,223,225,227,228,231,232,234,235,237,238,241,242,244,246,247,248,252,253
138,256,257,266,270,277,278,280,282,263,273,274,141,143,147,150,151,152,157,158,159,162,166,168,170,173,175,177,181,182,183,184,185,189,194,195,197,198,199,202,206,207,211,213,214,215,216,219,221,227,229,232,234,236,237,239,244,245,246,276,255
139,256,258,261,267,271,277,265,263,257,264,275,279,141,148,151,154,155,160,162,163,165,169,170,174,176,177,178,181,192,194,195,197,199,200,201,202,203,205,210,212,214,218,221,222,223,225,229,231,232,234,236,237,239,241,245,246,249,253
140,268,274,280,261,263,278,276,279,143,144,145,147,269,149,150,151,154,155,156,158,160,161,162,163,164,165,169,170,171,172,179,182,183,187,188,189,195,196,197,198,200,204,205,207,208,212,216,217,219,223,228,232,233,235,236,238,239,242,245,264,249,254
141,256,262,263,273,274,275,282,265,267,258,269,277,144,280,146,147,148,149,153,157,158,160,165,166,167,169,171,172,173,176,178,181,182,183,184,185,186,189,190,191,193,198,201,203,204,206,207,215,218,219,220,221,222,223,224,225,229,230,231,234,235,236,238,240,242,244,246,252,253
142,256,258,257,266,267,268,277,280,281,265,264,275,279,148,151,154,155,156,161,164,165,167,171,173,176,183,185,192,197,198,203,204,206,211,212,217,221,222,230,235,238,241,245,247,251,253,254
143,259,260,256,278,279,262,263,257,266,271,274,275,276,269,270,144,145,147,148,151,152,153,158,160,161,162,165,166,167,171,175,177,178,181,182,183,184,188,189,191,193,194,197,199,202,203,204,205,206,217,218,219,222,223,224,227,229,230,232,234,235,238,239,244,245,247,248,249,251,252,255
144,256,261,263,275,276,277,281,278,267,274,145,146,149,150,151,152,282,159,162,163,164,165,166,168,170,174,175,177,179,180,182,191,192,193,197,198,199,200,202,204,205,208,209,210,213,214,215,217,218,221,226,229,233,234,235,236,237,238,240,243,246,247,248,264,255
145,260,265,258,277,282,261,279,280,147,150,151,154,156,160,162,163,165,167,169,171,172,173,180,182,184,185,186,187,189,192,198,200,201,203,204,205,213,215,216,219,221,227,228,229,231,234,236,281,238,240,241,248,250,252
146,260,262,265,266,276,277,281,274,275,279,149,152,153,154,155,157,158,160,161,165,169,170,171,173,177,178,179,181,182,185,188,189,190,192,194,195,196,199,201,202,203,206,209,212,213,215,219,220,221,226,230,231,233,235,236,238,239,243,246,248,249,250,251,252,254
147,257,258,261,267,268,274,259,276,280,282,275,273,149,151,153,156,157,161,167,169,170,173,174,175,176,270,180,181,183,189,192,193,194,195,201,203,204,208,209,210,211,216,217,218,220,221,222,223,224,227,228,230,231,232,234,237,239,240,242,244,245,246,249,250,251,252
148,256,258,269,270,259,279,280,260,262,277,278,151,158,160,162,163,164,165,166,168,170,172,174,176,179,181,182,186,190,192,194,195,198,199,204,205,206,207,208,211,215,219,220,221,226,231,232,234,235,237,238,239,242,243,244,246
149,257,258,260,264,270,273,277,278,274,275,155,156,282,158,159,163,167,168,169,175,184,187,191,262,198,201,202,204,206,271,211,216,217,218,219,220,221,222,225,226,227,229,232,234,235,237,241,242,244,245,246,247,250,254
150,258,259,262,257,264,266,256,271,275,276,263,267,268,273,274,151,152,153,154,155,156,160,163,166,167,170,175,176,270,179,180,181,183,184,187,193,195,196,197,204,206,211,212,215,219,221,224,226,228,229,230,235,239,240,242,246,250,252,253
151,256,260,261,267,268,272,274,275,277,279,257,152,155,157,160,163,165,166,168,169,170,171,173,176,182,183,184,188,189,190,191,192,193,195,198,200,201,204,207,271,211,213,214,220,221,227,228,232,236,239,242,245,248,249,250,253
152,258,270,272,279,280,262,264,273,267,282,157,163,261,165,166,167,169,172,173,174,176,177,178,182,183,186,187,188,191,197,198,199,201,205,206,210,211,215,216,219,220,221,222,225,226,230,232,233,235,238,239,243,245,250,251,252,253,254
153,257,269,282,268,276,154,155,161,163,166,167,168,172,175,178,184,186,192,193,262,196,198,200,202,210,211,212,213,217,218,224,226,227,228,234,236,239,240,241,244,246,247,248,251
154,256,257,267,271,272,259,277,281,156,282,160,162,163,164,167,168,169,172,176,181,184,185,188,189,190,191,192,193,198,200,202,204,205,207,208,209,210,214,217,220,226,228,229,232,239,240,243,245,249,250,251,253,254,255
155,258,260,266,269,275,278,281,263,272,274,276,158,160,162,164,165,166,168,174,176,185,187,188,189,191,192,194,195,198,199,200,201,202,203,205,207,210,213,216,217,220,221,222,223,224,225,237,240,241,246,248,251,255
156,257,261,268,270,276,280,260,160,161,163,164,168,172,175,178,179,182,188,191,192,193,198,199,200,201,203,204,205,206,207,210,211,215,223,224,225,228,229,231,233,234,235,245,246,247,251,252,255
157,262,269,280,261,263,266,267,272,277,279,158,160,165,167,168,171,172,175,176,179,181,182,186,187,188,191,192,199,201,204,207,210,213,215,216,257,228,229,230,231,232,236,240,241,242,243
158,261,262,263,264,267,273,277,279,280,266,268,271,272,274,269,260,282,160,162,164,166,171,176,182,183,190,192,197,201,205,209,210,211,212,221,222,226,227,229,230,235,237,238,239,240,241,242,245,246,248,249,251,255
159,266,258,259,277,278,262,257,267,275,282,163,174,176,178,179,181,182,186,187,188,191,192,194,196,197,200,203,207,271,209,210,214,215,216,217,219,222,226,228,229,235,272,244,245,264,248,250,252,253,254
160,261,262,266,267,270,274,279,281,273,265,275,268,271,269,259,282,161,162,168,177,185,187,189,190,193,197,200,203,208,209,213,214,215,216,217,218,219,257,223,263,225,227,229,230,235,239,240,243,244,250,251,253,255
161,257,263,267,273,259,262,282,163,166,172,176,177,179,182,184,186,189,192,194,195,198,199,203,209,210,213,214,217,218,223,224,227,228,229,233,235,237,238,243,244,246,248,250,251,254
162,258,263,272,277,278,280,282,265,259,275,260,163,164,166,167,168,169,171,173,176,180,181,183,187,191,200,202,204,207,209,213,215,217,223,227,228,232,234,235,238,239,242,243,245,246,251,252,254
163,256,271,277,278,279,272,167,169,170,172,174,177,178,184,188,189,190,194,195,197,199,203,204,208,209,210,211,214,218,226,230,233,281,241,242,243,244,248,250,251,252,253,254,255
164,259,265,266,270,273,274,260,263,275,281,170,175,177,179,180,182,183,184,185,188,190,191,193,262,198,202,205,206,209,218,219,220,222,225,227,231,241,244,249,250,252
165,256,259,273,275,279,260,282,261,268,270,271,166,169,170,171,173,175,178,186,187,189,192,193,194,195,200,202,265,208,210,211,213,217,218,219,220,223,225,227,228,229,232,233,236,239,240,243,247,248,249,250,281,253,255
166,260,264,268,270,272,275,277,278,282,265,276,279,280,261,168,169,171,172,173,176,180,182,184,188,191,192,193,196,198,203,209,210,211,216,217,218,219,220,221,226,235,236,239,240,244,246,248,250,252,254,255
167,257,258,261,266,269,271,272,274,281,275,168,169,170,172,174,179,180,181,183,185,186,188,190,262,196,198,199,203,204,206,211,213,215,216,217,219,221,222,226,227,229,231,232,237,238,240,241,243,247,251,254,255
168,258,261,262,270,271,274,280,282,265,266,275,173,176,178,183,187,188,192,194,195,197,198,200,201,203,209,211,213,214,218,219,257,224,226,230,231,234,238,241,243,245,248,249,253
169,258,271,272,273,277,279,270,278,170,172,174,177,178,181,182,188,190,197,198,200,201,202,207,208,212,213,218,219,220,227,235,236,241,242,247,248,249,251,252,255
170,256,258,259,257,265,268,269,276,280,281,262,274,271,275,277,174,175,188,190,192,195,196,197,198,200,202,205,208,210,211,212,215,221,222,225,231,235,236,272,240,242,243,246,248,250,251
171,256,260,264,258,271,259,276,280,257,265,268,272,275,269,261,176,177,180,181,182,186,187,189,190,195,196,198,202,208,209,213,214,216,218,219,221,228,236,240,243,245,246,249,250,253,255
172,262,263,265,268,272,275,277,173,176,178,180,181,183,186,187,190,191,195,196,197,198,199,200,207,208,209,213,215,218,220,221,222,228,231,234,235,237,238,240,244,249,251,253,254,255
173,259,257,256,272,278,262,263,265,266,267,279,282,174,175,177,181,182,187,189,190,192,193,195,196,199,201,202,204,205,206,207,208,209,212,215,216,218,221,223,226,231,234,235,236,240,242,243,247,249,264,255
174,259,262,270,275,278,279,265,266,273,268,276,281,175,179,184,187,190,191,192,197,198,199,201,203,204,205,206,208,212,213,216,217,221,223,227,229,230,235,237,238,239,243,244,246,247
175,261,258,270,271,274,276,279,281,282,262,267,273,275,278,180,182,185,187,188,200,202,203,204,207,208,209,210,215,216,221,222,223,263,226,227,229,230,231,232,233,234,236,237,238,242,243,245,246,247,249,250,253
176,258,257,264,274,263,271,282,179,180,181,267,190,192,193,265,195,198,200,205,208,210,211,216,219,223,225,226,230,233,234,238,239,244,245,246,247,249,251,252,255
177,257,261,266,258,271,273,259,279,263,269,275,260,178,180,181,185,186,189,193,194,195,201,203,204,205,206,208,210,211,213,216,220,221,226,230,231,232,234,236,239,240,243,244,245,248,250,251,254,255
178,264,265,268,269,272,274,259,277,279,267,282,270,180,181,182,185,186,187,188,193,195,196,199,200,204,206,207,208,209,212,214,221,223,224,232,233,234,235,236,244,245,248,251
179,256,258,261,264,265,272,274,275,263,270,181,182,188,189,191,192,193,194,195,196,199,200,202,203,206,207,213,215,216,218,219,222,227,229,234,239,240,241,243,244,245,246,250,253
180,259,262,267,279,280,274,263,278,182,184,186,190,192,193,201,203,204,209,210,211,213,215,220,221,223,224,225,226,230,231,233,235,237,238,241,242,244,246,250,255
181,256,259,261,263,264,265,267,268,271,272,280,260,277,186,187,188,189,191,192,194,199,200,201,202,204,206,209,211,214,215,216,240,243,245,247,248,254
182,264,265,266,267,256,272,282,271,277,281,185,188,190,195,196,204,205,206,207,210,211,213,214,217,218,220,221,222,223,224,225,269,232,233,234,237,240,250,252
183,256,260,262,268,269,271,272,273,274,275,281,266,280,189,192,194,197,198,199,201,209,210,217,218,219,220,225,226,230,232,233,234,237,238,239,243,244,247,248,250,253
184,257,259,272,276,279,282,265,266,267,274,270,185,190,194,196,199,203,207,210,211,224,225,227,230,232,234,235,237,238,239,240,241,242,245,247,249,251,252,253,254,255
185,260,269,274,275,282,268,271,273,278,186,189,190,193,195,199,201,203,204,205,209,210,211,212,223,226,227,228,229,233,237,239,240,241,242,246,247,248,249,251,254
186,258,259,257,265,266,273,278,279,261,263,281,187,188,191,192,193,194,195,197,199,201,202,203,204,205,206,207,208,214,215,216,217,218,220,221,223,224,225,227,229,232,233,234,236,237,238,240,241,242,245,250,251,253,255
187,260,268,271,273,274,281,265,262,272,275,190,192,194,196,200,202,203,206,207,208,209,212,214,215,216,217,219,225,226,227,228,229,234,237,239,240,244,246,247,249,250,251
188,257,263,267,268,270,273,274,278,281,282,264,276,265,280,191,193,194,196,197,206,210,212,213,214,215,216,217,220,221,222,223,224,227,231,232,233,234,235,236,238,242,246,247,250,251,254
189,257,258,260,264,265,269,271,276,281,277,267,278,270,191,193,196,200,201,202,203,204,206,208,209,210,211,212,216,217,219,223,225,226,230,232,233,235,241,242,243,245,248,249,252,255
190,258,262,264,265,268,269,270,272,274,279,282,191,192,194,196,198,199,200,201,202,210,213,214,215,217,220,222,225,226,227,228,231,235,239,240,245,251
191,256,259,260,261,257,265,268,270,275,276,277,278,266,258,271,272,280,192,195,196,200,201,202,203,207,209,210,212,216,218,224,226,228,231,233,234,237,240,241,242,244,247,255
192,262,265,258,256,274,276,277,281,270,279,196,201,203,204,205,206,208,210,212,213,214,215,216,220,221,222,223,224,235,236,237,239,242,245,246,247,253
193,256,258,259,261,265,266,269,273,275,277,278,264,270,268,279,194,196,199,202,204,205,206,207,210,216,217,220,221,222,223,232,235,238,239,241,247,248,249,252,253
194,256,261,266,268,269,275,260,262,257,274,281,272,196,197,198,200,201,204,205,207,210,211,215,217,219,220,222,224,227,230,232,238,239,241,243,245,248,250,252,254
195,256,259,260,264,272,271,274,276,277,278,279,265,266,269,263,273,267,198,199,200,201,202,203,206,208,211,213,217,219,221,223,224,226,227,234,236,238,246,248,249,251,281,253
196,258,260,263,266,275,280,261,265,267,269,274,277,197,198,201,262,204,206,207,210,212,213,214,215,218,220,222,224,229,233,238,241,242,244,245,254
197,257,261,263,260,282,266,271,275,277,199,200,204,206,207,208,209,211,212,217,218,221,224,228,229,232,234,235,241,242,244,246,247,248,250,251,253,255
198,256,264,260,265,274,269,275,276,277,278,203,205,207,209,210,211,280,223,224,228,229,231,233,234,237,238,242,252,253,255
199,256,260,263,268,269,272,274,262,273,276,280,277,281,279,200,201,203,205,206,208,209,210,211,212,213,214,215,217,220,222,223,228,229,230,231,232,233,235,236,238,239,242,244,245,248,250,251
200,256,258,259,261,262,257,264,279,282,263,266,274,277,265,206,213,218,219,220,280,224,227,228,229,230,231,234,235,237,239,240,241,243,244,245,246,249,251,252,253,255
201,257,264,266,269,272,273,281,278,279,202,265,208,210,213,214,217,220,222,225,226,227,228,231,232,235,237,238,239,242,244,245,255
202,256,272,274,273,266,258,270,269,267,203,204,206,207,208,209,211,212,213,217,218,219,222,223,225,227,228,232,234,236,276,243,246,247,248,251,252,254,255
203,256,258,260,263,264,267,269,271,279,280,281,282,262,266,270,272,276,206,208,209,211,216,217,218,222,224,225,226,228,229,231,237,241,247,252
204,271,275,276,280,258,279,207,208,209,212,218,219,222,224,227,228,231,234,235,237,238,240,242,243,245,246
205,263,264,266,274,278,279,272,276,270,207,210,213,215,216,221,225,227,230,231,232,233,234,235,238,241,243,245,247,250,251
206,256,258,265,271,275,281,274,267,268,273,207,208,209,211,212,213,215,219,222,224,225,232,233,236,237,238,239,240,242,245,246,247,248,252,264
207,256,258,261,262,264,271,274,259,260,273,266,269,279,209,213,216,217,220,223,226,232,234,236,237,240,247,248,281,253,255
208,260,264,265,258,270,259,276,281,262,268,278,280,209,211,212,214,217,219,224,226,227,228,230,231,233,234,235,236,272,241,250,251,252,253
209,256,260,257,266,267,268,273,276,277,281,282,263,269,270,213,222,223,229,232,233,235,236,237,239,240,242,244,246,264,250,251,253,254
210,261,266,272,275,282,265,268,260,281,212,213,214,215,222,225,230,232,235,237,238,239,240,243,247,249,250,252,254
211,257,260,262,264,269,278,261,263,272,268,270,273,274,266,265,212,215,216,217,219,221,223,226,229,231,234,238,239,243,248,249,251,253,254,255
212,257,264,258,274,277,280,282,275,278,279,215,218,220,222,223,226,227,235,237,239,244,252,253,254,255
213,258,259,260,268,275,278,271,272,277,282,216,218,219,280,223,227,228,230,231,233,237,241,242,246,248,252,254
214,259,268,269,278,279,281,282,265,261,263,266,276,280,216,218,220,257,223,230,231,237,241,242,248,249,254
215,256,260,264,275,278,279,262,257,269,267,271,273,268,276,263,277,216,221,280,223,224,225,226,228,229,230,233,234,236,240,243,244,247,254,255
216,272,274,277,217,223,224,230,231,234,236,242,246,247,249,250,252,254
217,256,258,257,265,266,267,273,274,279,280,260,268,270,278,269,281,218,219,223,225,227,230,231,233,234,237,240,241,243,247,262,252,253,254,255
218,257,263,265,266,267,270,271,276,272,274,258,219,220,231,233,234,236,239,240,242,251,253
219,263,266,267,271,280,262,278,221,222,224,230,231,237,238,244,248,249,250,252,254
220,265,268,256,259,276,281,263,273,266,275,282,271,257,224,269,230,237,238,240,243,245,246,249,251,254
221,256,258,261,263,266,267,268,280,281,223,226,229,232,233,235,239,240,242,243,245,246,255
222,257,263,258,270,272,276,277,282,261,265,266,275,271,274,267,279,223,226,227,229,233,235,236,243,244,248,249,251,255
223,260,261,257,258,272,274,277,278,280,282,262,264,273,268,269,265,224,225,227,231,235,237,238,242,243,244,248,251,253,255
224,259,261,271,272,277,260,282,264,270,281,265,227,231,232,239,241,242,244,262,249,250,251,252,253
225,256,262,268,272,273,278,269,270,274,276,263,227,232,233,234,237,239,240,241,242,246,247,249,251,252,253,254,255
226,265,274,275,279,261,264,271,270,229,232,236,237,243,246,253
227,258,260,264,273,278,257,275,268,272,230,233,235,236,238,242,245,246,247,249,252,254
228,257,260,270,277,279,281,263,259,269,271,282,272,262,264,229,231,232,233,235,238,240,242,247,248,250,254,255
229,258,261,281,269,282,231,232,238,242,244,245,247,248,250,251,254,255
230,258,261,263,264,265,266,268,269,272,275,279,280,256,270,282,231,239,240,243,244,245,247,248,249,251,252,254
231,262,263,264,258,259,267,274,281,232,234,238,240,241,245,246,247,249,250,252,254
232,258,262,264,265,267,256,274,268,277,280,279,263,235,236,237,238,239,240,243,244,246,248,250,255
233,260,282,269,267,274,275,278,279,280,235,237,239,240,241,243,250,254,255
234,257,264,265,269,272,274,278,282,259,275,276,277,281,262,236,237,238,240,241,242,243,248,255
235,257,261,264,266,268,270,272,278,260,282,262,276,281,237,239,240,241,243,247,248,249,250,273
236,256,262,257,268,274,276,278,279,263,239,240,243,244,245,249,250,251,252
237,264,265,266,276,278,279,281,273,272,269,240,241,242,244,245,246,251,253,254,255
238,257,258,263,267,269,277,278,265,260,279,281,282,240,241,243,244,245,247,250,251,253
239,256,260,261,262,263,265,266,267,270,264,273,268,259,276,240,244,248,252,253,255
240,257,262,264,266,267,268,279,260,265,273,269,275,282,280,241,242,243,245,246,247,249,251,254
241,256,257,260,263,277,280,261,273,259,282,242,248,249,250,251,252,254,276
242,262,268,258,271,275,276,280,281,274,267,277,266,244,247,250,251
243,258,263,272,280,260,266,268,281,261,269,245,249,273,252,253,254,255
244,256,257,264,272,275,276,278,281,265,245,246,247,250,251,252,253
245,256,263,267,268,269,270,272,259,278,281,262,265,261,279,247,248,250,254
246,258,264,265,268,269,256,272,274,276,278,279,260,267,270,280,281,263,248,251,252
247,256,259,266,270,272,274,276,278,263,257,273,275,258,279,265,281,282,271,250,252,255
248,256,264,265,271,272,262,270,267,281,252,254,255
249,262,263,273,267,282,259,268,270,271,275,278,279,250
250,258,260,263,270,272,280,271,276,273,269,252
251,260,261,266,276,280,282,267,264,252,254
252,256,268,271,276,280,281,257,270,278,279,253,254,255
253,256,276,280,273,268,277,282,264
254,256,269,270,273,274,276,279,280,265,261,268,281
255,256,259,260,261,275,277,263,268,270,276,279,281,282
256,259,267,258,272,273,277,280,282,268,279
257,264,270,272,275,281,261,274,262,267,273,269
258,263,266,269,279,280,278,273,274,281
259,260,266,268,272,276,278,279,282,261,262,265,267,273,281
260,264,266,271,272,274,275,279,282,278,268,276
261,264,268,271,272,277,281,263,275,276,279
262,263,264,266,269,272,274,267,273
263,270,271,272,278,280,274,275,282,277,281,279
264,267,271,277,278,279,265
265,266,269,270,274,276,271,267,281,280
266,268,281,282,270,274,278,280
267,269,277,279,280,276,278
268,272,273,278,279,270,271,274,275,282,281
269,273,282
270,275,277,282,274,271,279,272
271,273,278,280,272,276,277,282
272,275,276,279,282,278
273,275,276,278,281
274,280,281,279,282
275,278,279,280
276,277,278
277,280
278,281
279,280,282
280
281
282
