n_nodes:241
n_edges:23670
density:0.81846
0,1,2,3,4,5,6,7,8,9,10,11,12,13,14,15,16,18,19,20,21,22,23,25,26,27,28,29,30,31,32,33,35,36,38,39,40,41,43,44,45,46,47,48,50,51,54,55,56,57,58,59,60,61,62,63,64,65,66,67,68,69,70,71,72,74,76,77,78,79,80,81,82,83,84,85,86,87,89,90,92,94,95,96,97,98,100,101,102,103,105,106,107,108,110,111,113,114,115,116,118,121,122,123,124,125,126,127,128,129,134,135,136,137,138,140,141,142,144,145,146,147,148,149,150,151,152,153,154,155,156,157,158,159,160,161,162,164,165,166,167,168,169,170,173,174,176,178,179,181,182,183,184,185,189,190,191,192,193,194,195,196,197,199,200,204,206,207,208,211,212,213,214,215,217,219,220,221,222,223,224,225,226,227,228,229,230,232,233,234,235,236,238,240
1,2,3,5,6,7,8,9,10,11,12,13,14,15,18,19,20,21,22,23,24,25,26,27,28,29,30,31,32,33,36,37,38,39,40,43,44,45,47,48,49,50,51,52,53,55,56,57,58,59,61,62,64,65,66,67,68,69,70,71,72,73,74,75,77,78,79,81,82,84,85,86,87,88,90,91,92,93,95,96,97,99,100,102,103,104,105,106,107,108,109,111,112,113,114,115,116,117,118,120,121,122,123,124,125,126,127,128,129,130,131,132,133,135,136,137,138,140,141,142,143,144,145,147,148,149,150,151,152,153,155,156,157,158,159,160,161,162,163,164,165,166,167,168,169,170,171,172,173,174,175,176,177,179,180,181,182,183,184,185,186,187,188,189,190,191,192,193,194,196,197,198,199,202,203,205,206,208,209,210,211,212,213,214,215,216,217,218,219,220,221,223,224,225,227,228,230,231,232,233,234,235,236,237,238,239,240
2,3,5,6,7,10,11,13,14,15,16,17,18,19,20,21,23,24,25,26,27,28,29,30,31,32,33,34,35,36,37,38,40,41,42,43,44,45,46,47,48,49,50,51,52,53,54,55,56,57,58,59,60,61,62,63,64,66,67,68,69,70,71,72,73,74,75,76,77,78,79,80,82,83,84,85,86,87,88,89,90,91,92,93,94,95,96,97,98,99,100,101,102,103,104,105,107,108,109,110,111,112,113,114,116,118,119,120,123,124,125,126,127,128,129,130,132,133,134,135,136,137,138,139,140,141,142,143,145,146,147,149,150,151,153,155,157,158,159,160,161,162,163,164,165,167,168,169,170,171,172,173,174,175,176,177,178,179,180,181,182,183,184,185,186,188,189,190,191,192,193,194,195,196,197,199,200,201,204,205,206,207,208,209,210,211,212,214,215,216,217,218,219,220,221,222,223,224,225,226,227,228,229,230,231,232,235,236,237,238,239,240
3,4,5,6,7,8,9,10,11,12,13,14,17,18,20,21,22,23,24,27,29,31,32,33,34,35,36,37,38,39,40,41,43,44,46,48,49,51,52,53,54,55,56,57,58,60,61,62,63,64,65,66,67,69,70,71,72,73,74,76,77,78,79,80,81,82,83,84,85,86,87,88,89,90,91,92,94,95,96,97,98,99,100,101,102,103,104,105,107,108,109,110,111,112,114,115,116,117,120,121,122,123,124,126,127,128,129,130,131,132,134,136,137,138,139,140,141,142,143,145,146,147,148,149,150,151,152,153,154,156,157,158,161,162,163,164,165,166,167,168,169,170,172,173,174,175,176,177,178,179,181,182,184,185,186,187,188,189,190,191,192,193,194,195,196,197,199,200,201,202,203,205,206,208,209,210,211,213,214,216,217,218,220,221,222,223,224,225,226,227,228,229,230,231,232,233,235,236,237,238,240
4,5,7,8,9,10,11,12,14,15,16,17,18,20,21,22,24,25,26,27,28,29,30,31,32,33,34,35,36,37,38,39,40,41,42,43,44,45,46,48,49,50,52,53,54,56,57,58,59,60,61,63,65,66,67,68,71,72,73,74,76,77,78,79,80,81,82,83,86,87,89,90,91,92,93,95,97,98,99,100,101,102,103,104,106,107,108,109,111,112,115,116,117,119,120,122,123,125,126,127,128,129,130,131,132,133,134,135,136,137,138,139,140,141,142,143,144,145,146,147,148,151,152,153,155,156,157,158,159,160,161,162,163,164,165,166,167,168,171,172,173,174,176,178,180,181,182,183,184,185,186,187,188,189,191,192,193,194,196,197,198,199,200,201,203,204,205,206,207,209,210,211,212,213,214,215,217,218,219,220,222,223,224,225,226,227,228,229,230,231,234,235,237,238,239,240
5,7,8,9,10,12,13,14,15,16,18,19,20,21,22,23,24,26,28,29,30,31,33,34,35,36,37,38,39,40,41,43,46,47,48,49,51,52,53,55,56,57,58,59,62,63,64,65,66,67,68,69,70,71,72,73,75,76,77,78,79,80,81,82,83,84,85,86,87,88,89,90,91,92,93,94,95,96,97,98,99,100,101,102,103,104,106,107,108,109,110,111,112,113,114,116,121,123,124,126,128,129,130,131,132,133,134,136,137,139,141,142,143,144,145,146,148,149,150,151,152,153,154,156,159,161,162,163,164,166,167,168,170,171,172,173,174,175,176,177,178,179,180,181,182,183,184,186,187,188,189,190,191,192,193,194,195,196,197,198,199,200,201,202,203,204,205,206,207,208,210,211,212,213,214,215,216,217,218,219,220,222,223,225,226,227,228,229,230,231,232,233,234,235,236,237,240
6,7,8,9,11,12,14,17,18,19,20,22,23,24,25,27,28,29,30,31,33,34,35,37,38,40,41,42,43,44,45,46,47,48,49,50,51,52,53,54,55,56,57,59,60,61,65,67,68,70,72,73,74,75,76,78,79,80,81,82,83,84,85,87,88,89,90,92,94,95,96,97,98,100,101,102,103,104,105,107,109,110,111,112,113,114,115,116,118,119,120,121,122,124,125,126,127,129,130,131,132,136,137,138,139,140,141,142,146,148,149,150,151,152,153,154,155,156,158,159,160,161,162,164,165,166,167,171,172,174,175,176,177,178,179,180,181,182,183,184,185,186,187,188,190,191,192,193,194,195,196,197,199,201,202,204,205,206,207,208,209,210,211,212,213,216,218,219,220,221,222,223,224,226,227,228,230,231,232,233,235,237,238,239
7,8,9,10,11,12,13,14,15,16,17,18,19,21,22,23,24,25,26,27,28,29,30,31,32,33,34,35,36,38,39,42,43,44,45,46,47,50,51,52,53,54,55,56,57,59,60,61,62,63,64,65,66,67,68,69,70,71,72,73,74,76,77,78,79,80,81,83,86,87,89,90,91,92,94,95,96,97,98,99,102,104,105,106,107,108,109,111,112,113,115,116,117,118,119,120,121,122,124,126,127,128,129,130,131,132,133,134,136,139,143,144,146,147,148,149,150,151,152,153,154,155,157,158,159,161,162,163,164,165,166,167,168,169,170,171,172,173,174,175,176,177,178,179,180,181,182,183,184,185,186,187,188,190,192,193,194,195,196,197,198,199,201,202,204,206,207,208,209,210,211,212,213,214,215,216,217,218,219,220,221,222,223,225,226,227,228,229,231,232,234,235,236,237,238,239,240
8,9,10,11,12,13,14,15,16,17,18,19,21,22,24,25,26,27,32,33,34,35,36,38,39,40,41,43,44,45,46,47,48,50,51,52,53,54,55,56,57,58,59,60,61,62,63,64,65,66,68,70,71,74,76,77,79,80,81,82,83,84,85,87,88,89,90,93,94,95,96,97,98,99,100,101,102,103,104,105,106,108,109,110,111,112,113,114,115,116,118,119,120,121,122,123,124,125,126,128,129,130,131,132,133,134,135,136,137,138,139,140,141,142,143,144,147,148,149,151,152,153,155,156,157,158,159,160,164,166,167,168,169,170,172,173,175,176,177,178,179,180,181,182,183,184,185,186,187,188,189,190,192,193,194,195,198,199,200,201,202,203,204,205,206,207,208,209,210,211,213,214,216,217,219,221,222,223,224,225,226,230,231,232,233,235,236,237,239,240
9,10,11,13,16,18,19,21,22,23,24,25,26,27,28,29,30,33,34,35,36,37,38,39,40,42,43,44,45,46,47,48,49,50,51,52,54,56,57,59,60,61,62,63,65,66,67,68,69,72,73,74,75,77,79,80,81,82,83,84,85,86,87,88,90,93,94,95,96,97,98,99,101,102,104,105,106,107,108,109,110,111,112,113,114,115,116,117,118,119,120,121,122,123,124,126,127,128,129,130,131,132,133,134,135,136,137,138,140,141,142,143,144,145,146,147,148,149,150,151,152,153,155,156,157,158,161,162,164,165,168,169,170,171,172,173,174,175,176,178,179,180,181,183,184,185,186,187,189,193,194,195,196,197,198,200,201,202,203,204,205,206,207,208,210,211,212,213,214,215,217,218,219,220,221,223,225,227,228,230,231,233,234,235,236,237,238
10,11,12,13,14,15,16,17,18,20,21,23,24,25,26,27,29,31,32,35,37,38,39,40,43,44,45,46,47,48,52,53,56,57,58,59,60,61,62,63,64,65,66,68,69,70,71,73,75,77,78,79,80,81,82,83,84,85,87,89,90,91,92,93,94,95,96,97,98,99,100,101,102,103,104,105,106,107,108,109,110,111,112,113,115,116,117,119,120,121,122,124,126,127,130,131,132,133,134,136,137,138,139,140,141,142,143,144,145,146,147,148,149,151,152,153,154,155,156,157,158,159,160,161,162,163,166,168,169,170,172,173,175,176,177,178,179,180,181,183,184,185,186,187,188,189,190,191,193,194,195,196,197,198,199,200,201,202,203,204,206,207,208,209,210,211,212,213,214,215,217,218,219,220,221,222,223,226,227,228,229,230,231,232,233,234,235,237,238,239,240
11,12,15,17,18,19,20,21,22,23,24,25,26,27,28,29,30,31,33,34,35,36,37,38,39,40,41,42,43,45,46,47,48,50,51,53,54,57,58,59,60,61,62,63,64,65,66,67,68,69,71,72,73,74,75,76,78,79,80,81,83,84,86,87,89,90,91,94,95,96,97,98,99,100,101,103,104,106,107,108,109,110,112,113,114,116,117,118,119,120,121,122,123,126,127,129,130,131,132,133,134,135,136,137,138,140,141,142,143,144,145,146,147,148,149,150,151,153,154,155,157,158,159,160,162,163,164,165,166,167,169,170,171,173,174,175,176,177,179,180,181,182,183,184,185,186,187,188,193,194,195,196,197,198,200,201,204,206,207,208,210,211,213,214,215,216,218,219,220,221,222,223,224,225,226,228,229,230,231,232,233,234,235,237,238,239,240
12,13,14,15,16,17,18,19,20,21,23,24,25,26,29,30,31,32,33,34,35,36,37,38,39,40,41,42,43,44,45,47,48,49,51,52,53,54,55,56,57,58,60,61,62,63,64,66,67,69,70,71,72,73,74,75,76,77,78,79,81,82,83,84,85,86,87,89,91,92,93,95,98,99,101,102,103,105,107,109,110,111,112,113,114,115,116,118,120,121,122,124,125,126,128,129,133,134,135,136,137,138,139,140,141,143,144,145,146,147,148,149,151,152,153,155,156,157,158,159,160,161,162,163,167,168,169,170,172,174,175,176,177,178,179,180,181,182,183,185,186,187,188,190,192,194,195,196,197,198,199,200,201,202,204,205,206,207,208,209,210,212,214,216,217,219,220,221,222,223,224,225,226,227,228,229,231,232,234,235,237,238,239,240
13,14,15,16,17,18,19,20,21,22,23,27,28,29,30,32,33,34,35,36,37,38,39,40,41,42,43,44,45,46,47,48,49,50,51,53,55,56,57,58,60,61,63,66,67,68,70,71,72,75,78,79,80,81,83,84,85,86,88,89,92,93,94,95,96,97,99,100,101,102,104,105,106,108,109,110,111,113,114,115,117,118,119,120,121,122,123,124,125,126,127,128,129,131,134,135,136,138,139,140,142,143,145,147,149,150,151,152,154,155,156,157,158,160,162,163,164,165,167,170,171,172,173,174,175,176,177,178,179,181,182,183,184,185,187,188,189,190,192,193,194,195,197,198,199,201,202,203,204,205,206,207,208,209,210,211,212,213,214,215,216,217,218,219,220,221,222,223,224,227,229,231,233,234,236,238,239,240
14,15,16,18,19,21,24,25,26,28,29,30,31,32,33,34,36,37,38,39,41,43,44,45,46,47,49,50,51,52,53,54,55,57,58,59,60,61,62,63,64,65,67,68,69,70,71,72,75,76,77,78,79,81,83,84,85,86,87,88,89,90,91,92,93,94,95,97,98,99,100,101,102,103,105,108,109,110,114,115,116,117,118,119,120,121,122,123,124,125,126,127,128,129,130,131,132,133,134,135,136,137,138,140,142,143,144,145,146,148,149,150,151,153,154,155,156,157,158,159,160,161,163,164,166,167,168,171,172,175,177,178,179,180,182,183,184,185,186,188,189,190,191,193,197,198,199,200,201,202,203,205,206,208,209,210,212,213,214,217,219,220,221,222,223,224,225,226,227,228,229,230,231,232,234,235,236,237,238,239,240
15,17,19,20,21,23,25,26,27,28,29,30,31,32,33,34,35,36,38,39,40,42,43,45,46,47,48,49,50,51,52,53,54,55,56,58,59,60,61,62,63,64,65,66,67,68,69,70,71,72,73,74,75,77,78,79,80,81,84,85,86,87,88,89,91,93,94,95,96,99,100,101,102,103,106,107,108,109,110,111,112,113,114,115,116,117,118,119,120,121,122,123,125,127,128,129,130,131,132,133,134,135,137,138,140,141,142,143,144,145,146,147,148,149,150,151,152,153,155,156,157,158,159,160,163,164,165,167,168,170,171,172,173,174,175,176,177,179,180,181,183,184,185,186,187,189,190,193,194,195,196,198,199,200,201,203,204,205,206,207,208,210,211,212,214,215,216,217,218,219,220,221,222,223,224,225,226,227,228,229,230,233,234,235,236,237,238,239,240
16,17,18,19,23,25,26,29,30,31,32,33,35,36,37,39,40,42,43,44,45,46,48,49,50,52,53,54,55,56,57,58,59,60,62,63,64,65,66,67,69,70,71,72,73,74,75,76,77,78,79,80,82,83,84,85,86,89,90,91,92,93,94,95,96,97,98,99,101,102,103,104,105,106,110,112,113,114,117,118,119,120,121,122,123,124,125,126,128,129,130,131,132,133,135,136,137,138,140,141,142,143,144,146,147,148,149,150,151,152,153,154,155,156,157,160,161,163,164,165,166,167,170,171,172,173,176,177,180,181,182,183,184,185,186,187,189,190,191,192,193,194,195,196,198,199,200,201,202,204,206,208,209,210,211,212,213,214,215,216,217,218,219,220,222,223,225,226,228,229,230,232,233,235,236,238,239,240
17,18,19,21,22,23,24,25,27,28,29,30,31,32,33,35,37,38,39,41,42,43,44,45,46,47,48,49,50,51,53,54,57,58,59,60,61,62,63,64,65,66,67,68,70,71,72,73,75,77,78,79,80,82,83,84,85,88,90,91,92,93,94,95,96,97,98,99,100,101,102,104,105,106,107,108,109,110,111,112,113,114,115,117,118,119,120,121,122,124,125,126,127,128,129,130,132,133,137,138,139,140,141,142,143,144,145,147,148,149,150,151,152,153,154,155,156,157,158,159,160,161,162,163,165,166,167,168,169,170,171,172,173,174,175,176,177,178,179,180,181,182,183,185,186,187,189,190,191,192,194,195,196,197,198,199,200,201,204,205,206,207,208,209,210,211,212,214,215,216,217,218,219,220,221,222,223,224,225,226,227,228,229,230,231,232,234,235,237,238,239,240
18,20,22,23,24,26,27,28,29,30,31,32,33,34,35,36,37,38,39,40,41,42,43,44,45,47,49,51,52,53,56,57,58,59,60,62,63,64,65,66,68,69,70,71,72,73,74,75,76,77,78,79,80,81,82,83,85,86,87,88,89,90,91,92,94,97,98,99,100,101,102,103,104,106,107,108,109,110,111,112,113,114,115,116,117,118,119,120,121,122,124,126,127,128,129,130,131,132,133,134,135,136,137,138,139,141,142,143,144,146,147,149,150,151,152,153,154,155,156,157,158,159,160,161,163,164,165,166,168,170,171,172,173,174,175,176,177,178,179,180,181,182,184,185,186,187,188,189,190,191,192,193,194,195,196,199,200,201,202,204,205,206,207,208,209,210,211,212,213,214,215,216,217,218,219,220,221,224,225,226,227,228,229,230,232,233,234,235,236,237,238,239,240
19,21,23,25,26,27,28,29,30,31,32,33,34,35,36,37,38,39,40,43,44,45,46,47,48,51,52,53,54,55,56,57,59,60,61,62,63,64,65,66,67,68,69,70,71,73,74,75,76,78,79,80,81,82,83,84,85,86,89,91,93,94,95,96,97,100,101,104,105,106,107,108,110,112,113,114,115,116,117,118,119,120,122,123,124,125,127,129,130,131,132,133,134,135,136,137,138,139,140,141,142,143,144,145,146,147,148,152,153,154,155,156,157,160,162,164,165,166,167,168,169,170,172,173,174,175,176,178,179,180,181,182,185,187,189,190,191,192,193,194,195,196,197,199,200,201,202,203,204,205,206,207,208,209,211,212,213,214,215,216,217,218,220,221,222,223,224,225,226,227,228,230,233,234,235,236,237,239,240
20,21,22,23,24,25,26,27,29,30,31,32,33,34,35,37,38,39,40,41,42,43,44,45,46,47,49,50,51,52,53,54,55,56,58,59,60,61,62,63,64,66,68,70,71,73,74,75,76,77,79,80,82,83,84,85,86,87,88,90,91,92,93,94,95,96,97,98,99,100,101,102,103,104,105,106,107,108,109,110,111,112,113,114,115,116,117,118,119,120,122,123,124,125,126,127,128,129,130,131,133,134,135,136,137,139,142,143,144,145,149,151,152,153,154,155,156,157,160,161,162,163,164,166,167,168,169,171,172,173,175,176,177,179,180,182,183,186,187,188,189,190,192,193,194,198,199,202,203,204,205,206,207,208,210,211,212,213,214,216,217,219,220,221,222,224,225,226,228,229,230,231,232,233,234,235,236,237,238,239
21,22,24,25,26,27,28,29,30,31,32,33,34,35,36,37,38,39,41,43,44,45,47,48,49,50,52,53,54,55,56,57,59,61,63,64,66,67,70,71,72,73,74,75,76,77,78,80,81,82,83,85,90,91,92,93,94,95,96,97,99,100,102,103,104,106,107,108,109,110,111,112,113,114,115,116,117,120,121,122,123,124,125,126,127,130,132,133,134,135,136,138,139,140,141,142,143,144,145,146,147,149,150,151,152,153,154,156,157,158,159,162,163,164,166,167,168,169,170,171,172,173,174,175,176,179,182,183,184,185,186,187,188,189,190,192,195,196,197,198,199,203,204,205,206,207,208,209,212,213,214,215,216,217,218,220,222,223,224,225,226,227,228,230,231,232,233,234,235,236,237,239,240
22,23,24,25,26,27,28,29,31,32,33,34,36,37,38,39,41,42,43,44,45,46,47,48,49,50,51,52,53,54,55,56,57,58,59,60,62,63,64,65,66,67,68,69,70,71,73,74,75,76,77,79,80,81,82,83,84,85,86,87,89,90,91,92,93,94,95,96,97,98,99,100,101,103,104,105,106,107,109,110,111,112,113,114,115,117,118,119,120,121,122,123,124,125,126,127,128,130,131,133,134,135,136,137,138,139,141,142,143,144,145,146,147,149,150,152,153,154,155,156,157,159,160,162,163,165,166,167,168,169,170,171,172,173,175,176,178,180,182,183,184,186,187,188,189,190,192,193,194,197,198,199,202,203,205,206,207,208,209,211,212,213,214,215,216,217,218,219,220,221,222,223,224,225,227,229,230,235,237,238,240
23,24,25,26,27,28,29,31,32,33,35,36,37,38,39,40,41,42,44,46,48,49,53,54,55,56,57,58,59,60,61,62,64,66,68,69,70,71,72,73,74,75,77,78,79,80,81,82,83,84,85,86,87,88,89,90,91,92,94,95,96,98,100,101,102,103,104,106,108,109,110,111,114,115,116,117,119,120,121,122,123,124,125,126,127,128,129,130,131,132,133,134,135,136,137,138,139,140,141,142,145,146,148,149,151,152,153,154,155,156,157,158,159,160,161,162,165,166,167,168,169,170,171,172,173,174,176,177,178,179,180,182,183,184,186,187,188,189,190,192,193,196,197,199,200,201,203,205,208,209,210,211,213,214,216,217,218,219,222,223,224,225,226,227,230,231,233,234,235,236,237,238,239,240
24,25,26,27,28,29,30,32,33,34,35,36,37,38,39,40,41,42,43,44,45,46,48,49,50,51,52,53,54,55,56,57,58,59,60,61,62,63,65,66,67,68,69,70,71,72,73,74,76,77,78,80,81,82,83,84,85,86,87,88,89,90,91,92,93,94,96,97,98,99,101,103,104,105,107,108,109,110,111,112,113,114,115,116,117,118,119,120,121,122,123,124,125,126,127,128,129,130,131,132,133,134,135,136,137,138,139,141,143,144,145,148,149,150,151,152,153,155,157,158,159,160,162,164,165,166,167,168,169,170,171,172,174,175,176,177,179,180,181,182,183,184,185,186,187,189,190,191,192,193,194,195,196,197,198,199,200,201,202,203,205,206,208,209,210,212,213,214,215,216,218,219,220,221,222,223,224,225,226,227,228,229,230,231,233,234,235,236,237,238,239,240
25,26,28,31,32,34,36,37,38,40,41,44,45,46,47,48,49,51,52,53,54,55,58,59,60,61,62,63,65,66,67,68,69,70,72,73,74,75,76,78,79,80,82,83,84,86,87,88,89,91,92,93,94,95,96,98,99,100,101,103,104,105,107,108,109,110,111,113,114,115,116,117,118,119,120,121,124,125,126,129,130,132,133,134,135,136,137,138,139,140,141,142,143,144,145,147,148,150,151,152,153,154,155,156,157,158,159,160,162,167,168,169,170,171,172,173,174,175,176,177,178,179,180,181,182,183,184,185,186,187,188,189,190,191,192,193,194,195,196,197,199,200,201,202,203,206,207,208,209,210,213,214,215,216,218,219,220,221,223,226,227,229,230,231,232,233,234,235,236,239
26,27,28,29,30,31,32,33,34,35,36,38,39,40,41,42,43,44,45,46,47,48,49,50,51,52,53,54,55,56,57,58,59,60,61,63,64,65,66,67,68,70,72,73,74,76,77,78,80,82,83,84,86,88,89,90,91,94,96,99,100,101,103,104,106,107,108,109,110,112,113,114,115,116,117,118,119,120,121,122,123,125,126,127,128,129,131,132,133,134,135,137,138,139,140,141,143,145,147,148,150,151,152,153,155,156,157,158,160,161,162,163,164,165,166,167,168,169,170,173,174,176,178,179,180,182,183,184,185,186,188,189,190,191,192,193,195,196,198,200,201,202,203,204,205,206,207,208,210,211,212,213,214,215,217,218,219,220,221,222,223,226,227,228,229,232,235,236,237,238,239,240
27,28,30,31,32,34,35,36,37,38,39,40,41,42,43,44,46,47,48,50,51,52,53,54,55,56,57,59,60,61,62,64,65,66,69,70,71,72,74,75,76,78,79,80,81,84,85,86,89,91,93,96,97,98,100,101,102,103,104,105,108,109,110,111,112,113,114,115,116,117,118,119,120,122,123,124,126,127,128,129,130,131,132,134,135,136,137,138,139,140,143,144,145,146,147,149,150,153,154,155,156,157,158,159,160,164,165,166,167,169,172,173,174,175,176,179,180,181,183,184,185,187,189,190,191,192,193,194,196,197,198,199,200,201,203,204,205,206,207,208,209,210,211,212,214,215,216,218,222,223,224,225,226,227,228,230,231,233,234,235,236,237,238,239,240
28,29,30,31,32,33,34,35,36,37,38,39,40,41,42,43,44,45,46,47,49,50,52,53,54,55,57,58,61,62,63,64,65,66,69,70,71,73,74,75,76,78,79,80,81,82,83,84,85,86,87,88,89,90,91,92,93,94,96,97,98,99,100,101,102,103,104,105,106,107,108,109,111,112,113,115,116,117,119,120,122,123,125,127,128,129,130,132,134,135,136,137,138,139,141,142,143,144,145,146,147,148,149,151,152,153,154,155,157,158,160,161,164,166,168,172,174,175,176,177,178,180,181,182,183,184,185,188,189,191,192,195,197,198,200,201,202,203,204,205,206,208,209,210,212,213,214,215,217,220,221,222,223,225,226,227,228,230,231,232,233,234,237,238,239,240
29,30,31,33,34,35,37,38,39,41,42,43,44,45,46,48,49,50,52,53,54,55,57,58,59,60,62,63,64,65,66,67,68,70,72,73,75,77,78,80,81,82,83,87,88,89,90,91,92,93,94,95,97,99,100,101,102,103,104,105,106,107,108,109,111,112,113,114,115,116,117,118,119,121,122,123,126,127,128,129,130,131,132,133,134,135,136,138,139,140,141,142,143,144,145,146,147,148,149,150,151,152,153,154,155,156,157,158,159,160,161,162,163,164,165,166,167,168,170,171,172,173,174,175,176,177,178,179,180,181,182,184,185,187,188,190,191,192,193,194,195,196,198,199,200,201,202,203,205,206,208,209,210,211,212,213,215,216,217,218,219,221,222,224,225,228,229,230,231,232,235,236,237,238
30,31,32,33,34,35,36,37,38,39,41,42,43,44,45,46,47,48,49,50,51,53,54,55,56,57,58,59,60,61,62,63,64,65,67,68,69,70,71,72,73,76,77,78,80,82,84,85,87,89,90,91,92,93,94,98,99,100,103,104,105,107,108,109,110,111,112,113,114,115,116,117,120,121,122,123,124,125,126,127,128,129,132,133,134,135,136,137,138,139,140,141,142,143,146,147,151,152,154,155,156,157,159,160,161,162,164,165,167,168,169,170,175,176,177,178,179,180,181,182,183,185,187,189,192,193,194,195,196,198,199,200,202,203,204,206,207,208,209,210,211,212,213,214,215,217,219,220,221,222,223,224,225,226,228,229,230,231,232,233,234,235,236,238,239,240
31,32,33,34,35,36,37,38,40,41,42,43,44,46,47,48,50,51,52,53,54,55,56,57,59,60,61,62,63,64,65,66,67,68,69,70,71,72,73,75,76,77,78,79,80,81,82,83,85,86,87,88,89,90,91,93,94,95,96,97,98,99,100,101,102,104,105,106,107,108,110,113,115,116,117,118,119,120,121,122,123,124,125,127,128,129,130,131,132,134,135,136,137,139,140,141,142,143,145,146,147,148,149,150,151,153,154,158,159,160,161,162,163,164,165,166,168,169,171,173,174,175,176,177,179,180,181,182,184,185,186,187,188,189,190,191,192,193,194,195,196,197,198,199,200,201,202,203,205,206,207,208,209,210,211,213,214,215,216,217,218,219,220,221,222,223,225,226,227,228,229,230,231,233,235,237,238,239
32,33,34,35,36,37,40,41,42,43,44,45,46,47,48,49,51,53,54,55,57,58,59,60,61,62,63,64,66,68,69,70,71,72,73,74,75,76,77,78,80,81,82,83,84,85,88,89,90,91,92,93,94,95,96,97,98,99,100,101,102,104,105,106,108,109,110,111,112,114,115,116,118,119,120,121,122,123,124,125,126,127,128,129,131,132,133,134,135,136,137,138,139,140,143,144,145,146,148,151,153,154,155,158,160,161,162,164,165,168,169,170,171,172,173,176,177,178,180,181,182,183,184,185,187,188,189,192,193,194,196,197,198,199,200,201,202,203,204,205,206,207,208,209,211,212,215,216,218,219,220,221,222,223,224,226,227,228,229,230,231,232,233,234,235,236,238,240
33,34,35,36,38,39,42,43,44,45,46,47,49,50,52,53,54,55,57,58,61,62,63,64,65,66,67,68,69,70,71,74,75,76,77,78,80,81,82,83,85,86,87,88,90,92,93,94,95,98,100,101,102,104,105,106,107,108,109,110,111,115,116,117,118,120,121,122,123,124,125,126,127,128,129,131,132,133,134,135,136,138,139,140,142,143,144,145,146,147,148,149,150,152,153,154,155,156,157,158,159,160,162,163,164,165,166,167,168,170,171,172,173,174,176,178,179,180,181,182,183,184,186,187,189,190,191,193,195,196,197,199,200,201,203,204,205,206,207,208,209,211,217,218,219,221,222,223,224,225,226,227,228,229,230,231,232,233,234,236,237,238,239
34,35,36,37,39,40,41,43,45,46,47,48,50,52,53,54,55,56,58,59,60,62,63,64,65,67,68,69,70,72,73,76,77,78,79,80,81,82,83,84,85,86,87,88,89,90,92,93,94,95,96,98,99,100,101,102,103,105,106,107,108,109,110,111,113,114,115,116,117,118,119,120,121,122,124,125,127,128,129,130,131,132,133,134,135,136,137,138,140,141,142,145,146,147,148,149,150,151,152,153,155,157,158,159,161,162,163,164,165,166,167,168,170,171,173,174,175,176,177,179,180,181,182,183,184,185,186,187,188,189,190,191,192,193,194,195,196,197,198,199,201,202,203,204,205,208,209,210,211,212,213,214,215,216,217,218,219,220,222,223,224,225,226,227,228,229,232,233,236,238,239,240
35,37,40,42,43,44,45,46,47,48,49,50,51,52,53,54,55,56,59,60,61,62,63,64,65,66,67,68,69,71,72,74,75,76,77,78,79,82,83,84,85,87,88,89,90,91,92,93,94,96,97,98,99,100,101,102,103,104,105,106,107,108,109,110,111,113,114,115,116,117,118,119,120,121,122,124,125,126,128,130,131,132,133,134,135,136,137,138,140,141,142,143,144,145,146,147,148,149,150,151,153,154,155,156,157,158,160,163,164,165,166,167,168,169,170,171,172,173,174,175,178,180,181,182,183,184,185,187,188,189,190,191,192,193,195,196,197,198,199,200,201,202,203,204,205,206,207,208,209,210,211,212,213,214,215,216,217,219,220,222,223,224,225,226,227,228,229,230,231,233,234,235,236,237,238,239
36,38,39,40,42,43,44,45,48,49,50,51,52,53,54,55,56,57,58,59,60,61,62,64,65,66,67,68,69,71,72,73,75,76,77,78,79,80,81,83,84,85,86,87,88,89,90,91,92,94,95,96,97,98,100,101,102,103,104,105,106,107,108,109,110,111,112,113,114,115,117,118,119,120,122,123,124,125,127,128,129,130,131,132,133,134,135,138,139,140,141,142,143,144,145,146,147,148,149,151,153,155,156,157,158,159,160,162,163,164,165,167,168,169,170,171,172,173,175,176,177,178,180,182,183,186,187,188,189,192,193,194,195,196,197,199,201,202,204,205,206,207,209,210,214,215,216,217,218,220,221,223,224,225,226,227,228,229,230,231,232,233,234,237,238,239
37,38,39,40,41,42,43,44,45,46,47,48,49,50,51,52,53,54,56,57,58,59,61,62,63,64,65,67,68,69,71,72,73,74,75,76,77,78,79,80,81,83,84,85,86,87,88,89,90,91,92,93,95,96,97,99,100,101,102,103,104,105,106,107,108,109,110,111,112,113,115,116,117,118,119,120,121,122,124,126,127,129,130,131,132,135,136,139,140,141,142,143,144,145,146,148,149,150,151,152,153,154,155,157,158,159,161,162,163,164,165,166,167,168,169,171,172,173,174,175,176,178,180,181,182,183,184,186,187,188,190,192,193,194,195,196,198,199,201,202,203,204,205,207,208,209,210,211,212,213,214,215,216,218,219,220,221,222,223,224,225,227,229,230,231,232,234,236,237,238,239,240
38,39,41,43,44,45,46,47,48,49,50,51,52,53,54,56,57,58,59,60,61,62,63,64,65,66,67,68,69,70,71,72,73,74,75,76,77,78,79,80,81,82,83,84,85,86,87,88,89,90,91,92,93,94,95,96,97,98,99,100,101,102,103,104,108,109,110,111,112,113,115,116,117,118,119,120,121,122,123,125,126,127,128,129,130,131,132,133,134,135,136,137,138,139,140,141,142,143,144,145,146,148,149,150,151,152,153,154,155,156,157,158,159,161,162,163,164,165,166,167,168,169,170,171,172,173,174,175,176,177,178,179,180,181,182,184,185,186,187,189,190,191,192,194,195,196,197,198,200,201,202,203,204,205,206,209,214,215,216,217,218,219,220,221,222,223,225,226,227,228,229,230,231,232,233,234,237,240
39,40,41,43,44,45,46,47,48,49,50,51,52,53,54,55,56,58,59,61,62,63,64,66,67,69,70,71,72,73,74,75,77,78,79,80,81,82,84,85,86,87,88,89,90,91,92,93,94,95,96,97,98,99,101,102,103,104,105,106,107,108,109,111,112,113,114,115,116,117,119,120,121,122,123,124,125,126,127,128,130,131,132,133,134,135,136,137,139,140,143,144,145,146,147,148,149,150,152,153,154,155,156,157,158,159,161,162,163,164,165,167,169,170,171,172,173,174,175,176,178,180,181,182,183,184,185,186,187,188,189,192,193,194,195,196,197,198,199,201,202,204,205,206,208,209,210,211,212,213,214,215,216,217,219,220,221,222,223,225,226,227,229,230,231,232,233,234,236,237,238,239,240
40,41,42,43,44,45,46,48,49,51,52,53,54,55,56,57,58,60,62,63,65,66,67,69,70,71,72,73,74,75,76,77,79,80,81,82,83,84,88,89,90,91,92,93,95,96,97,98,99,103,104,105,107,109,110,111,112,114,116,117,121,122,124,125,126,127,128,129,130,133,134,135,137,138,139,140,141,142,143,144,145,148,149,150,151,152,154,155,157,158,160,161,162,164,165,166,167,169,172,173,174,175,177,178,179,180,181,182,183,184,185,187,188,189,190,191,192,193,194,195,196,199,200,202,203,204,205,206,207,208,209,210,211,212,213,214,215,217,218,219,220,221,223,224,226,227,228,229,230,232,233,234,235,236,237,238,240
41,42,43,44,45,46,47,48,49,50,52,53,54,55,56,57,58,60,62,63,65,66,67,68,69,70,71,72,73,75,76,77,78,79,80,81,82,83,84,85,86,87,91,92,93,94,96,97,98,99,100,101,103,105,106,108,109,110,112,113,114,115,116,117,118,119,120,121,122,123,125,126,127,128,129,130,132,133,134,135,136,137,139,140,141,143,144,145,148,150,151,153,154,156,157,158,159,160,161,162,163,164,165,166,167,168,169,170,171,172,173,174,175,177,178,179,180,182,183,184,185,186,187,188,189,190,191,192,193,194,195,197,199,201,202,203,204,207,208,209,210,211,212,213,214,215,216,217,218,220,221,222,224,225,226,227,228,229,231,232,233,234,235,236,237,238,239,240
42,43,44,45,46,47,48,50,51,52,53,54,55,56,57,60,61,63,64,65,66,67,68,69,70,71,72,74,75,76,77,78,79,80,81,83,84,85,86,87,88,89,90,91,92,93,94,95,96,97,98,101,102,103,104,105,106,107,108,110,111,112,113,114,115,116,118,120,121,122,124,125,126,127,128,129,130,131,132,133,134,135,136,137,138,139,141,142,143,144,145,147,148,149,150,152,153,154,155,156,157,158,160,161,164,165,166,167,169,170,171,172,173,174,175,176,177,178,179,180,181,182,183,185,186,187,189,190,191,194,195,197,198,199,200,203,205,206,207,208,209,210,211,212,213,214,215,216,219,220,222,223,224,228,229,230,231,232,234,235,238,239,240
43,44,45,46,47,48,49,50,51,52,53,55,58,59,60,61,62,65,66,67,68,69,70,72,73,74,75,76,77,78,83,84,86,88,89,90,91,92,93,94,96,97,98,99,100,101,102,103,104,105,106,107,108,109,112,113,115,116,117,118,119,120,121,122,123,124,125,126,127,128,129,130,131,132,133,134,135,137,138,139,140,141,143,144,146,147,148,149,150,151,155,156,157,158,160,161,162,163,164,166,167,168,169,170,171,172,173,174,175,176,178,180,181,182,185,187,189,190,191,192,193,194,195,196,197,198,201,202,203,204,205,206,207,208,209,210,211,213,214,215,217,219,220,221,223,225,226,227,229,230,231,232,233,234,236,237,238,239,240
44,45,46,47,48,49,50,53,54,56,58,59,60,61,63,64,65,66,67,69,71,72,73,75,77,78,80,81,82,83,84,85,86,87,88,89,90,91,92,93,94,96,98,99,100,101,102,103,104,105,106,107,108,109,111,113,114,115,116,117,118,119,120,121,122,124,128,130,131,132,134,135,136,139,140,141,142,144,145,146,147,148,149,150,151,153,154,155,156,157,158,159,160,161,163,164,165,166,167,168,169,170,171,172,173,174,175,176,177,178,179,180,182,184,185,186,187,188,189,190,194,196,197,198,199,200,201,203,204,205,206,207,208,209,210,211,212,214,215,217,218,219,220,222,223,224,225,226,227,230,231,232,234,236,237,238,239
45,46,47,48,49,50,51,52,53,55,56,57,58,59,60,61,62,63,64,65,66,67,68,69,70,71,73,74,75,76,78,79,80,82,84,85,86,87,88,89,90,91,92,93,94,95,96,97,98,99,101,102,104,105,107,108,109,110,112,113,115,116,118,119,120,121,122,123,125,126,127,128,129,130,132,133,134,135,138,139,140,141,142,144,145,147,148,150,151,152,153,154,155,156,158,159,160,161,163,166,167,168,169,170,172,173,174,175,176,178,181,183,184,185,187,188,190,191,192,193,194,195,197,198,199,201,202,203,204,205,206,207,208,209,210,211,212,213,215,216,217,219,220,221,222,223,224,225,227,228,229,231,232,233,234,235,236,237,238,239,240
46,47,48,49,50,51,54,55,56,57,58,59,60,61,62,63,64,65,66,67,68,69,70,71,72,74,75,76,77,78,79,80,81,82,83,84,85,86,87,89,91,92,93,95,96,99,102,103,104,105,107,108,110,113,114,115,116,118,120,122,124,126,127,128,129,130,131,132,133,134,135,136,138,139,141,143,144,145,146,147,149,150,151,152,153,154,155,156,157,158,159,160,161,162,165,166,167,168,169,170,171,172,174,178,179,180,181,182,184,185,186,187,188,190,191,192,193,194,196,197,198,199,200,201,202,203,204,205,206,207,209,210,211,213,214,215,216,217,218,219,220,221,222,223,224,225,227,228,229,230,231,232,233,235,236,238,239,240
47,48,49,50,51,52,53,54,55,58,59,60,61,62,63,64,65,66,67,69,70,71,72,73,74,75,76,79,80,81,82,83,84,85,86,89,90,92,93,95,96,97,98,99,100,101,102,103,106,107,109,110,111,112,113,114,115,116,117,119,120,121,123,124,125,126,127,129,130,131,132,133,134,136,137,138,139,140,141,145,146,147,148,149,150,152,153,154,155,157,158,159,160,161,162,163,166,167,168,169,170,171,172,173,176,177,178,180,182,183,186,187,188,190,191,192,193,195,196,197,199,201,203,204,206,207,208,209,210,211,212,214,216,217,218,219,220,221,222,223,224,225,226,227,228,229,230,231,232,233,234,235,236,238,239,240
48,50,51,52,53,55,56,57,58,60,61,62,63,65,66,67,68,69,70,71,72,73,74,75,76,77,78,79,81,82,83,84,85,86,87,88,89,90,91,92,94,95,96,99,100,101,103,105,106,108,109,110,111,112,113,114,115,116,117,119,120,121,122,123,124,127,128,129,130,131,132,133,134,137,138,139,140,141,142,144,146,147,148,150,151,153,154,155,156,157,158,159,160,161,162,163,164,166,167,169,170,171,172,174,175,176,177,178,179,180,181,182,183,184,185,186,187,188,189,190,191,193,194,197,198,201,202,203,204,205,206,207,209,210,211,212,215,216,217,218,219,220,221,222,223,224,225,226,227,229,230,231,232,233,234,236,237,238,239,240
49,51,52,53,54,55,57,58,59,60,61,62,64,65,66,67,69,70,72,73,74,75,76,77,79,80,81,82,84,85,86,87,88,90,92,95,96,97,98,99,100,101,102,103,105,106,107,108,109,110,111,112,114,115,116,119,120,122,123,124,125,126,127,129,130,131,133,135,136,137,138,139,140,141,142,143,144,145,146,147,148,149,150,151,152,154,155,156,157,158,159,160,161,162,165,166,167,168,169,170,172,173,174,175,176,177,178,179,181,182,183,184,186,188,189,190,191,192,193,196,197,198,199,200,201,202,204,205,206,207,209,210,211,212,213,214,215,216,217,218,219,220,221,222,223,224,225,226,227,228,229,230,232,233,234,235,237,238,239,240
50,51,52,53,54,55,56,58,59,60,61,62,63,64,65,66,67,68,69,70,71,72,73,74,75,77,78,79,80,81,82,83,85,86,88,89,91,93,94,95,96,97,98,99,100,102,104,105,106,107,108,109,110,111,112,113,114,115,117,118,119,120,122,124,125,126,128,129,130,131,132,133,134,135,136,137,138,139,140,143,144,145,147,148,149,150,151,152,153,155,156,157,158,159,160,161,162,163,164,165,166,168,169,170,171,172,174,175,177,179,180,181,182,183,184,186,187,188,189,190,192,194,195,196,197,198,201,203,204,205,206,207,209,210,211,214,215,216,217,219,220,221,222,223,225,226,228,229,231,232,233,234,235,236,237,238,239,240
51,52,53,54,55,57,58,60,61,62,63,64,65,66,68,69,70,72,74,75,76,77,79,80,81,82,83,84,85,86,87,88,89,90,92,93,94,95,96,98,99,101,102,103,104,106,108,109,110,111,112,113,115,116,117,118,119,120,121,122,123,124,125,127,128,129,130,132,134,135,136,137,138,140,141,143,145,147,148,149,150,151,152,154,155,156,157,158,159,160,161,162,165,167,168,169,170,171,172,173,174,176,177,178,179,180,181,182,184,185,186,187,188,189,190,191,193,194,195,196,197,198,199,200,201,203,204,205,206,207,208,209,211,212,213,214,216,217,218,219,220,221,222,225,226,228,229,230,232,233,234,236,237,238,239,240
52,54,55,57,58,59,61,62,64,66,68,69,70,71,72,73,74,75,76,77,78,79,80,81,82,83,85,86,87,88,90,91,92,96,97,98,99,100,101,102,103,104,105,106,109,110,112,113,114,115,116,117,118,119,120,122,123,124,126,127,128,129,130,132,133,134,135,136,137,138,139,140,141,142,143,144,147,148,149,152,153,155,156,157,158,159,161,162,163,164,165,166,167,168,169,170,171,172,173,174,175,176,177,178,179,180,181,182,183,185,187,189,191,194,195,196,197,199,200,201,202,203,204,206,207,209,210,211,212,213,214,215,216,217,218,219,220,221,222,223,225,226,227,228,229,230,231,232,233,234,237,238,239,240
53,54,55,57,60,61,62,63,64,65,66,67,68,70,71,72,73,74,76,77,78,79,80,81,82,83,84,85,86,87,89,90,91,92,93,94,95,96,99,100,101,102,103,104,105,107,108,109,110,113,114,115,116,117,118,119,120,121,123,124,125,126,127,128,129,130,131,133,134,135,136,137,139,141,142,143,144,145,146,148,149,150,151,152,153,154,155,156,157,158,159,160,163,164,165,166,167,168,169,171,173,176,177,178,179,181,182,183,184,186,187,190,191,192,193,195,197,198,199,200,201,203,204,205,206,207,209,210,211,212,213,214,215,216,217,218,219,221,222,223,225,226,227,228,229,230,231,232,235,236,237,238,239,240
54,55,56,58,59,60,61,62,63,65,66,67,68,69,70,71,72,73,74,75,76,77,78,79,81,82,83,85,88,89,90,91,92,93,94,95,96,97,98,99,100,101,102,103,104,105,106,107,108,109,110,111,112,113,114,116,117,118,119,120,121,122,124,125,126,127,129,130,131,132,134,135,136,137,138,141,142,144,146,147,148,149,150,151,153,154,155,156,157,159,160,161,162,164,165,166,167,168,169,170,171,172,173,174,175,176,178,179,180,181,182,184,185,187,188,189,190,192,193,194,195,196,197,198,199,200,201,203,204,205,206,207,208,209,210,211,212,214,215,216,218,219,220,222,223,225,227,229,231,232,233,234,235,236,237,238,239,240
55,56,57,58,60,61,62,63,66,67,68,69,70,71,73,74,76,77,78,79,80,81,83,84,85,86,87,88,89,90,91,92,93,94,95,96,97,98,99,100,101,103,104,105,106,107,108,110,112,113,114,115,116,118,119,122,123,124,125,126,127,128,129,130,131,132,133,134,135,137,138,139,140,141,142,143,144,147,148,149,150,151,155,156,157,158,159,160,162,163,164,165,166,167,168,169,170,171,172,173,175,176,177,178,179,180,181,182,183,184,185,187,188,190,193,194,195,196,197,198,199,200,201,202,203,204,205,206,207,209,210,212,214,215,216,217,218,219,220,221,222,223,224,228,230,231,232,234,235,238,239,240
56,57,58,61,63,64,65,67,68,70,72,73,75,76,77,78,79,80,81,82,84,85,86,87,88,89,91,92,93,94,95,96,97,98,99,100,101,102,103,104,106,107,108,109,111,112,113,114,115,116,118,119,120,121,122,123,124,126,127,128,129,131,133,134,135,136,137,138,140,141,142,144,147,149,150,151,152,153,154,155,156,157,158,159,160,161,162,163,164,165,166,167,168,169,170,171,173,174,175,176,177,178,179,180,181,182,183,184,188,189,190,191,192,193,194,195,196,197,198,199,200,201,202,203,204,206,208,209,210,211,212,213,214,215,216,217,218,219,220,223,224,226,227,232,233,234,235,236,237,238,239,240
57,58,60,61,63,65,66,67,69,70,71,72,73,74,75,76,77,78,80,81,82,83,84,85,87,89,90,91,92,93,94,95,96,97,98,99,100,101,103,104,107,109,110,111,112,113,114,115,116,117,119,121,122,123,124,125,126,127,128,130,132,133,134,135,136,138,139,140,142,143,145,147,148,149,150,151,153,154,155,156,157,158,159,160,161,163,164,167,168,169,170,175,176,177,178,179,181,183,184,185,186,188,189,190,192,193,194,196,197,198,199,200,201,202,203,205,206,207,208,209,212,213,215,216,217,218,219,220,221,222,223,226,227,228,229,231,232,233,234,235,236,237,238,239,240
58,59,60,61,62,63,64,65,66,67,68,69,70,71,72,73,74,76,77,78,79,80,81,83,84,85,86,87,88,89,90,91,93,94,95,96,97,98,99,100,102,104,106,107,108,109,110,111,112,113,114,115,116,117,118,119,120,122,123,124,125,126,127,129,130,131,132,133,134,136,137,138,140,142,143,144,145,147,148,149,150,151,152,153,154,156,157,158,159,160,161,162,163,165,166,167,168,169,170,172,173,175,176,177,179,180,181,182,183,184,185,186,187,188,189,190,191,192,193,194,196,197,198,199,200,201,202,203,205,206,208,210,212,214,215,217,218,219,220,222,223,224,225,226,229,231,232,233,234,235,236,237,238,239,240
59,62,63,64,65,66,67,68,69,70,71,75,76,77,78,79,80,81,82,83,84,85,86,88,89,90,91,92,93,94,96,97,98,99,100,101,102,103,104,105,106,107,109,112,113,114,115,116,118,119,120,121,122,123,126,127,128,129,130,131,132,133,135,136,137,138,139,140,141,142,146,147,148,150,151,152,153,154,155,156,157,158,160,162,163,164,165,166,167,168,169,171,172,173,174,176,177,178,179,180,181,182,183,184,186,187,188,189,190,191,192,193,195,196,197,198,199,200,201,203,204,205,206,207,208,210,211,212,213,215,216,217,219,220,221,222,223,224,225,227,228,229,231,232,234,235,237,239,240
60,61,62,64,65,66,67,68,69,70,73,74,75,77,78,79,81,82,83,84,85,86,87,88,89,90,91,92,93,94,95,96,97,98,99,100,101,102,103,104,105,106,107,109,110,111,112,113,114,117,118,119,120,121,122,123,125,126,127,128,129,131,132,133,136,138,139,140,141,142,143,144,146,147,148,150,153,155,156,157,158,159,160,161,163,164,165,166,171,172,173,174,175,177,178,179,181,183,184,186,187,189,190,191,193,194,196,197,198,199,200,201,202,203,206,207,208,209,210,211,212,213,214,215,216,217,218,219,220,221,222,223,224,225,227,228,230,231,232,233,235,236,237,239,240
61,62,63,64,67,69,70,72,73,74,75,76,77,78,79,80,83,84,85,86,87,88,89,91,92,93,94,95,96,97,98,99,100,102,103,104,105,107,108,109,110,111,112,114,115,116,117,118,120,121,123,125,126,127,128,129,130,131,132,133,134,135,136,137,138,139,140,141,142,143,144,146,147,148,149,151,152,153,154,157,159,160,162,163,164,168,169,170,171,172,173,174,176,177,178,179,180,181,182,183,184,185,186,188,189,190,191,193,194,195,196,198,199,200,201,203,204,205,207,208,209,210,211,212,216,217,218,219,220,225,226,227,229,230,232,233,234,235,236,237,238,239,240
62,64,65,66,68,69,70,71,72,73,74,75,76,77,78,79,80,81,82,83,84,85,86,87,88,89,90,91,92,93,95,96,97,98,99,100,101,102,104,105,107,109,110,111,112,113,114,115,117,119,120,121,122,123,125,126,127,128,129,130,131,132,133,134,135,136,137,138,139,141,142,143,144,145,146,147,148,149,150,151,153,154,155,157,158,159,160,161,162,163,164,165,166,167,171,172,173,174,175,176,177,178,179,180,181,182,184,185,186,187,188,189,190,191,192,193,195,196,197,198,199,200,201,202,203,204,205,208,209,210,211,212,214,215,216,218,219,220,221,222,223,224,225,226,228,230,231,232,233,235,236,237,238,239,240
63,64,65,67,70,71,72,74,75,76,77,78,79,80,81,82,83,84,85,87,88,89,90,91,92,93,95,96,97,98,99,101,102,103,105,107,109,110,111,113,114,116,118,119,120,121,122,123,124,125,126,127,129,131,132,133,134,135,136,137,138,139,140,142,143,144,146,147,149,151,152,155,156,157,160,162,163,164,165,166,168,169,171,172,173,175,176,177,178,179,180,181,182,183,184,185,186,187,188,190,191,192,193,194,195,197,198,199,200,201,202,203,204,205,206,207,208,209,210,212,214,215,216,217,218,219,221,222,224,225,226,227,228,229,230,232,233,234,235,237,238,239
64,65,66,67,68,69,70,71,72,74,75,77,78,80,81,82,83,84,85,86,88,89,90,92,93,94,95,96,97,99,100,101,102,103,104,105,106,108,112,113,117,118,119,120,121,122,123,125,126,127,129,130,131,133,134,135,136,137,138,140,141,142,143,144,146,147,148,150,151,152,155,156,157,158,159,160,161,163,167,168,170,171,172,173,174,175,176,177,178,179,181,183,186,187,189,191,193,194,195,196,197,198,199,200,203,204,205,207,208,209,210,211,212,214,215,216,217,218,219,220,221,223,224,226,227,228,230,231,232,233,234,235,236,240
65,66,68,69,70,71,72,73,74,75,76,77,78,79,80,81,82,83,84,85,86,87,88,89,90,91,92,93,94,95,96,97,98,99,100,101,102,103,104,105,106,107,108,109,110,111,113,114,116,117,118,119,121,122,123,124,125,126,127,129,131,132,134,135,136,137,138,140,142,143,144,145,146,148,149,150,151,152,153,155,156,157,158,159,160,161,162,163,164,165,166,167,169,171,172,173,174,175,176,178,180,181,182,184,185,186,188,189,190,191,192,193,194,195,196,197,198,200,202,203,204,205,206,207,208,209,211,212,213,215,217,218,219,220,222,224,226,231,232,233,236,237,238,240
66,67,68,69,72,73,74,75,76,78,79,80,81,83,84,85,86,87,88,89,90,91,92,93,94,95,96,97,99,100,101,102,104,105,106,107,108,109,110,111,112,113,114,115,116,117,120,121,122,124,125,128,129,130,131,132,133,134,135,136,137,138,141,142,143,144,145,146,147,148,149,150,151,153,154,155,156,157,158,159,160,161,162,163,164,165,166,167,168,169,170,171,172,173,175,176,177,178,180,181,182,183,184,185,188,189,190,191,192,194,195,196,197,198,200,201,202,204,206,207,208,209,211,212,214,215,216,217,218,219,220,221,222,223,225,226,228,229,230,231,232,233,234,235,236,237,240
67,68,69,71,72,73,74,75,76,77,78,79,80,81,82,84,86,87,89,90,91,92,93,94,95,96,98,99,101,102,103,104,105,106,107,108,109,110,111,112,113,114,115,116,117,118,119,120,121,122,123,125,126,127,128,129,130,131,133,134,135,136,137,138,139,141,142,144,145,146,147,149,150,151,152,153,155,156,160,161,163,164,165,166,167,169,171,172,173,174,175,176,177,179,181,182,184,185,186,187,188,189,190,191,193,194,195,197,199,200,201,202,203,204,205,206,208,209,210,211,213,214,215,216,217,218,219,220,221,222,223,224,225,226,228,229,230,232,233,235,236,237,238,240
68,70,71,72,75,76,77,78,79,81,82,83,85,86,87,88,89,90,91,92,93,94,95,96,97,98,99,100,101,102,103,104,106,108,109,110,111,112,114,115,116,118,119,121,123,125,126,127,129,130,131,132,133,134,135,136,137,138,140,141,142,143,144,145,146,147,148,149,150,151,152,153,154,155,157,158,159,160,161,162,164,165,166,167,168,169,171,172,174,175,176,177,178,179,180,182,183,184,186,188,189,190,191,192,193,194,195,196,198,199,200,201,202,203,204,205,206,207,208,209,210,211,212,213,215,217,218,220,221,222,223,224,225,226,228,229,231,232,233,234,235,236,237,238,239,240
69,70,71,72,75,76,77,78,79,80,81,82,83,85,86,87,88,89,90,91,92,93,94,96,97,98,99,100,103,104,105,106,108,109,110,111,112,114,117,120,123,124,126,127,128,130,132,133,135,136,137,138,139,140,141,142,143,144,145,146,147,148,149,150,151,152,153,154,155,157,158,159,160,161,162,164,165,166,167,168,170,171,172,173,174,175,176,177,178,179,180,181,182,183,184,185,186,188,189,190,192,193,194,195,197,198,199,200,202,204,205,207,208,209,210,211,212,214,215,217,219,220,221,223,226,227,228,229,230,231,232,234,237,238,239,240
70,71,73,74,76,77,78,80,81,82,84,85,86,88,89,92,93,94,95,96,97,99,100,101,102,103,104,105,106,107,108,109,110,112,113,114,115,116,117,118,119,120,121,123,124,125,126,127,128,130,132,133,134,135,136,137,139,140,141,142,143,144,145,146,147,148,149,150,152,154,155,157,159,160,161,162,163,164,165,166,167,168,169,170,171,172,174,176,177,179,180,181,182,184,185,186,187,188,189,190,191,192,194,196,197,198,199,200,201,202,203,204,206,207,208,209,211,212,213,214,215,216,217,218,219,223,224,225,226,227,228,229,230,231,232,233,234,235,236,237,238,239,240
71,72,73,74,75,76,77,78,79,80,81,82,83,84,85,86,89,90,91,92,93,94,95,96,97,98,100,101,103,104,105,106,108,109,110,111,112,113,114,115,116,117,118,119,120,121,123,124,125,127,128,130,131,132,133,134,135,136,137,138,139,140,141,142,143,145,148,149,152,154,155,156,157,158,159,160,161,162,163,164,165,167,168,169,171,172,173,174,175,176,177,178,179,181,182,184,186,187,188,189,191,192,193,194,195,196,198,199,200,202,203,204,205,206,207,208,209,210,211,212,213,214,215,216,217,218,219,221,224,225,226,227,229,231,232,234,235,236,237,238,239,240
72,75,76,77,78,79,80,81,82,83,85,86,87,89,91,94,95,97,98,99,100,101,102,103,104,106,107,108,110,111,112,114,115,116,117,119,120,121,122,124,126,127,128,131,132,133,135,136,137,139,141,142,143,144,146,147,148,149,151,152,153,154,155,156,157,158,159,161,162,163,164,165,166,167,168,169,171,172,173,174,178,179,180,181,182,183,186,187,188,189,190,192,193,194,195,197,198,199,200,201,202,203,204,206,209,210,211,212,213,214,215,216,217,218,219,220,221,222,223,226,228,229,230,233,234,237,238,239,240
73,75,76,79,80,81,82,83,84,85,86,88,89,91,92,94,95,98,99,100,103,104,105,106,109,110,112,114,115,117,118,119,120,121,122,123,124,127,128,129,131,132,133,134,135,136,137,138,139,140,141,142,144,145,146,147,148,152,154,156,157,158,159,160,161,162,163,164,165,167,168,169,170,171,172,174,175,176,177,178,182,183,184,185,186,187,188,190,191,192,193,194,195,197,198,199,200,201,202,203,204,205,206,207,208,210,211,212,213,214,215,216,217,218,219,220,221,222,223,224,225,227,228,229,230,231,232,233,234,235,236,237,238,239,240
74,75,76,77,78,79,80,82,84,85,86,87,88,89,91,92,93,95,97,98,99,100,101,102,103,104,105,106,107,108,109,110,111,112,113,114,115,116,117,118,119,120,121,122,124,125,127,130,131,132,136,138,139,141,142,143,145,146,147,148,149,150,151,152,155,156,158,159,160,162,164,165,166,167,168,169,171,172,173,174,175,176,177,178,179,181,182,183,184,186,187,189,191,192,193,194,195,196,198,199,201,203,204,205,206,207,208,209,210,211,212,213,215,216,217,220,221,223,224,226,227,228,230,231,232,233,234,237,238,239,240
75,78,80,81,82,83,84,85,88,89,90,91,92,93,94,95,96,97,98,99,100,101,102,103,104,105,107,108,109,110,111,112,113,114,115,116,117,118,120,121,123,124,125,127,128,130,131,132,133,134,135,136,137,138,139,140,142,143,144,145,146,147,148,149,150,151,152,153,154,155,156,157,159,160,161,162,164,165,166,167,170,171,172,173,174,175,176,177,178,179,180,181,182,183,184,185,186,187,188,189,190,193,195,196,197,199,200,201,202,203,205,206,207,208,209,210,212,213,214,217,218,219,220,222,224,227,228,229,230,231,233,234,236,237,238,239,240
76,77,78,79,80,82,83,84,85,86,87,88,90,91,92,93,94,95,96,97,98,99,100,101,102,103,104,107,109,110,111,112,114,115,116,119,120,121,122,124,125,127,129,131,133,134,135,136,137,139,140,142,143,144,145,147,148,149,150,151,152,153,154,155,156,157,158,159,160,161,163,164,165,166,169,170,172,173,174,175,177,179,180,181,182,183,184,185,187,188,189,190,191,192,193,196,198,199,201,203,204,205,206,207,208,210,211,212,213,214,215,216,219,220,223,224,225,227,228,229,230,231,232,233,234,235,236,237,238,239,240
77,78,79,80,81,82,84,85,86,87,88,89,90,91,92,93,94,95,96,97,98,99,100,101,102,105,106,109,110,112,113,114,116,118,119,121,122,124,125,126,127,128,129,130,132,133,134,135,136,137,138,139,140,143,144,145,146,147,150,151,152,153,154,157,158,159,160,162,163,165,166,167,168,170,171,172,173,174,175,176,177,178,179,180,181,182,183,184,185,186,187,189,190,191,192,194,195,196,197,198,199,200,201,202,203,204,205,206,207,208,209,210,211,212,213,214,215,216,217,218,219,220,221,222,223,225,226,227,229,230,232,233,235,237,238,239,240
78,79,80,81,82,83,84,85,86,87,89,90,91,92,93,94,96,97,98,99,102,103,104,105,106,107,108,109,110,111,113,114,115,117,118,119,120,121,122,123,124,125,126,128,129,130,131,133,136,137,138,139,140,141,142,143,145,146,147,148,149,150,151,153,155,157,158,159,160,161,163,164,166,168,169,170,171,172,173,174,177,178,180,181,182,183,184,185,186,187,188,189,191,192,193,194,195,196,197,199,201,202,203,205,208,210,211,212,213,214,215,217,218,219,220,221,222,223,225,226,227,228,229,231,233,234,235,237,238,239,240
79,81,82,83,84,85,86,87,90,91,92,93,94,96,98,99,100,102,103,104,105,106,107,108,109,110,111,112,113,114,116,118,120,121,122,123,124,125,126,127,128,129,130,131,132,133,134,136,139,140,141,142,144,145,148,152,154,155,156,157,158,159,160,161,163,164,165,166,168,170,171,172,173,174,175,176,177,178,179,180,181,182,183,184,185,186,187,188,189,190,191,193,194,195,196,198,199,200,202,203,204,205,206,207,208,209,210,212,213,214,215,217,219,221,222,224,226,227,229,230,231,232,234,240
80,81,82,83,84,85,86,88,89,91,92,93,94,96,97,100,101,103,104,105,106,108,109,110,111,112,113,114,116,118,119,121,122,123,124,125,126,127,128,129,130,131,132,133,134,135,136,137,138,139,140,141,143,144,145,146,147,148,150,151,153,154,155,156,157,158,159,160,161,162,164,166,167,168,169,170,171,172,173,174,175,176,177,179,180,181,182,183,184,185,187,188,191,192,193,194,195,196,197,199,200,201,202,203,204,205,207,208,209,210,211,212,213,217,218,219,220,221,224,225,226,227,228,229,230,231,233,234,235,236,239
81,82,83,86,87,88,89,90,91,92,93,94,95,96,97,98,100,102,103,106,108,110,111,112,113,116,117,118,119,120,124,125,127,129,130,131,132,133,134,135,136,137,138,139,141,142,143,145,146,147,148,149,150,151,152,155,156,157,158,159,160,161,162,164,165,166,167,168,169,171,172,173,174,175,176,177,178,179,180,181,182,183,184,185,186,187,188,189,190,191,192,193,194,195,196,197,199,200,201,202,203,205,208,209,210,211,212,213,214,215,216,217,218,220,222,223,225,226,227,228,229,230,231,233,235,236,238,239,240
82,83,84,85,86,87,89,90,91,92,93,94,95,96,97,98,99,100,101,102,103,105,108,109,110,111,112,113,114,115,116,117,118,119,120,121,122,124,125,126,127,129,130,131,133,136,137,138,139,140,143,144,145,146,147,148,149,150,151,152,153,154,160,161,162,163,164,165,166,167,168,169,170,171,172,173,174,175,176,177,179,180,181,182,183,184,185,186,187,188,190,191,192,194,195,196,197,198,200,201,202,203,204,205,206,207,210,211,212,213,215,216,217,218,219,221,223,224,225,226,227,229,231,232,233,234,235,236,237,238,239
83,84,86,87,88,89,90,91,93,94,96,98,100,101,102,103,104,105,106,107,108,109,110,111,112,113,114,115,116,117,118,119,120,121,122,123,124,125,126,127,129,131,132,134,135,138,140,141,143,144,145,146,147,148,150,151,152,154,155,157,158,160,161,164,165,166,168,169,170,172,173,174,175,176,177,178,179,180,181,182,183,184,185,186,188,189,191,192,194,196,198,199,200,201,202,203,204,205,206,207,208,209,210,211,214,215,216,218,219,220,222,224,225,226,227,228,229,230,231,232,233,234,235,238,239,240
84,85,86,87,88,89,90,91,92,93,94,96,97,98,99,100,103,106,107,108,109,111,112,113,114,117,118,119,121,123,126,127,128,129,131,132,133,135,139,140,141,142,143,145,148,149,150,151,153,154,156,158,160,162,163,164,165,166,167,169,170,171,172,173,175,176,177,178,179,180,181,182,183,185,186,187,188,190,192,194,195,196,197,199,200,201,202,203,204,206,207,208,209,210,211,212,213,214,215,216,217,218,219,220,221,222,223,224,225,226,227,228,230,231,233,234,237,238,239
85,86,87,89,90,92,93,94,95,97,98,99,100,101,102,105,106,107,108,111,112,114,115,116,117,118,119,120,121,122,123,124,125,126,127,128,129,131,132,133,134,135,136,137,138,140,141,142,143,144,145,146,147,149,150,152,153,154,155,156,157,158,159,160,161,162,163,164,166,167,168,169,171,172,173,174,176,177,178,179,180,181,182,183,184,185,187,188,189,190,191,194,195,196,197,199,200,201,203,204,205,207,208,209,210,211,212,213,215,216,217,218,219,220,221,222,223,224,225,226,228,229,230,231,232,233,235,236,237,238,240
86,87,88,89,90,92,93,94,95,96,97,98,100,101,102,103,104,105,106,108,110,111,112,113,114,115,116,118,119,121,123,124,126,127,129,130,131,132,133,134,137,138,140,141,142,143,144,146,147,148,149,150,151,152,153,154,155,156,158,160,162,163,164,166,167,169,170,171,172,175,176,177,178,179,181,182,184,185,186,187,188,190,191,192,193,194,195,196,197,199,200,201,202,204,205,206,207,208,209,210,211,213,214,215,216,217,218,219,220,221,222,223,224,225,226,227,228,229,230,231,232,233,234,235,236,237,238,240
87,88,89,90,91,93,94,95,96,97,99,100,101,102,103,104,105,106,107,108,109,110,111,112,113,114,115,116,117,118,119,120,121,122,123,124,125,126,127,128,129,130,134,135,136,137,139,140,141,142,143,144,146,147,148,149,150,153,154,155,156,157,158,159,160,161,162,163,164,165,167,169,170,171,172,173,174,175,176,178,181,182,183,184,185,186,187,188,189,190,191,192,193,195,197,198,200,201,202,203,204,206,207,208,209,210,211,212,214,215,216,217,218,219,220,221,223,224,225,226,227,230,232,233,234,235,236,237,238,239,240
88,89,90,92,93,94,95,96,97,98,99,100,104,106,107,108,109,110,111,112,113,114,115,116,118,119,120,121,122,123,124,126,128,129,130,131,132,133,134,135,136,137,138,139,140,142,145,146,147,148,149,151,152,153,154,155,156,157,158,159,160,161,162,163,164,165,167,168,169,170,172,173,174,175,176,177,178,179,180,181,182,184,185,186,187,189,190,191,192,193,194,195,196,197,198,199,200,201,202,203,204,205,206,209,211,212,213,215,216,217,218,219,220,221,222,223,225,227,228,229,230,231,232,233,234,235,236,237,239,240
89,90,91,92,93,94,95,96,98,100,101,102,103,104,105,108,109,110,111,112,113,114,115,116,117,118,119,120,121,122,123,124,125,126,128,129,130,131,132,133,134,135,136,137,138,139,140,141,143,144,145,146,148,149,150,151,152,153,154,155,156,157,158,159,161,162,163,164,165,166,168,169,170,172,173,174,175,176,177,178,180,181,182,183,184,186,187,189,192,193,194,195,196,197,198,199,200,201,204,205,206,207,208,209,210,211,214,216,217,219,220,221,223,224,225,226,227,228,229,231,232,233,235,237,239,240
90,92,93,94,95,96,97,98,99,100,101,102,103,104,106,107,108,110,111,112,113,114,115,116,117,118,121,122,123,124,125,126,127,128,129,130,132,133,134,135,136,137,138,139,140,141,142,143,145,146,147,148,150,151,152,153,154,155,156,157,158,159,161,162,163,164,167,168,170,171,172,173,174,175,176,177,178,179,180,181,182,184,185,186,187,188,189,190,191,192,193,194,195,197,200,201,202,203,205,206,207,209,210,211,212,213,214,217,218,219,221,222,224,225,227,229,230,232,233,234,236,237,238,239
91,92,94,95,96,97,100,101,102,103,104,105,108,111,112,113,114,116,117,118,119,120,121,122,123,124,126,127,129,131,132,133,134,135,136,137,138,139,140,141,143,144,145,146,147,149,151,152,153,156,157,159,161,163,164,165,167,168,169,170,171,172,173,174,175,177,179,180,181,182,183,184,185,186,187,188,189,190,192,193,194,195,196,198,199,200,201,202,204,205,206,207,208,209,210,211,212,214,216,217,218,219,220,221,222,224,225,226,227,229,230,232,233,236,237,238,239,240
92,94,96,97,98,99,100,102,104,105,106,107,108,109,110,111,112,113,114,115,116,117,118,119,121,122,123,124,125,127,128,130,132,133,134,135,137,138,140,141,142,143,144,146,147,150,151,152,153,154,155,156,157,158,160,161,163,164,167,168,169,171,172,173,174,175,176,178,179,180,182,183,184,185,186,187,188,189,191,192,195,196,198,199,200,201,202,204,207,208,210,211,212,213,215,216,217,218,219,221,222,223,224,226,227,229,230,231,232,233,234,235,236,237,238,239,240
93,94,95,97,98,99,100,103,104,105,106,107,108,109,110,111,112,113,114,115,117,119,120,121,122,123,124,125,126,128,129,131,132,133,134,135,136,137,138,141,144,145,146,147,148,149,151,152,153,154,155,156,157,158,159,160,161,162,163,164,165,166,167,168,170,171,172,173,174,176,177,179,180,181,183,184,186,187,188,189,190,191,192,193,194,195,196,197,198,199,200,203,204,205,206,207,209,210,211,212,213,214,215,216,217,218,220,221,223,224,225,226,229,230,231,232,233,234,235,236,237,238,239,240
94,95,97,99,101,102,103,104,105,107,108,109,110,111,112,113,114,115,116,117,118,119,121,122,123,124,125,127,128,129,130,131,134,135,136,137,138,139,140,141,143,145,146,147,148,149,150,151,153,154,155,156,157,158,159,160,161,162,163,164,165,166,167,168,169,170,171,172,173,174,175,176,177,178,179,182,183,184,185,186,187,188,189,190,191,192,193,194,196,197,198,200,201,202,203,204,205,206,207,208,209,211,212,213,214,215,217,218,219,220,221,222,223,224,225,226,227,228,229,230,231,232,233,234,235,236,237,238,240
95,96,97,98,99,100,101,102,103,104,105,106,107,108,109,113,114,116,117,118,119,120,121,123,125,126,127,129,130,131,132,133,134,135,136,137,138,140,141,142,143,144,145,146,149,150,151,153,154,156,157,158,159,160,164,165,166,167,168,169,171,172,173,174,175,176,177,178,179,180,182,183,184,185,186,188,189,190,191,192,193,194,195,196,198,199,200,201,202,203,204,205,206,207,208,209,210,211,212,217,218,219,220,221,223,224,225,226,227,228,230,231,232,233,235,236,237,238,239,240
96,97,99,100,101,102,103,104,106,107,108,110,111,113,114,115,116,117,118,119,120,121,122,123,124,125,126,129,130,131,132,133,134,135,136,137,138,139,141,142,143,144,145,146,148,149,151,153,155,156,157,158,160,161,162,165,166,167,168,169,170,171,172,173,174,175,176,177,178,179,180,181,182,183,185,186,188,189,191,192,193,194,195,197,198,199,200,203,205,206,207,208,209,210,211,212,213,214,217,218,219,220,221,222,223,224,225,226,227,228,229,230,231,232,233,234,235,236,237,238,239
97,98,99,100,101,103,104,105,106,107,108,109,110,112,113,114,115,117,118,120,122,123,124,125,126,127,128,129,130,131,132,133,135,136,137,138,139,140,141,142,143,144,145,146,147,148,149,150,151,152,153,154,155,156,157,158,159,160,165,166,167,169,170,171,172,174,175,176,177,179,180,181,183,184,186,187,188,189,190,191,192,195,196,197,199,200,201,202,203,204,205,206,207,208,209,211,212,213,214,215,216,217,218,219,220,221,222,223,225,226,227,228,229,230,233,234,235,236,237,238,239,240
98,100,101,102,103,104,105,106,107,108,109,110,111,113,114,115,116,117,119,120,123,124,126,127,128,129,130,131,132,133,135,137,138,140,141,142,143,145,146,147,148,149,150,152,153,154,155,156,157,158,159,160,161,162,163,164,165,166,167,169,170,171,173,174,175,177,178,181,182,183,184,185,187,189,190,191,192,193,195,196,197,198,199,200,202,203,204,205,206,207,208,209,210,211,212,213,214,215,216,217,219,220,222,223,224,225,226,227,228,229,230,231,232,233,234,235,236,237,238,239,240
99,101,102,103,104,106,107,108,109,111,112,113,114,115,116,118,119,120,121,122,124,125,126,127,129,130,131,132,134,135,136,137,138,139,140,141,142,143,145,147,148,149,150,151,152,153,154,156,157,158,159,160,161,163,164,166,167,168,169,170,172,173,174,175,176,177,180,181,182,185,186,187,188,189,190,192,193,194,195,197,198,199,200,201,202,204,205,206,207,208,209,210,211,212,215,216,217,218,219,220,221,222,224,226,227,228,229,230,231,232,233,234,235,236,237,238,239
100,101,102,103,104,105,106,107,108,109,111,113,114,115,116,117,118,119,120,122,124,125,126,128,129,130,131,132,133,135,136,138,139,140,141,142,143,144,146,147,148,149,150,151,153,154,155,156,157,158,159,160,161,162,163,164,165,166,167,168,170,171,172,173,174,175,176,177,178,180,181,182,183,184,185,186,187,188,191,192,193,194,195,196,198,199,200,201,202,203,204,205,207,208,210,211,214,215,216,217,218,219,220,221,222,223,225,226,227,228,229,230,231,232,233,234,235,236,237,238,240
101,103,105,106,107,108,109,110,111,112,113,115,116,117,118,119,121,122,123,124,125,126,127,129,130,131,132,134,135,136,137,138,139,141,142,144,145,146,147,148,149,150,152,153,154,155,156,157,158,159,160,161,162,163,164,165,166,167,169,171,172,173,174,175,177,178,179,180,181,182,183,184,185,187,188,189,190,191,192,193,194,195,196,197,198,199,200,201,202,204,205,206,207,208,209,210,212,213,214,215,216,217,218,219,220,222,223,224,225,226,227,228,229,230,231,232,233,234,235,237,239
102,103,104,105,106,107,108,109,111,113,114,115,117,118,120,121,122,123,124,125,126,127,130,131,132,133,135,136,138,139,140,141,142,143,144,145,146,147,148,149,150,151,153,154,155,156,157,158,160,161,162,163,164,165,166,167,168,169,172,173,174,175,177,178,179,180,181,182,183,184,185,186,187,188,190,191,192,193,194,196,197,198,200,201,202,203,204,205,206,207,208,209,211,213,214,215,216,217,219,220,221,222,223,224,225,226,227,228,229,230,231,232,233,234,236,238,239,240
103,104,105,106,107,109,110,112,114,115,116,117,118,119,121,122,123,124,126,127,128,129,130,131,133,134,136,137,138,140,141,142,143,144,145,146,147,149,150,151,152,153,155,156,158,159,160,161,162,163,164,165,166,167,169,170,171,172,173,175,180,181,183,184,185,186,187,188,190,192,193,195,197,198,200,201,202,203,204,205,206,207,208,209,210,212,214,215,216,217,219,222,223,224,225,226,227,228,229,230,231,232,233,235,236,237,238,239
104,105,106,108,109,110,111,112,113,114,115,116,117,118,119,120,122,123,125,126,127,128,129,130,131,132,133,135,136,137,138,139,140,141,142,143,144,145,146,147,148,152,154,155,157,158,159,160,161,163,165,166,167,168,169,170,171,172,173,174,175,176,177,178,179,180,181,182,184,187,188,189,190,191,192,193,194,196,197,198,199,200,201,202,203,205,206,207,208,209,210,211,212,213,214,215,216,217,218,219,220,221,222,223,224,225,228,230,231,232,233,234,236,237,238,239,240
105,106,107,108,109,110,111,114,115,116,117,118,119,120,122,123,124,125,126,130,134,135,137,139,141,142,143,144,145,147,148,149,150,152,154,155,156,157,158,159,160,161,162,164,166,168,169,170,171,173,174,175,176,177,178,179,180,181,182,183,186,187,189,190,191,192,193,194,196,198,200,201,202,203,204,206,207,208,210,211,212,213,214,215,216,217,218,219,220,221,222,224,225,226,227,228,229,230,231,232,234,235,236,237,238,239,240
106,107,108,110,111,113,114,115,117,118,119,120,121,123,124,125,126,127,130,132,133,134,136,137,138,139,140,141,143,147,148,149,150,152,153,154,155,156,157,159,160,161,163,164,165,166,167,168,169,170,171,174,175,176,178,181,182,183,184,185,187,188,189,190,191,192,193,194,195,196,197,200,201,202,203,204,205,206,208,209,210,211,212,213,216,217,218,219,220,221,222,224,225,226,227,228,229,231,232,233,234,235,236,237,238,239,240
107,108,109,111,113,114,115,116,117,119,120,121,122,124,125,126,127,128,130,131,132,133,134,135,136,138,139,140,141,142,143,144,145,146,147,148,149,150,151,152,155,156,157,158,159,160,161,162,164,167,168,169,170,171,172,173,174,175,176,177,179,181,183,184,185,188,189,190,191,192,193,194,196,197,198,199,201,202,203,205,206,207,208,209,210,211,212,213,214,215,216,217,220,221,222,223,224,225,226,227,228,229,230,231,232,233,236,237,239,240
108,109,110,111,113,114,115,116,117,119,120,122,123,126,128,129,130,131,132,133,135,136,137,138,139,140,141,142,143,144,145,146,147,149,150,151,152,153,155,156,157,159,160,161,162,163,164,165,166,167,168,169,171,172,173,174,176,179,180,181,182,183,184,185,186,187,188,189,190,191,192,193,194,195,199,200,201,203,204,206,207,208,209,210,211,212,213,214,215,216,217,218,219,220,221,222,223,224,225,226,231,233,234,235,237,238,239,240
109,110,111,112,113,114,115,116,117,118,119,120,121,122,123,124,125,127,128,129,130,131,132,133,134,135,136,137,138,139,141,142,143,144,147,148,150,151,152,153,154,155,156,157,158,160,161,165,166,167,169,170,171,172,173,174,176,177,178,180,181,182,183,184,185,187,189,190,191,193,194,198,199,201,202,203,204,206,207,208,210,211,212,214,215,216,219,220,221,222,223,224,225,227,228,229,230,232,233,235,236,237,239,240
110,112,113,114,115,116,118,119,120,121,122,123,124,125,126,127,128,129,130,131,132,134,135,136,138,139,140,142,143,144,145,146,147,148,149,151,152,154,155,156,157,158,159,160,162,163,167,169,170,171,172,173,174,175,176,178,179,180,181,182,183,185,186,187,188,189,191,192,195,196,197,198,199,200,201,202,203,207,208,209,210,211,212,213,214,215,216,217,218,221,222,223,224,226,227,229,230,232,233,234,236,237,238,239,240
111,112,113,115,117,118,119,121,122,123,125,126,127,129,130,131,132,133,134,135,136,137,138,139,141,142,143,144,145,147,148,149,150,151,152,153,154,155,156,157,158,159,160,161,162,163,165,166,168,169,171,173,174,175,177,178,180,182,184,185,186,187,188,190,191,192,193,194,195,196,197,200,201,202,203,204,206,207,208,209,211,212,213,214,215,216,217,218,220,221,222,223,224,225,226,227,228,229,230,231,233,235,236,237,238,239,240
112,113,114,115,116,117,118,121,123,124,125,126,128,129,130,132,133,134,135,136,137,138,139,140,143,144,146,147,148,149,150,151,153,154,156,157,158,160,161,162,163,164,165,166,167,168,169,171,172,173,174,175,176,177,178,179,180,181,182,183,184,186,187,188,189,190,191,192,194,195,196,197,198,199,200,201,202,203,204,205,206,208,209,210,211,213,214,215,216,217,218,220,221,222,223,225,227,228,230,231,232,233,234,235,236,237,238,239,240
113,114,115,116,117,118,119,120,121,122,123,124,126,127,128,129,130,132,134,135,137,138,139,140,141,142,143,145,146,147,148,149,150,151,152,153,154,155,156,158,160,161,162,163,164,165,166,167,168,170,171,172,173,175,176,177,178,179,180,181,182,183,185,186,187,188,189,191,193,194,195,198,199,200,201,202,203,204,205,206,207,208,210,211,212,213,215,216,218,219,220,221,223,224,225,227,229,230,231,232,233,234,235,236,237,238,240
114,115,116,117,118,119,120,121,122,123,124,125,126,127,128,129,131,132,133,134,135,136,137,138,139,140,141,142,143,145,146,149,151,152,154,155,157,161,162,163,164,165,166,167,168,169,170,171,172,173,174,175,178,179,180,181,182,185,186,187,188,189,191,192,193,194,195,196,197,198,200,201,203,204,205,206,207,209,210,211,212,214,215,216,217,218,219,220,221,222,223,226,227,228,229,230,231,232,233,234,235,236,237,238,239
115,116,118,119,120,122,124,125,126,127,128,129,131,132,133,134,135,136,137,138,139,140,141,142,143,144,146,148,149,151,153,154,155,157,158,159,160,161,162,163,164,165,166,167,168,169,172,173,174,175,176,177,178,179,180,182,183,186,187,188,189,190,191,192,193,194,195,196,197,198,201,202,204,205,206,207,209,210,213,214,215,216,217,218,219,220,221,223,224,226,227,228,229,230,231,232,233,235,236,237,238,239,240
116,117,118,119,121,123,124,125,126,127,129,131,132,133,135,137,138,139,140,143,144,145,146,147,148,149,150,151,153,154,155,157,158,159,160,161,162,163,164,165,167,170,171,172,173,174,175,176,177,178,179,180,183,184,186,188,189,190,191,193,194,195,196,197,198,199,204,205,207,208,209,210,211,213,214,215,216,219,220,221,222,223,224,225,227,228,229,230,231,233,235,236,237,239
117,119,120,121,122,123,124,125,126,127,129,130,133,134,135,136,137,138,139,140,141,144,145,147,148,149,150,151,152,153,154,156,157,158,159,160,161,165,166,167,168,169,171,173,174,175,176,177,178,179,181,182,183,184,185,186,187,188,189,190,191,193,194,195,196,197,199,200,202,204,205,206,207,208,209,210,211,212,213,214,215,217,218,219,220,221,222,223,224,225,226,227,228,229,230,231,232,233,234,235,236,237,238,239,240
118,119,120,121,122,123,124,125,126,127,128,131,132,133,134,136,138,139,140,141,142,143,145,146,147,148,149,150,151,152,153,154,155,156,158,159,160,162,163,164,165,168,169,170,171,172,173,178,179,180,181,182,183,184,186,187,189,190,191,192,193,194,195,196,197,198,199,200,201,203,205,207,208,209,212,213,214,215,216,217,218,219,222,223,225,226,227,228,229,230,232,233,234,236,237,238,239
119,120,121,123,124,125,126,127,128,130,132,133,134,136,137,138,139,140,141,142,143,144,145,146,147,149,150,152,153,155,156,157,158,159,160,161,162,164,165,166,167,168,169,170,172,173,174,175,176,177,178,181,182,183,184,185,186,187,189,190,191,192,193,194,195,196,197,198,199,200,201,202,203,204,205,207,208,210,211,212,215,216,217,219,220,221,222,223,224,225,226,227,228,229,230,231,233,234,235,236,237,238,239,240
120,121,123,124,125,126,127,128,129,130,131,133,134,135,136,137,140,141,142,143,145,146,148,149,150,151,153,154,155,156,157,158,159,161,162,163,164,165,166,167,168,169,170,171,172,173,174,175,176,177,178,179,180,181,182,183,185,186,188,189,190,191,194,195,196,197,198,199,201,202,203,207,208,209,210,211,212,213,214,215,216,217,218,219,221,222,223,224,226,227,228,229,230,233,235,236,237,238,239
121,122,123,124,127,128,129,130,132,133,134,137,138,139,140,141,142,144,145,146,147,148,149,150,151,152,153,154,155,157,158,159,160,161,162,163,164,165,166,167,169,171,172,174,175,176,177,179,180,181,182,183,184,185,186,187,189,190,191,192,193,194,195,196,197,198,199,200,201,202,204,205,206,207,208,209,210,211,213,214,215,216,217,218,219,220,221,222,223,224,225,226,227,228,230,231,232,233,234,235,236,237,238,239,240
122,126,127,128,129,130,131,132,133,134,135,136,137,139,140,141,142,143,144,145,146,147,148,149,150,151,152,154,155,156,157,158,159,160,161,163,164,167,168,170,171,172,173,174,175,176,177,179,180,181,183,184,185,186,187,188,189,190,191,192,193,195,196,197,198,199,200,202,203,204,206,208,209,211,213,214,215,216,217,218,219,220,221,223,224,227,228,230,231,232,233,234,235,236,239,240
123,124,125,126,127,128,129,132,133,134,135,136,137,138,139,140,141,142,143,144,145,146,147,148,149,151,153,154,155,156,158,159,160,161,162,164,165,166,167,169,172,173,174,175,176,177,178,180,181,182,183,184,185,186,187,188,190,191,192,193,194,195,196,197,198,200,201,202,203,204,206,207,208,209,211,212,213,214,216,217,218,219,220,221,223,225,226,227,228,229,230,232,233,234,235,237,238,239,240
124,125,127,128,129,130,131,132,133,134,135,136,138,139,140,141,142,143,144,146,147,148,150,151,153,154,155,157,158,160,161,162,164,166,167,168,169,170,171,172,173,174,175,176,177,178,179,180,182,183,184,185,186,187,188,190,191,192,193,195,196,197,198,199,201,202,203,204,205,206,207,208,209,210,211,212,213,214,215,216,217,218,219,220,221,222,225,226,227,228,229,230,231,233,234,235,236,239
125,126,127,128,129,130,131,132,133,134,136,137,138,139,140,141,142,143,144,146,147,148,149,150,151,152,153,155,156,157,158,160,162,164,165,166,168,169,170,171,172,173,174,175,176,177,178,180,181,182,183,184,185,186,187,190,192,193,194,195,196,199,200,201,202,203,204,205,206,207,208,211,213,214,216,217,218,219,220,221,222,223,224,225,226,227,228,230,231,232,233,234,235,236,237,238,239,240
126,127,129,130,132,133,134,135,136,137,138,141,142,143,144,146,148,149,151,152,153,154,155,156,157,158,159,160,163,164,165,166,167,168,169,170,171,172,173,174,175,176,178,179,180,182,184,185,186,187,188,189,190,191,192,193,194,195,196,197,198,200,201,202,203,204,205,206,207,208,209,210,211,212,213,214,215,216,217,218,224,225,226,227,228,229,230,231,232,233,234,235,237,238,239
127,128,129,131,132,133,134,135,136,137,138,139,140,142,143,144,145,146,147,148,149,150,151,152,154,155,156,157,158,159,160,161,162,163,164,165,168,170,171,172,173,174,175,177,179,180,181,182,183,184,185,186,188,189,190,191,193,194,196,197,198,199,200,201,202,203,204,206,208,209,210,211,212,213,214,215,216,217,218,219,220,221,222,223,224,225,227,228,230,231,232,233,235,236,237,238,239,240
128,129,130,131,133,136,137,138,139,140,141,142,144,145,146,147,148,149,151,152,153,156,157,158,159,161,162,163,164,165,166,170,171,172,173,174,175,178,179,180,181,182,183,184,186,187,188,189,190,191,192,193,195,197,198,199,200,201,202,203,204,205,206,207,208,209,210,211,212,213,214,215,216,218,220,221,223,225,226,227,228,229,230,231,232,233,234,235,236,238,239,240
129,130,131,132,133,134,135,136,137,138,139,140,141,142,143,144,145,146,148,149,150,151,152,153,154,156,158,159,160,161,162,163,164,165,166,167,168,169,170,171,172,174,176,177,178,179,182,184,188,192,193,194,195,197,198,199,201,202,203,204,205,206,207,208,209,210,211,213,214,215,216,217,218,219,220,221,223,224,225,228,230,231,232,233,234,235,236,237,238,239,240
130,132,133,134,135,136,137,138,139,140,141,142,143,144,145,146,148,149,150,151,152,153,154,155,156,158,160,162,163,164,166,167,168,169,171,172,174,175,176,178,179,180,181,182,183,184,185,188,190,192,193,194,195,196,197,198,199,200,203,205,206,208,209,210,211,212,213,215,217,218,219,220,221,222,223,224,226,227,228,229,230,231,232,233,234,235,236,237,238,239,240
131,132,133,134,135,136,137,138,139,140,141,142,143,144,145,146,147,148,149,151,152,154,155,156,157,158,159,160,161,162,163,164,166,167,168,169,170,172,173,174,175,176,177,178,180,181,182,183,184,185,186,188,189,190,192,193,194,195,197,199,200,201,202,203,204,205,206,207,208,209,210,212,213,214,215,216,217,218,219,220,223,226,227,228,229,230,231,232,233,234,235,236,237,238,239,240
132,133,134,137,138,140,141,142,145,146,147,148,149,151,152,153,154,155,156,157,158,159,160,161,162,163,165,166,167,168,170,171,172,173,174,175,176,178,179,180,181,182,183,184,186,187,188,189,190,191,192,193,195,196,197,198,200,201,202,204,205,206,207,208,209,210,211,212,213,215,217,218,220,221,222,223,226,227,228,229,230,231,232,233,234,235,236,237,238,239,240
133,134,135,136,139,140,142,143,144,145,146,147,148,149,150,151,152,153,154,156,157,158,159,160,161,162,163,164,165,166,168,171,172,173,174,175,176,177,178,179,180,181,182,183,184,185,186,187,188,189,190,191,192,193,194,195,196,197,198,199,200,201,202,203,204,205,207,210,211,212,213,215,216,218,220,221,222,223,224,226,227,228,229,230,231,232,233,234,235,236,238,239
134,135,137,138,141,142,144,145,146,147,148,150,151,152,153,154,156,157,160,161,162,163,164,165,166,167,168,169,170,171,172,174,176,177,178,179,180,181,182,183,184,185,186,187,189,190,192,194,195,196,197,198,200,201,202,203,204,205,206,209,210,211,212,213,214,215,216,217,218,219,221,222,225,226,227,228,229,230,232,233,234,236,237,238,239
135,136,137,138,139,140,142,144,145,146,147,148,149,150,151,152,153,154,155,156,157,159,160,161,162,163,164,165,166,167,168,170,171,172,175,176,177,178,179,180,181,182,183,185,190,191,192,193,194,195,197,198,199,201,203,204,205,206,207,208,209,210,213,214,215,216,217,218,219,221,222,223,224,225,226,227,228,230,231,232,235,236,238,239,240
136,137,138,139,140,141,142,143,144,145,146,147,149,150,151,152,153,154,155,156,158,159,160,161,162,163,164,165,166,169,170,171,172,173,175,176,178,179,180,181,182,185,186,188,190,192,193,194,195,196,197,199,200,202,204,205,207,208,209,210,211,212,214,215,216,217,218,219,221,222,223,225,226,227,228,229,230,231,232,233,234,235,236,237,238,239,240
137,138,139,140,142,143,144,145,146,147,149,150,151,153,155,156,157,158,159,160,161,162,164,169,171,172,173,174,175,176,177,178,179,180,181,182,183,184,185,187,188,189,190,191,192,193,194,195,196,199,200,201,203,204,205,206,207,208,209,210,211,212,213,215,216,217,218,219,220,221,222,224,225,226,227,228,229,230,231,232,233,234,235,236,237,238,239
138,139,140,141,142,143,144,145,147,148,150,151,153,154,155,156,157,158,159,161,162,163,165,166,167,169,170,173,175,176,177,178,179,180,181,182,184,186,188,189,190,191,192,193,194,196,197,199,200,201,202,203,205,206,207,208,209,210,212,213,214,215,216,217,218,219,220,221,223,224,225,227,228,229,230,231,232,233,235,236,237,239,240
139,140,141,144,145,147,148,149,150,151,152,153,154,155,156,157,158,161,162,163,165,166,167,168,170,171,173,174,175,176,179,183,184,185,187,188,189,190,191,192,193,194,195,196,197,198,199,200,201,202,203,204,206,207,209,210,211,212,213,216,217,218,219,220,221,222,223,224,225,227,229,230,232,233,234,235,236,237,238,239,240
140,141,142,143,144,145,146,147,148,149,150,154,155,157,159,160,161,162,163,165,166,167,168,169,174,175,176,177,178,180,181,182,184,187,188,189,190,191,192,193,194,195,196,198,199,201,202,203,204,206,207,208,209,210,212,213,214,215,216,217,218,219,220,221,222,223,225,226,227,228,229,231,233,234,235,236,237,238,239,240
141,142,143,144,145,146,149,150,151,152,153,154,155,157,158,159,160,161,162,163,164,166,167,168,169,170,171,172,173,174,175,177,178,179,180,181,184,185,186,187,188,189,190,192,193,194,195,196,198,199,200,201,202,204,205,206,207,208,209,211,212,213,214,215,216,217,219,220,221,223,224,225,226,227,228,229,230,231,232,234,236,237,238,239,240
142,143,144,145,146,148,149,150,151,152,153,154,155,156,157,158,159,160,162,163,164,165,166,167,168,169,170,171,173,174,175,178,179,180,181,182,183,184,187,193,195,196,197,198,199,200,202,203,204,206,207,208,209,210,211,212,213,214,215,216,218,219,220,221,222,223,224,225,226,227,228,230,231,233,234,235,236,237,238,239,240
143,144,145,146,147,148,149,150,151,152,154,155,156,158,160,161,162,163,164,165,166,167,168,169,170,171,173,174,175,176,177,178,179,180,181,182,183,184,185,186,187,188,189,191,192,193,196,197,198,199,200,201,204,205,207,209,210,211,212,213,214,215,216,217,221,222,223,224,225,226,227,228,229,230,231,232,233,234,235,236,237,238,239,240
144,145,146,147,148,149,150,151,153,154,155,156,157,158,159,160,161,162,163,164,165,167,168,169,170,173,174,176,177,178,180,181,182,183,184,186,187,188,189,190,191,192,194,195,197,199,200,201,202,203,204,205,206,209,210,211,212,213,214,217,221,222,224,225,226,227,228,229,231,232,233,234,236,237,238,239,240
145,146,147,148,149,150,151,152,154,155,156,157,158,159,160,161,162,163,164,166,167,168,169,170,171,172,173,174,175,176,177,179,180,182,183,184,186,187,188,189,192,193,194,197,198,200,202,203,204,207,208,211,212,213,216,217,218,219,222,223,224,225,226,227,228,229,230,231,232,234,235,236,237,238,239,240
146,147,148,149,150,151,152,153,154,155,160,161,162,163,164,165,166,167,168,169,170,171,172,173,174,175,178,179,182,183,184,185,186,187,188,189,190,191,192,193,194,195,196,197,198,199,200,201,203,204,205,206,208,209,210,211,213,214,217,218,220,221,222,223,224,226,227,228,229,231,233,234,235,236,237,238,239,240
147,148,150,151,152,153,154,156,157,158,159,160,161,162,163,164,165,166,168,169,170,171,173,174,176,177,178,179,180,181,182,183,185,186,188,189,192,194,195,196,197,200,202,203,204,205,207,208,209,210,212,214,215,217,218,219,220,221,222,224,225,226,227,228,229,230,231,232,233,234,235,236,237,238,239,240
148,149,150,151,152,153,154,155,157,158,159,160,161,164,165,166,168,169,170,171,172,173,174,175,176,177,178,179,180,181,182,183,184,185,186,187,188,189,190,191,192,193,195,196,197,198,199,200,201,202,203,205,207,208,209,210,213,214,215,216,217,218,219,220,221,222,224,225,226,228,229,230,231,233,234,236,237,238,240
149,150,151,152,154,155,156,157,158,159,160,161,162,163,164,165,166,167,168,169,170,171,172,173,174,175,176,177,179,180,181,182,183,185,186,187,188,189,190,191,192,193,194,195,197,198,200,201,202,203,204,205,206,207,208,209,210,211,212,215,217,218,219,220,222,223,224,225,226,227,228,229,230,231,234,235,236,237,238,240
150,151,153,154,155,156,157,158,159,160,161,163,165,166,167,168,169,170,171,172,173,174,176,178,179,180,181,182,184,186,187,191,192,193,194,195,196,197,198,199,200,201,202,203,204,205,207,208,209,210,211,212,213,216,217,218,220,222,223,226,228,229,230,233,234,235,236,237,238,239,240
151,152,154,155,157,158,159,160,161,164,167,168,169,170,171,172,175,177,178,179,180,181,182,183,184,185,186,187,188,189,190,191,192,193,194,195,196,198,199,200,201,202,203,204,206,207,208,209,210,211,212,213,214,215,216,217,218,219,220,223,224,225,227,228,229,230,231,232,233,234,235,237,238,239,240
152,154,155,156,157,158,160,161,162,163,164,165,166,167,169,171,173,174,175,177,178,179,180,181,182,183,184,185,186,187,188,190,191,192,193,194,198,199,200,201,202,203,204,205,206,207,208,209,210,211,213,215,216,217,219,220,221,222,223,224,225,226,227,228,229,230,231,232,233,235,236,237,238,240
153,154,156,157,158,159,160,161,162,163,164,165,166,167,168,169,170,172,173,174,175,176,177,178,179,180,181,182,183,184,185,186,187,188,189,190,191,193,194,195,197,198,199,200,201,202,203,205,206,207,208,210,211,212,214,216,217,218,219,221,222,223,224,225,226,227,230,231,232,233,234,236,237,238,240
154,155,156,157,158,159,160,161,162,163,164,165,166,167,168,169,170,171,172,173,174,175,178,179,181,182,183,184,185,186,188,189,190,191,193,194,195,196,197,198,199,201,203,204,206,207,208,209,211,212,215,216,217,219,220,221,222,223,224,225,226,227,228,230,234,235,236,237,238,239,240
155,156,157,159,160,161,162,163,164,166,167,168,169,172,174,175,176,177,178,180,181,182,183,184,185,186,187,188,190,191,192,193,194,195,196,197,198,199,200,201,203,205,206,207,208,209,210,211,212,213,214,216,217,218,219,220,221,222,224,225,226,228,229,230,231,232,233,235,236,238,239,240
156,157,158,159,161,162,163,165,166,167,168,169,170,171,172,173,174,176,178,179,180,181,182,183,184,185,186,187,188,189,190,192,194,195,196,197,198,200,201,203,204,205,206,207,208,210,211,212,213,214,215,216,217,218,219,221,222,223,224,225,226,227,228,229,230,231,232,233,235,238,239,240
157,158,159,160,161,164,165,166,167,168,170,171,172,173,174,175,176,177,180,181,184,185,186,187,188,189,190,192,193,194,195,196,197,198,199,200,201,202,203,205,206,207,208,209,210,211,212,213,215,217,218,219,220,221,222,223,225,230,232,233,234,235,238,239,240
158,159,160,161,162,163,164,165,166,167,168,169,170,171,172,173,176,178,179,180,181,182,183,184,185,186,187,188,189,190,191,192,193,194,196,198,199,200,201,202,203,204,205,206,207,209,211,212,214,215,217,218,219,220,221,223,224,226,227,228,229,230,232,233,234,235,236,237,238,239,240
159,160,161,162,163,166,167,168,169,170,171,172,173,175,177,178,180,181,182,183,184,185,186,188,189,190,191,192,193,194,196,197,198,199,201,202,203,204,205,206,207,208,209,212,213,214,216,217,218,219,221,224,225,227,229,230,231,232,233,234,235,236,237,238,239,240
160,161,162,164,165,166,167,168,169,170,171,172,173,175,176,177,178,179,180,181,182,183,184,186,187,188,189,190,191,192,194,197,198,199,200,202,203,204,205,206,207,208,209,210,211,212,213,215,216,218,219,220,221,222,223,224,225,226,229,230,231,232,234,235,236,237,238,240
161,162,165,166,167,168,169,170,171,173,174,175,176,177,179,180,182,183,185,186,188,189,190,191,193,196,197,198,200,201,202,203,204,205,206,207,208,209,210,211,212,213,214,215,216,217,218,219,220,221,222,223,224,226,227,228,229,230,231,233,234,236,237,238,239
162,163,164,165,166,167,168,169,170,172,176,177,179,180,181,182,184,185,186,187,188,189,190,191,192,193,194,195,196,198,199,200,201,202,204,205,206,207,208,209,210,212,214,215,217,218,219,220,222,224,228,229,230,231,232,233,234,235,236,237,238,239,240
163,164,165,167,168,169,170,171,172,174,175,176,178,179,180,181,183,184,186,187,188,189,190,192,193,194,195,196,197,199,200,201,202,203,204,205,206,207,209,210,211,212,213,214,215,217,218,219,220,222,223,224,225,226,230,231,232,235,237,238,239,240
164,165,166,167,168,169,170,171,173,174,175,176,177,178,179,181,182,183,184,185,186,187,188,189,191,192,193,194,196,197,198,199,200,201,202,203,205,206,207,208,209,213,214,215,216,217,218,220,221,223,224,226,227,228,229,231,233,234,235,236,237,238,239
165,166,168,170,171,172,174,175,176,177,178,179,180,181,182,183,185,186,187,188,189,190,191,192,193,194,195,196,197,198,199,202,203,204,205,206,207,208,209,210,211,212,213,214,215,216,217,218,219,220,221,222,224,225,226,227,228,229,230,231,232,233,234,235,236,237,238,240
166,167,170,172,174,176,178,180,181,182,183,184,186,187,188,189,190,191,193,194,195,196,198,199,200,201,202,205,206,208,209,210,211,212,213,214,215,216,217,218,219,220,221,222,223,224,225,227,228,229,230,231,232,233,234,235,236,237,238,239,240
167,168,170,172,173,174,175,176,177,178,179,180,181,183,185,186,188,189,191,192,193,195,196,197,198,200,201,202,203,204,205,207,208,209,210,211,212,213,215,216,217,218,221,222,223,224,225,226,227,228,230,231,232,233,234,235,236,237,238,239,240
168,169,171,173,175,177,178,179,181,182,183,184,185,186,187,188,189,190,191,194,195,197,199,200,201,204,205,206,207,208,209,210,212,213,214,215,216,217,218,220,221,222,224,225,226,228,229,230,231,232,233,235,236,239,240
169,170,171,172,173,175,176,177,178,179,180,182,183,184,185,186,187,188,189,191,192,193,195,196,197,198,199,200,201,202,203,204,205,206,207,208,210,212,213,215,216,217,218,220,221,222,223,225,226,228,230,231,232,233,234,235,236,237,238,239,240
170,171,172,173,174,175,176,178,179,180,181,182,183,184,186,187,188,190,191,192,193,194,195,196,199,200,201,203,205,206,207,208,209,210,211,213,215,216,217,218,220,221,225,226,227,228,230,231,232,233,234,236,237,238,240
171,172,173,174,175,176,177,178,179,180,181,182,183,184,185,186,187,188,189,190,191,192,193,194,196,197,198,199,200,201,202,203,204,205,206,207,208,211,212,213,214,216,217,218,219,220,222,223,224,225,226,227,228,229,231,232,234,235,236,237,238,239,240
172,173,174,175,176,177,178,179,180,181,182,183,184,185,186,188,190,191,192,193,194,196,197,198,199,200,201,202,203,204,205,207,208,209,210,211,212,213,214,216,217,218,220,221,222,223,224,227,228,229,230,231,232,233,234,238,240
173,174,175,176,177,178,179,180,182,184,186,187,188,189,190,191,192,193,194,195,197,198,201,202,203,204,206,208,209,211,212,213,215,216,217,218,219,220,221,222,223,224,225,226,227,228,229,230,231,232,234,235,236,237,238,240
174,175,176,177,179,181,182,183,184,185,186,187,188,189,190,191,192,194,196,197,199,200,201,202,203,205,207,208,209,211,212,214,215,218,219,220,221,222,223,224,225,226,227,228,230,231,232,234,235,239,240
175,177,178,179,180,181,182,183,184,185,187,188,189,190,191,193,194,195,196,197,199,200,202,204,205,206,207,208,210,211,212,213,216,217,218,219,221,222,226,227,228,229,230,231,232,234,236,237,238,239,240
176,180,181,182,183,184,186,187,188,189,190,191,193,194,195,196,197,198,199,201,202,204,205,206,207,209,212,213,214,216,217,218,219,220,221,222,223,224,225,226,227,228,229,230,231,232,234,235,236,237,238,239,240
177,178,179,180,181,182,183,184,185,187,189,190,191,192,193,195,196,197,199,200,201,202,203,206,207,208,209,210,211,212,213,214,215,217,218,219,220,221,223,224,225,226,227,229,230,231,232,233,234,235,236,237,238,239,240
178,179,180,181,182,183,184,185,186,187,188,189,190,191,192,193,194,195,196,197,198,199,200,202,203,204,205,207,208,209,211,212,213,214,215,216,217,218,220,221,222,223,224,225,226,227,228,229,230,231,232,233,234,235,236,237,238,239,240
179,180,181,182,183,184,185,186,187,188,189,190,191,192,193,196,197,199,200,201,203,204,205,206,209,210,211,212,213,214,215,217,218,221,222,224,225,226,227,228,229,230,231,232,233,234,237,238,239,240
180,181,182,183,184,185,186,187,188,189,190,192,194,195,196,197,199,200,201,202,203,206,207,208,209,211,212,213,214,216,217,221,222,223,226,227,228,229,230,232,233,234,235,237,239,240
181,182,183,185,186,187,189,190,192,193,194,195,198,199,202,205,206,207,208,210,212,213,214,215,216,217,218,219,220,221,222,223,224,225,227,229,230,231,232,233,234,235,236,237,238,239
182,183,184,185,186,188,189,190,191,192,193,194,195,196,197,198,199,200,201,202,203,204,205,206,207,208,209,211,212,213,214,215,216,217,218,219,220,222,223,225,228,229,230,231,232,233,234,235,236,237,238,239,240
183,184,185,186,187,188,190,192,193,194,195,196,197,198,199,200,201,202,203,204,205,206,207,208,209,212,213,215,216,217,218,219,220,221,222,224,227,228,229,230,231,232,233,234,236,237,238,239,240
184,185,186,187,188,189,190,191,192,193,194,195,196,197,199,200,202,203,204,207,208,209,210,211,212,213,214,215,216,217,218,219,220,222,224,225,226,227,228,229,230,231,232,233,234,235,236,237,238,239,240
185,186,187,188,189,190,191,192,193,194,195,196,197,199,200,202,203,204,205,206,207,208,209,210,211,212,213,214,215,216,217,220,221,222,223,224,225,226,227,228,229,230,231,232,234,235,236,238,239,240
186,187,190,191,192,193,194,198,199,200,201,202,204,205,206,209,210,211,212,214,215,216,217,218,219,220,221,222,223,224,225,226,227,228,229,231,232,233,235,237,238,239,240
187,189,190,191,192,193,198,201,203,204,205,206,207,208,209,210,211,212,213,214,215,216,217,218,221,222,223,225,226,227,228,229,230,232,233,235,236,237,238,240
188,189,190,191,192,194,196,197,198,199,200,201,202,203,204,205,206,207,208,209,211,212,213,218,219,221,222,223,224,225,226,227,228,229,230,231,232,233,234,235,236,237,238,239,240
189,191,192,193,194,195,196,197,198,199,201,202,203,204,205,206,208,209,210,212,214,216,217,218,219,220,221,222,225,226,227,228,230,231,232,233,234,236,238,239
190,192,194,195,196,197,198,200,201,202,203,204,205,206,207,209,210,211,212,213,214,215,216,217,218,220,221,222,223,224,225,226,228,229,230,231,232,233,234,235,236,238,239,240
191,192,193,194,195,196,197,199,200,203,204,206,207,208,210,211,212,213,214,215,217,218,219,220,221,222,223,225,226,227,228,229,230,232,234,235,236,237,240
192,193,194,195,196,197,198,199,200,201,202,203,204,205,206,207,208,209,210,215,216,217,218,219,220,221,222,223,224,226,227,228,230,231,232,233,235,236,237,238,239,240
193,194,195,196,197,200,201,202,203,204,205,206,207,210,212,213,214,215,216,218,219,220,221,222,223,225,226,227,228,229,231,232,233,234,235,236,238,239
194,195,196,197,198,199,200,201,202,203,204,205,206,207,209,210,213,215,217,218,219,220,221,222,223,224,229,231,232,233,234,235,236,237,238,240
195,196,197,199,200,201,203,204,205,206,207,208,209,210,211,212,213,216,217,218,219,220,221,222,224,225,227,228,230,231,232,233,234,235,236,238,239,240
196,197,198,199,200,201,202,203,205,206,208,210,211,212,213,215,216,217,218,219,220,222,223,225,227,228,231,232,233,234,235,236,237,238,239,240
197,198,199,200,201,202,203,204,205,206,208,209,210,211,212,213,216,217,218,219,220,222,223,224,225,226,228,229,231,232,233,234,237,238,239,240
198,199,201,203,204,205,206,207,208,211,212,213,214,215,216,217,219,220,221,223,224,226,228,229,230,231,233,235,236,237,238,239,240
199,200,202,206,207,208,209,210,211,214,215,216,217,219,221,222,223,225,227,228,229,231,232,233,234,235,236,238,239
200,201,202,203,204,205,206,207,208,209,211,212,214,215,217,218,219,220,221,222,223,224,225,227,228,230,231,232,233,234,235,236,239,240
201,202,203,204,206,207,208,209,210,211,212,213,214,215,216,217,218,219,221,224,225,226,227,228,229,230,231,232,233,235,236,237,239,240
202,204,205,206,207,208,209,210,211,212,216,217,218,220,221,222,223,224,225,226,228,229,230,231,232,233,235,236,237,238,239,240
203,204,205,206,207,208,209,210,211,212,213,216,217,219,221,222,223,224,225,226,228,229,231,232,233,234,236,237,238
204,205,207,208,209,210,213,214,215,216,217,219,221,222,223,225,227,228,230,232,233,234,236,237,238,239,240
205,207,208,210,211,212,213,214,215,216,217,218,219,220,222,223,225,227,228,229,230,233,234,235,236,237,239,240
206,207,208,209,210,211,212,213,215,216,218,219,220,221,222,225,226,227,231,232,233,235,236,237,238
207,208,209,211,213,214,215,216,217,220,222,224,225,226,227,229,230,231,232,235,237,238,239
208,209,211,212,213,214,215,216,218,219,220,221,222,223,224,225,226,227,229,230,231,232,233,234,235,236,237,238,239,240
209,210,211,212,213,214,216,217,218,219,220,222,223,224,225,226,227,228,229,230,232,233,234,235,236,237,238,239,240
210,212,214,215,216,217,218,219,220,221,223,224,225,226,227,228,229,230,231,232,233,234,235,236,237,238,239,240
211,212,215,216,219,220,221,222,223,224,225,227,228,229,230,231,232,233,234,235,237,238,239,240
212,213,214,215,216,217,218,219,220,221,222,223,224,225,226,227,229,230,232,233,234,235,236,237,238,239,240
213,215,216,217,218,219,220,221,222,223,224,225,226,227,228,229,230,231,232,233,234,235,236,237,238,239,240
214,215,216,217,219,220,221,222,223,224,225,226,227,229,230,231,232,233,236,237,238,240
215,216,217,218,221,222,223,224,225,227,228,231,232,233,234,236,237,238,239,240
216,217,219,221,222,223,224,225,226,227,228,229,230,231,233,235,236,237,238,239,240
217,218,219,221,222,223,224,225,226,227,228,229,230,231,232,233,234,235,236,239,240
218,220,222,223,224,225,226,228,229,230,231,232,234,235,236,237,238,239,240
219,220,222,223,224,225,228,229,230,231,232,233,234,237,238,239,240
220,221,222,223,224,225,226,229,230,231,232,233,234,235,236,237,238,239,240
221,223,224,225,226,227,228,230,231,232,233,234,235,236,239,240
222,223,224,225,226,227,228,229,230,231,232,235,237,238,239
223,224,225,226,228,229,230,231,232,233,234,235,236,237,238,239,240
224,225,228,229,230,231,232,234,235,236,237,238,239,240
225,226,227,229,231,232,233,234,236,237,238
226,229,230,231,232,233,234,235,236,237,238,239,240
227,228,229,230,231,232,233,234,236,237,240
228,229,230,231,233,235,238,239,240
229,230,232,233,234,235,237,238,240
230,231,232,234,235,236,238,239,240
231,232,233,234,235,237,239,240
232,234,235,236,237,238,239,240
233,234,235,236,237,238,240
234,235,236,237,238,239,240
235,236,237,238,239,240
236,237,238,239,240
237,239
238
239,240
240
