n_nodes:178
n_edges:9054
density:0.57475
0,1,2,3,6,7,9,10,14,15,18,20,21,22,23,27,28,30,32,33,35,36,38,40,42,44,46,47,48,51,52,53,54,55,58,60,63,65,68,72,73,78,79,80,81,82,84,85,88,89,90,92,93,94,95,97,100,102,103,104,108,111,112,113,117,118,122,123,124,127,128,130,131,132,135,137,138,142,143,144,145,147,149,151,154,155,158,159,161,162,163,164,167,169,170,173,176,177
1,5,6,7,8,9,11,14,15,17,18,19,20,21,23,25,27,28,31,32,34,35,36,38,40,41,42,44,45,46,47,48,49,50,52,54,55,56,57,58,59,60,61,63,64,65,66,67,68,69,71,73,75,77,78,81,84,87,88,89,92,93,94,98,99,100,101,104,105,106,107,109,112,113,114,117,118,120,123,124,125,126,128,133,136,137,138,139,140,143,145,146,147,149,152,154,155,158,159,161,165,167,170,171,173,176,177
2,3,5,7,8,10,14,15,16,19,20,22,24,25,26,27,31,34,35,37,39,41,44,45,46,49,50,51,54,55,57,58,59,60,61,62,63,64,65,67,68,70,72,73,75,76,77,78,80,81,82,84,85,89,90,91,94,95,96,98,100,102,103,105,106,109,110,113,116,118,119,121,123,124,126,128,129,132,133,135,136,140,141,142,143,146,153,156,157,158,162,164,166,168,169,172,173,174,176,177
3,6,7,8,9,11,12,16,18,19,21,22,23,24,27,28,31,32,33,34,36,37,38,39,44,45,46,47,48,49,51,52,54,56,58,59,61,63,64,65,66,67,68,69,71,76,77,78,80,81,82,83,84,86,87,88,89,95,97,99,100,103,107,108,109,110,111,112,115,116,117,119,120,121,123,124,126,128,129,132,133,136,137,138,140,141,144,147,149,151,155,156,158,159,161,162,163,164,169,170,172,176,177
4,6,7,8,9,10,12,14,15,17,21,22,23,24,26,27,29,31,32,34,36,37,38,41,43,45,46,48,49,50,51,52,55,56,57,58,59,62,64,65,66,67,69,70,72,73,74,78,79,80,81,82,83,85,86,88,89,91,94,95,98,101,103,106,108,109,110,111,114,115,117,118,121,124,126,128,134,135,136,137,141,142,143,144,146,148,151,152,154,157,158,159,160,163,166,167,169,171,172,174,175,176
5,7,8,9,14,18,19,20,24,29,30,31,33,34,35,36,38,39,41,42,44,49,50,52,53,54,55,59,62,64,65,66,67,69,72,73,74,75,77,81,82,84,87,88,90,91,92,93,96,98,99,100,101,103,104,105,107,108,109,112,113,116,117,118,119,121,122,125,126,128,129,131,133,134,138,139,140,141,142,143,144,145,147,148,149,150,151,152,154,155,156,157,158,159,160,165,166,170,171,173,175,176,177
6,9,12,15,17,18,19,20,23,27,28,29,30,33,35,36,38,39,42,44,45,51,52,54,56,58,60,63,65,66,67,68,70,71,74,77,79,80,81,82,83,84,85,90,94,97,98,99,100,101,102,105,106,107,109,110,112,114,115,116,117,119,121,123,124,126,127,128,130,132,135,137,138,139,140,143,145,146,148,150,154,156,157,159,163,166,167,169,170,172,173,174,175,176
7,8,10,12,13,14,15,18,20,21,24,25,29,30,33,34,35,36,37,38,39,41,42,43,44,45,46,47,48,49,50,52,53,54,56,58,59,60,61,62,64,65,66,69,70,71,75,79,81,83,85,86,87,88,89,92,93,95,96,98,100,101,102,104,105,106,107,108,109,110,111,113,115,117,118,119,120,123,125,128,129,130,133,135,136,138,139,140,146,147,151,153,154,155,158,162,164,165,166,168,169,170,171,172,175,176,177
8,9,11,12,13,14,16,17,20,21,23,24,26,27,28,30,33,34,35,36,38,39,40,41,43,44,45,46,47,48,49,50,51,52,53,54,55,56,57,59,60,61,63,66,68,73,75,76,77,78,80,81,82,83,84,88,89,90,91,95,97,98,99,100,102,103,104,106,107,108,110,113,114,116,117,118,120,123,124,125,130,131,135,136,137,138,139,140,141,144,147,148,149,150,151,152,153,154,156,159,161,162,164,166,168,170,171,173,174
9,12,14,17,18,19,21,22,23,25,28,29,30,31,34,35,36,37,39,40,43,44,45,48,49,54,55,56,58,59,60,61,62,63,65,67,68,70,71,73,74,76,79,81,83,84,88,90,92,93,94,96,97,100,102,104,107,108,110,114,116,117,118,119,120,121,122,125,127,131,132,134,136,139,140,141,142,143,144,146,147,149,150,151,153,156,158,159,163,165,168,169,171,173,174,175
10,11,13,15,16,18,19,21,22,24,25,26,28,29,30,31,32,33,34,36,37,38,39,41,43,46,49,50,53,54,55,57,58,59,60,63,64,65,67,71,73,74,75,76,80,82,83,86,88,89,94,95,96,97,98,100,101,103,106,107,108,109,110,113,114,115,116,118,121,123,125,129,130,133,135,136,137,140,141,142,143,145,147,149,152,154,157,160,163,165,167,171,172,175
11,14,16,17,19,20,21,22,23,25,26,27,28,29,30,31,34,37,39,40,42,44,46,47,48,51,52,55,56,59,67,68,69,71,72,73,75,76,77,78,80,81,82,83,88,89,90,92,94,96,98,99,101,102,104,107,109,110,112,113,114,115,118,119,120,124,127,128,129,131,132,133,135,138,139,140,141,145,148,149,150,151,153,155,158,159,160,162,165,166,167,168,169,172,174,175,176
12,13,14,15,19,21,22,24,25,28,29,31,34,37,39,40,41,43,44,45,47,48,49,50,51,55,57,59,61,63,64,65,66,68,69,70,71,72,73,74,79,80,82,85,86,88,90,93,94,95,96,97,98,99,100,101,103,104,105,106,108,109,110,112,114,116,119,121,125,126,127,129,130,131,135,136,140,141,142,145,147,149,150,152,153,157,161,162,163,164,165,169,171,173,174,175,177
13,14,15,16,18,20,21,22,24,25,27,28,29,32,34,36,37,39,40,41,42,44,45,47,48,50,51,52,53,55,57,58,59,62,63,64,65,67,68,69,70,71,72,73,74,76,77,78,79,80,82,83,84,85,87,89,91,92,93,95,96,97,98,102,103,105,106,109,110,111,112,114,115,116,123,124,127,128,131,134,135,138,139,140,141,142,143,144,146,148,149,150,151,152,153,154,159,161,163,164,166,167,170,171,172,173,175,176
14,18,20,22,23,25,26,28,29,31,32,34,35,39,40,41,42,43,44,46,47,49,50,51,52,53,54,56,57,58,60,61,62,63,64,65,67,68,69,70,76,78,80,85,86,87,88,89,90,91,92,93,95,96,97,98,99,100,102,106,107,108,109,112,113,114,116,119,120,124,125,129,131,132,133,135,138,139,140,141,147,149,150,152,155,158,159,161,162,164,165,169,170,173,174,176,177
15,17,18,20,21,24,25,26,27,28,31,32,33,34,35,37,38,43,44,45,48,51,55,59,61,62,63,64,65,66,67,68,70,72,73,74,77,79,80,81,82,84,85,87,91,92,93,94,95,99,100,101,102,103,104,107,108,109,110,112,113,114,115,116,118,119,122,125,128,129,131,132,135,137,138,139,141,143,144,147,149,150,151,152,153,154,155,157,158,159,161,162,163,164,166,170,171,173,174,177
16,17,23,25,27,29,31,32,34,38,40,43,44,45,47,52,55,56,58,59,61,62,67,68,70,71,73,74,75,77,78,80,81,82,85,86,88,90,94,98,100,101,102,104,105,108,109,112,113,114,116,117,119,121,124,125,126,131,132,136,137,141,142,145,148,149,150,151,154,156,157,158,159,160,161,166,170,171,172,173,174
17,18,19,20,21,25,26,28,30,31,35,39,42,45,49,52,60,63,66,68,69,70,71,72,73,75,79,82,83,84,85,86,90,92,97,100,101,105,106,110,111,112,113,114,115,117,119,121,122,125,126,127,128,129,132,133,134,135,136,139,140,141,142,143,144,146,149,152,154,155,162,165,166,167,168,169,172,173,174,176,177
18,20,23,24,25,26,27,29,30,31,32,33,34,35,37,38,39,44,46,47,48,49,50,51,52,53,56,57,58,61,62,64,68,69,71,73,74,76,77,78,80,81,82,83,84,87,90,91,92,96,97,98,100,101,103,104,105,106,108,110,112,113,117,119,120,121,123,124,125,127,129,131,133,135,136,137,138,139,141,144,145,150,151,152,154,155,156,157,158,159,162,164,166,168,170,171,172,177
19,21,23,25,27,28,30,31,36,37,39,41,43,44,46,48,53,57,58,60,61,62,64,65,67,70,71,74,75,77,78,79,80,81,82,86,87,89,90,92,93,94,97,98,99,100,101,103,104,105,107,108,110,111,113,115,117,122,124,126,127,128,129,130,131,133,135,137,139,142,143,145,146,147,148,151,153,154,155,156,157,159,160,161,162,163,165,168,169,170,171,173,174,175,176,177
20,21,24,25,26,27,28,29,33,35,36,37,40,41,43,45,47,51,52,53,55,57,60,63,64,66,67,69,70,71,72,73,74,77,80,81,84,85,87,88,90,91,94,95,96,97,98,101,102,103,105,106,108,109,111,113,114,115,116,119,121,127,128,129,130,133,134,136,137,139,140,141,142,143,146,149,153,156,159,160,163,164,166,167,170,171,174,176,177
21,22,23,24,25,26,27,30,31,32,33,35,37,41,43,46,47,50,51,52,55,56,57,59,62,63,64,65,68,72,73,75,76,77,78,79,81,82,87,88,89,90,92,94,95,96,98,100,101,102,103,104,105,106,108,109,110,112,115,116,118,119,120,122,123,124,127,133,134,136,138,139,140,142,143,144,145,146,150,152,153,156,157,158,160,161,162,163,164,165,166,167,169,171,176
22,24,25,26,27,28,29,30,31,33,34,35,40,41,42,44,45,47,49,50,52,53,56,57,59,60,61,63,64,65,67,69,70,72,74,77,78,79,80,81,88,89,91,92,93,96,97,99,100,105,106,107,110,112,116,117,120,122,123,124,125,127,128,129,130,133,134,135,137,138,139,140,141,143,144,145,148,151,153,154,155,156,157,159,161,162,167,169,170,171,172,173,176,177
23,24,25,26,27,28,29,31,32,33,34,38,39,40,42,44,45,48,49,50,51,52,55,56,57,59,60,61,62,63,64,66,67,68,69,73,77,80,81,82,83,84,88,89,91,92,93,94,95,97,99,101,106,108,111,112,115,116,117,120,121,122,123,125,126,128,129,130,132,133,134,136,137,138,139,141,143,144,145,146,148,151,153,155,156,157,158,160,161,162,163,164,166,168,169,170,173,175,176
24,25,26,29,30,31,32,34,36,37,38,40,41,43,44,45,46,48,50,51,53,55,58,59,60,62,63,65,68,69,70,72,73,75,76,78,79,80,83,84,86,94,95,96,98,99,104,105,106,107,111,113,114,115,117,118,119,122,125,127,130,131,135,137,141,142,143,144,145,147,150,152,154,157,159,165,166,167,168,169,170,173,175,176,177
25,27,29,33,35,36,37,38,41,42,43,44,45,47,50,53,55,56,57,63,66,69,70,71,74,75,76,77,78,79,80,81,82,83,84,85,86,87,88,89,91,92,93,94,95,100,102,104,107,113,116,118,119,120,122,123,127,128,129,130,131,133,135,138,139,140,142,143,144,145,146,150,151,152,153,157,159,162,166,169,172,175,176
26,27,28,29,30,31,33,34,35,37,38,40,41,42,43,48,49,50,51,52,53,54,55,56,57,58,59,60,61,62,64,65,66,68,71,73,76,77,78,81,86,89,91,92,93,94,95,96,97,98,101,102,103,104,105,106,107,108,109,111,113,115,121,122,124,127,135,136,138,139,140,141,143,144,145,148,149,150,151,152,153,154,156,157,161,162,163,164,165,166,169,170,171,172,174
27,28,29,30,32,33,35,36,40,43,44,47,48,49,52,53,56,57,59,60,61,65,68,69,70,71,73,74,76,78,80,81,82,83,85,87,88,89,91,92,93,94,95,96,98,99,104,107,109,110,111,113,115,116,119,122,123,125,126,128,131,133,134,135,136,137,138,139,141,145,147,149,150,152,153,155,158,160,161,162,163,165,167,169,170,171,172,173,174
28,30,33,35,38,39,40,41,44,45,46,49,51,52,53,54,55,56,57,60,65,66,69,70,71,72,73,74,79,80,81,83,86,87,89,92,93,94,98,100,102,103,107,108,109,110,112,113,114,118,120,122,126,127,132,133,137,140,141,142,143,144,146,149,151,152,153,155,156,160,162,163,165,166,168,172,174,176,177
29,30,31,33,35,38,40,41,42,43,45,46,48,49,51,52,56,59,60,62,63,64,66,68,70,71,72,73,74,75,76,77,81,82,83,84,85,86,89,90,91,92,95,97,100,102,105,106,108,109,110,111,115,116,117,118,119,120,122,123,125,126,128,129,132,133,136,137,138,139,142,143,145,147,149,154,156,157,159,163,165,166,168,170,171,174,175,176,177
30,31,32,34,35,36,38,42,44,46,47,51,52,55,56,57,60,61,64,65,66,68,69,70,75,77,80,83,84,86,87,88,90,92,93,94,95,96,97,99,103,104,105,106,107,108,111,112,116,117,118,119,123,125,126,127,128,130,133,136,137,138,139,140,141,142,144,146,147,148,151,152,153,154,156,159,160,162,163,164,165,166,168,169,171,172,173,175,176,177
31,33,36,37,38,39,40,41,42,44,45,47,48,50,55,56,58,59,61,63,64,70,72,73,76,77,78,81,82,85,86,87,88,89,90,91,92,93,96,97,98,99,100,101,103,104,105,107,111,112,114,115,116,117,119,122,123,124,128,129,130,134,136,137,138,139,140,141,143,144,145,146,148,149,150,152,153,154,155,157,160,162,163,164,165,167,169,170,171,172,173,174,175,176,177
32,33,35,38,40,41,42,43,48,51,53,54,55,56,57,59,60,61,63,64,65,67,69,71,72,75,77,83,84,85,86,87,88,90,91,93,96,97,98,99,102,103,105,106,108,110,111,112,114,117,118,121,122,125,126,128,129,130,132,134,136,137,138,139,141,142,143,145,146,149,151,152,153,155,157,158,159,160,161,162,163,165,166,168,169,170,172,173,175,176,177
33,34,35,36,37,38,41,42,44,45,48,50,51,54,55,56,57,59,63,64,65,66,67,69,70,72,74,75,76,79,81,82,83,84,86,88,89,90,93,94,95,96,97,100,105,106,107,110,111,112,113,117,119,121,123,124,125,126,128,131,133,136,137,139,143,144,145,146,149,150,155,156,157,158,160,161,164,166,172,173,174,175,176
34,35,37,38,40,42,43,44,45,47,48,54,61,62,63,66,67,68,69,70,72,78,80,82,83,87,88,89,90,91,94,97,104,105,106,107,109,110,114,116,121,122,123,125,128,129,132,134,135,136,137,141,144,146,150,151,156,157,160,161,162,164,166,167,168,169,170,171,173,174,175,177
35,38,42,43,45,46,47,48,49,51,53,54,55,56,57,58,61,62,66,69,71,73,74,76,77,79,80,81,82,83,85,86,88,89,90,92,93,94,100,101,102,107,108,109,113,114,116,117,118,119,120,121,122,124,125,126,127,129,130,132,133,134,135,136,137,139,140,143,144,147,148,150,152,153,154,155,157,158,160,161,162,166,167,168,170,171,172,176
36,37,39,41,43,44,47,48,49,50,53,55,57,59,62,66,67,71,72,73,75,77,78,79,81,82,83,85,88,89,93,96,97,98,99,100,101,102,103,104,105,106,107,109,112,113,115,116,120,122,123,124,125,126,127,128,129,132,134,136,138,139,142,145,148,150,151,152,153,155,158,160,161,162,165,166,168,169,172,173,175,177
37,39,40,41,42,43,44,45,46,49,50,52,53,54,55,59,61,64,65,67,68,73,74,78,81,82,83,84,86,87,88,89,91,94,95,96,101,102,103,104,105,106,107,108,110,112,114,115,120,121,122,124,125,126,128,130,134,137,139,142,143,144,145,146,153,154,155,156,159,161,162,167,169,171,172,174,175,176,177
38,44,45,46,48,49,52,55,62,63,64,67,69,70,71,73,78,79,80,85,86,87,88,89,90,91,92,93,95,97,99,103,106,110,112,113,117,118,119,120,122,123,125,126,130,132,133,134,135,137,139,142,143,146,147,148,150,155,157,159,161,162,163,164,165,167,168,169,172,173,174,175,176
39,40,41,42,43,46,49,50,51,53,54,56,58,61,62,64,67,68,72,73,74,75,77,79,80,81,82,84,85,86,87,88,91,92,94,95,96,97,99,100,103,104,106,107,108,113,115,116,117,119,121,124,126,129,137,138,139,140,141,142,143,146,147,148,149,151,152,153,154,155,158,160,162,164,165,166,169,174,177
40,41,42,43,44,48,49,50,52,53,54,55,57,58,60,61,63,64,66,67,69,70,71,72,74,75,76,78,83,84,86,90,91,93,94,95,97,98,99,100,105,107,108,109,112,117,120,121,122,123,124,126,128,130,131,134,138,139,140,141,142,143,145,146,147,149,150,151,152,153,157,158,160,162,164,165,166,169,171,172,174,175
41,44,45,46,47,52,54,56,59,60,61,62,66,67,71,74,75,76,77,78,80,83,84,85,86,88,89,90,95,96,99,100,101,102,105,106,107,108,110,111,112,113,114,116,120,121,123,125,126,127,128,129,132,133,135,137,139,141,142,143,147,149,151,152,155,158,159,160,161,163,165,167,168,171,172,174,176,177
42,47,48,51,53,54,55,56,57,58,59,60,62,63,64,65,66,67,69,70,71,72,73,74,75,76,79,81,82,85,87,88,89,91,92,93,96,97,98,100,103,104,106,107,110,111,112,113,114,115,117,119,120,123,124,126,131,133,136,138,139,140,142,143,145,146,147,149,150,151,152,157,159,162,163,164,165,166,167,169,174,175,176
43,149,132,131,139,141,145,151,156,159,161,169,170,171,44,45,46,47,176,157,155,53,168,138,63,160,67,69,71,72,177,75,76,79,80,84,85,152,88,89,90,94,165,144,102,104,105,106,164,174,112,113,114,147,116,117,121,122,124,126,127
44,45,46,47,48,49,51,52,53,54,56,58,59,60,61,62,66,67,69,71,72,73,75,76,77,82,83,85,86,87,88,90,91,92,93,95,96,97,98,99,100,102,107,108,109,110,111,114,115,118,119,120,121,122,123,124,125,128,133,134,135,138,139,141,142,143,147,148,150,153,154,157,158,159,160,161,162,164,165,166,168,169,171,172,174,176,177
45,46,48,50,51,52,53,54,56,63,64,67,68,69,74,78,82,85,86,87,88,89,94,95,96,97,98,101,102,103,104,105,107,108,112,114,115,116,120,122,125,127,128,131,133,134,136,139,140,141,145,147,151,152,153,154,156,158,160,161,163,164,168,169,170,171,172,175,177
46,47,48,49,51,52,54,55,56,59,60,61,62,64,67,68,69,70,71,72,75,76,77,79,80,83,84,85,88,92,93,94,97,99,103,107,108,115,116,117,118,119,121,122,123,124,126,127,129,130,133,135,136,137,138,140,142,143,144,146,148,150,151,153,157,158,159,163,164,165,167,168,170,171,172,173,174,177
47,52,54,55,60,61,63,65,66,67,68,69,70,71,73,74,75,76,78,79,82,84,86,90,91,93,94,95,98,100,101,102,103,104,107,108,109,110,113,114,115,116,117,119,120,123,124,126,128,129,130,133,134,139,140,143,146,149,150,151,152,153,154,155,156,158,159,160,161,163,166,173,175,176
48,49,50,51,53,54,56,57,59,60,61,62,65,66,68,69,70,76,78,79,80,81,82,83,84,85,87,88,89,90,91,95,96,99,100,102,103,104,106,107,109,110,112,115,117,120,123,124,125,126,127,128,133,134,135,136,138,139,140,141,142,143,144,146,148,153,155,158,159,160,161,162,170,173,174,176,177
49,50,51,52,53,55,56,57,58,59,60,61,62,63,65,68,69,72,73,76,77,78,79,80,82,83,85,86,87,89,90,93,94,96,98,99,101,102,105,106,107,108,109,110,112,113,114,115,116,117,118,119,120,121,122,123,128,129,130,131,133,134,135,139,141,142,143,144,145,146,147,148,150,152,153,154,155,157,159,161,163,164,166,167,169,171,172,174,175,176,177
50,52,53,58,60,63,64,67,68,73,75,76,78,79,81,83,84,85,86,89,90,93,95,96,98,100,102,103,104,108,110,111,113,114,117,118,119,120,121,123,124,126,127,129,130,133,134,135,136,137,138,140,141,142,144,145,146,148,150,154,155,157,159,160,164,165,167,169,170,171,172,173,175,176,177
51,54,55,57,59,61,62,63,66,67,70,71,72,73,75,76,78,81,82,83,84,85,86,88,91,95,96,100,101,102,103,104,107,109,112,113,115,116,117,118,122,125,127,129,130,131,132,134,136,137,139,142,143,149,151,152,153,156,157,163,164,166,169,172,173,174,176
52,54,56,59,61,63,64,67,69,70,71,74,78,80,81,82,84,88,90,93,95,96,97,98,99,100,102,103,106,108,110,112,113,114,118,119,120,121,122,123,126,127,129,131,132,135,136,137,138,140,141,142,144,146,147,148,149,151,152,154,155,156,157,160,162,165,168,169,170,172,175,176
53,54,55,56,59,62,63,69,74,76,77,79,80,81,82,83,85,89,90,94,95,100,101,103,105,106,108,110,111,112,114,116,117,120,121,123,124,125,127,128,129,130,131,137,139,141,142,143,147,149,151,152,153,155,157,159,160,163,164,166,167,168,169,171,174,176,177
54,55,58,59,61,67,68,69,70,71,72,73,74,75,76,77,78,81,85,86,87,90,91,94,95,96,97,101,102,103,105,107,112,113,114,116,121,123,124,126,127,128,129,131,136,140,141,143,145,146,147,148,149,150,151,152,154,156,157,159,161,164,165,166,167,169,170,171,172,173,174,175,177
55,56,57,58,59,60,61,71,74,75,76,80,81,82,83,84,85,86,87,88,89,90,93,94,96,97,98,100,101,102,103,104,105,110,112,114,115,116,121,122,123,125,126,127,129,131,133,134,135,137,139,140,141,143,146,147,148,149,151,154,157,158,159,160,161,167,171,173,174,175
56,57,62,63,65,70,71,72,73,74,75,77,79,81,82,84,86,88,89,91,93,95,96,97,102,104,106,108,109,110,111,113,116,117,118,119,120,122,123,124,128,129,130,131,132,133,136,138,139,140,143,145,148,149,150,152,153,154,159,161,163,164,165,167,168,169,170,172,173,174,175,176,177
57,58,59,61,62,64,65,67,69,70,71,72,73,74,75,76,77,78,80,82,84,85,86,87,89,91,92,93,95,99,101,102,106,107,108,109,111,112,113,114,115,117,124,125,126,128,129,131,132,133,135,136,137,138,140,141,143,145,148,149,151,152,153,155,157,161,162,167,171,172,173,174,176,177
58,59,62,63,64,66,67,69,72,73,76,77,79,83,84,85,86,87,89,90,91,92,93,97,99,100,101,102,104,106,107,108,109,110,114,115,116,119,120,121,122,123,124,126,127,128,129,130,133,134,135,136,138,141,142,144,147,148,149,150,153,159,160,161,162,166,171,172,174,177
59,60,61,63,65,66,67,68,69,70,71,73,74,75,80,83,85,88,89,91,93,96,98,99,100,101,102,106,109,114,115,116,117,119,120,122,124,125,126,128,131,133,135,139,141,142,143,144,148,149,153,155,156,157,159,160,163,165,166,167,168,169,170,172,175,177
60,62,63,64,65,66,68,72,74,75,76,79,81,82,83,85,87,91,92,93,94,96,98,99,101,102,103,104,106,107,108,109,111,112,114,116,118,119,121,123,124,126,127,128,130,131,132,134,136,139,140,142,144,145,146,148,149,151,152,153,154,155,156,159,160,163,164,165,168,169,171,175,176
61,62,63,64,65,68,69,71,72,74,75,76,77,78,82,84,86,87,89,92,94,95,97,98,101,102,104,106,110,112,114,115,116,119,121,123,124,125,126,127,134,135,136,139,141,143,145,147,148,152,153,154,158,159,161,163,164,165,166,167,168,169,172,173,177
62,66,68,69,70,71,76,78,85,87,93,94,95,96,98,99,100,102,105,106,107,110,111,115,118,119,120,121,122,123,125,127,130,131,132,134,135,136,138,139,140,141,145,148,149,152,154,155,157,158,159,160,161,162,163,167,171,173
63,64,67,69,70,72,74,76,77,78,79,81,82,83,91,92,94,95,97,98,99,100,106,108,109,110,114,116,122,123,125,126,131,132,133,134,136,138,139,140,142,143,144,145,146,148,150,154,157,159,160,163,166,169,171,172,173,175,176,177
64,65,66,68,70,71,72,73,76,77,78,79,80,82,83,87,88,89,91,94,95,96,100,101,103,106,108,110,113,114,115,117,118,119,121,123,126,127,129,133,135,137,138,141,143,144,147,148,152,156,157,158,161,162,163,168,169,170,171,172,173,175,176,177
65,66,67,68,69,70,71,72,75,76,78,79,82,84,87,89,91,94,95,96,98,99,100,104,106,108,109,111,112,113,114,117,118,120,121,122,124,125,126,127,128,129,130,131,132,134,138,139,141,145,148,149,150,153,155,157,161,162,163,164,166,167,172,174,176
66,68,70,71,72,73,74,76,77,83,85,86,88,89,91,92,97,103,106,107,108,110,111,112,117,118,119,120,121,123,125,129,130,131,132,134,137,138,139,141,143,146,147,148,149,151,153,154,155,157,158,160,161,163,164,165,166,168,171,172,173,174,175
67,70,71,73,74,76,77,78,79,80,81,83,84,89,90,91,93,95,97,99,100,101,103,104,108,109,110,111,113,116,117,119,120,121,122,123,124,125,126,128,130,135,138,141,143,144,146,147,148,152,153,154,156,157,158,159,160,162,168,169,170,171,173,176
68,69,71,72,73,75,78,79,80,81,82,83,84,85,87,89,91,92,97,98,99,100,101,104,105,106,107,109,112,113,114,116,117,118,122,125,126,127,128,129,130,131,132,133,135,138,139,142,143,144,145,147,148,149,150,152,155,156,158,159,161,163,164,168,169,173,174,175,177
69,71,72,74,75,77,78,82,85,87,89,90,91,92,93,94,95,96,99,100,101,103,104,105,106,107,110,111,112,114,117,118,119,120,121,124,125,126,128,129,130,131,133,134,135,136,137,138,139,141,147,148,149,150,155,157,159,160,161,163,164,165,168,171,174,175,176
70,71,72,73,74,75,76,79,82,83,84,86,87,94,95,96,97,99,100,101,102,103,105,107,108,110,113,114,115,116,118,119,120,121,122,123,124,125,127,128,129,130,133,134,138,139,140,141,143,147,148,149,152,153,155,157,158,159,160,161,162,165,167,169,172,176
71,73,76,77,83,84,86,87,88,91,93,96,98,100,101,102,104,105,106,107,108,109,110,113,118,119,120,121,124,125,126,127,128,130,131,133,135,138,139,140,142,143,144,145,148,150,151,153,157,159,162,164,165,169,170,171,173,175,176,177
72,73,76,78,82,84,85,86,87,91,92,94,95,96,98,100,101,102,103,105,106,107,108,109,111,115,117,118,119,121,122,123,125,126,127,129,131,132,133,134,135,136,139,141,142,144,146,147,148,149,152,153,155,156,159,160,161,162,163,165,167,171,175,176
73,75,76,77,78,80,81,82,87,88,89,90,93,94,95,96,98,101,103,108,111,112,118,120,121,122,123,125,126,128,129,130,131,133,134,135,136,137,141,145,148,149,150,152,153,156,157,158,159,161,165,166,168,169,170,171,172,173,176
74,75,76,77,78,79,80,82,83,84,86,87,89,90,93,96,97,98,101,103,105,107,108,109,112,113,116,117,118,120,122,123,125,127,132,134,137,143,144,148,149,150,151,153,154,155,156,157,158,161,165,166,168,169,170,172,174,177
75,79,80,82,85,86,87,89,92,94,95,99,100,101,102,103,104,105,107,109,111,112,113,114,115,118,119,120,122,123,124,125,127,128,129,130,131,137,139,144,145,146,147,149,150,152,153,154,157,158,159,160,162,163,165,166,168,171,174,177
76,77,78,79,80,83,84,85,86,87,91,93,95,99,100,102,103,104,107,110,111,115,116,118,119,120,122,123,124,125,127,128,131,134,135,138,140,141,143,145,146,147,148,150,153,155,158,159,164,165,166,167,172,173,175,176
77,78,79,81,83,84,87,88,90,92,93,94,95,96,97,98,103,104,106,108,109,110,111,112,113,115,116,117,118,119,120,123,125,126,127,129,130,131,132,135,136,138,139,140,144,145,147,149,151,152,153,157,159,161,162,163,165,166,167,169,170,171,172,173,174
78,79,80,85,89,93,94,95,97,100,103,106,107,108,110,112,113,114,116,117,119,120,123,124,125,126,128,129,135,136,139,140,146,147,150,151,156,158,159,161,162,163,164,165,167,168,170,171,173,175,176,177
79,81,82,83,84,85,86,87,89,90,91,92,93,97,98,99,100,104,105,107,109,112,113,115,116,117,118,119,121,122,124,126,129,133,136,138,139,140,141,142,143,146,147,149,150,155,156,166,167,170,171,172,174,177
80,82,84,86,87,88,89,90,91,92,93,95,97,99,101,102,103,104,105,107,108,111,118,119,120,121,123,125,126,128,129,130,131,137,141,143,144,145,151,152,154,155,156,157,158,159,161,164,166,168,169,170,176
81,82,83,84,87,88,89,90,91,94,96,97,98,99,101,102,104,106,107,109,110,111,112,116,117,118,119,120,121,122,123,127,128,130,131,135,136,139,141,147,148,149,150,151,152,155,157,159,160,161,162,164,166,168,170,171,174,175,176,177
82,86,88,90,91,92,93,94,98,100,101,102,103,105,106,107,108,111,112,113,115,116,119,120,121,123,125,126,127,129,131,133,136,138,141,144,145,147,149,154,156,157,159,160,164,166,168,170,172,174,175,177
83,84,87,90,91,93,95,98,100,101,103,104,106,108,113,114,115,116,118,119,120,121,122,124,125,126,129,130,131,132,133,137,138,139,144,146,149,150,156,160,163,165,166,167,172
84,85,88,89,94,95,97,101,102,104,107,108,109,110,111,115,116,118,120,123,127,128,129,132,133,134,135,136,137,138,140,141,142,143,144,146,147,149,150,156,157,159,161,162,163,164,165,166,167,168,169,172,175,176,177
85,87,88,89,90,91,93,94,97,98,99,100,101,102,104,105,107,110,112,113,115,116,117,118,121,124,125,126,127,128,129,131,132,133,137,138,139,141,142,143,144,147,148,149,151,153,154,155,157,158,159,163,165,166,168,169,171,172,173,174,175,176
86,87,89,92,94,95,96,98,100,105,106,113,115,117,120,121,124,126,128,130,131,132,133,134,136,138,139,140,141,142,143,148,149,153,155,158,160,162,164,165,166,167,168,169,172,174,175,176
87,89,92,93,94,95,96,97,98,99,100,103,104,106,107,109,110,112,113,115,116,119,120,124,125,126,127,128,129,131,135,138,139,142,143,146,147,148,149,151,152,153,154,155,156,158,160,161,164,165,166,167,168,169,171,172,173,175,177
88,91,94,95,96,97,98,100,101,102,103,104,106,107,108,109,111,112,114,115,116,118,120,121,122,124,125,126,127,129,132,133,136,138,142,146,149,150,151,154,156,157,158,161,163,164,165,166,167,170,171,172
89,91,94,95,96,97,101,102,103,104,105,106,107,109,110,112,114,115,116,119,120,123,124,125,127,128,129,130,131,132,134,136,137,139,140,141,143,144,148,149,151,153,154,155,156,157,159,160,161,162,163,164,170,171,172,173,175,177
90,93,94,96,97,99,100,102,103,105,106,107,108,109,110,111,112,113,114,116,117,120,121,122,123,124,125,126,127,128,129,132,133,134,135,138,139,141,142,144,145,146,147,149,150,153,154,155,156,158,159,160,161,166,168,171,174,175,177
91,92,93,94,96,97,102,104,106,107,109,110,111,112,114,115,116,124,129,132,133,134,135,137,138,139,140,141,142,144,145,147,149,152,156,159,161,163,164,167,168,169,170,171,172,175,176,177
92,95,97,98,99,104,105,106,107,110,111,112,113,114,115,117,118,119,120,121,122,123,124,125,126,128,129,132,134,135,138,140,142,147,148,149,150,152,153,154,156,157,158,159,160,164,167,168,169,170,171,177
93,94,96,97,99,101,102,105,106,110,111,112,113,114,115,116,119,120,122,124,125,126,127,128,131,132,134,135,138,139,140,146,150,151,153,154,155,157,158,159,162,163,168,169,170,171,173,174,175,177
94,97,98,99,100,101,102,103,104,105,106,108,110,113,115,116,119,121,122,124,128,130,132,133,136,137,138,140,144,145,147,148,149,155,156,157,158,159,160,163,170,171,172,174
95,96,98,102,103,105,106,107,109,110,111,113,115,117,119,120,126,127,128,131,133,136,138,139,140,143,144,145,146,148,152,153,154,156,162,163,165,166,167,169,171,172,173,176,177
96,97,99,104,106,107,108,115,116,117,118,120,124,126,129,131,132,133,135,136,141,142,146,149,150,154,157,159,160,161,162,164,165,166,168,169,170,172,173,176
97,100,101,103,104,105,106,107,108,111,112,113,115,116,117,118,120,121,123,125,126,127,130,134,136,139,142,143,144,146,147,148,149,150,152,153,155,156,157,163,164,168,169,170,171,172,173
98,101,102,103,104,105,107,108,111,112,113,120,122,123,125,126,127,129,130,132,133,135,136,137,138,139,141,142,144,145,146,148,149,150,154,158,160,161,163,165,166,167,168,170,171,172,174,176,177
99,100,101,102,109,112,114,115,116,117,118,121,126,127,128,129,130,132,133,134,135,137,138,139,140,141,144,146,147,148,149,150,151,152,153,154,156,157,159,162,165,166,167,168,171,175,176
100,103,107,108,109,110,111,112,115,116,117,118,119,121,122,124,126,127,128,129,130,131,132,134,136,137,138,139,142,145,146,147,148,149,151,152,156,159,160,161,163,164,165,168,170,171,174,175,177
101,103,104,105,106,107,109,112,113,116,117,118,121,125,128,129,130,132,133,134,139,141,142,143,144,146,147,148,149,150,151,152,154,156,158,160,163,164,165,167,170,172,175,177
102,104,108,112,114,115,117,118,119,120,122,123,124,125,126,127,133,134,135,138,139,141,142,143,145,147,151,152,153,154,155,156,157,158,160,163,165,171,172,173,174,175,176
103,105,109,110,112,113,114,116,117,118,119,121,122,125,128,131,132,133,134,135,136,137,139,141,142,145,147,148,149,150,154,155,156,160,162,163,165,170,173,175,176
104,108,109,112,113,116,118,119,120,122,123,124,125,128,130,131,133,134,135,141,143,144,145,146,147,148,149,150,154,156,159,160,162,163,164,165,168,169,174,177
105,106,108,109,110,111,112,113,114,115,118,119,123,124,125,126,127,128,129,130,131,133,134,137,138,140,141,142,143,144,150,151,152,154,155,156,157,159,160,162,163,165,166,168,169,170,171,172,173,174,176
106,107,108,109,110,111,112,113,114,115,116,117,118,119,120,121,122,125,129,135,136,138,139,140,144,146,149,152,153,157,159,160,161,164,167,169,170,172,173,174,175,176
107,108,109,110,111,112,114,115,116,117,118,124,125,126,128,130,131,132,133,134,136,137,138,140,141,144,149,150,151,152,154,155,156,157,160,161,162,164,165,166,167,168,169,172,173
108,109,113,114,116,117,118,122,123,126,133,134,135,136,138,140,141,142,143,145,150,153,157,159,160,161,165,167,169,170,177
109,111,113,115,118,120,121,123,126,132,134,135,136,137,138,141,142,143,145,146,147,148,149,151,153,154,155,156,158,164,165,167,168,171,172,174,175
110,111,112,114,115,117,119,121,123,124,125,126,127,129,130,131,137,138,140,143,145,148,149,150,153,154,155,157,159,160,161,163,171,172,173,176
111,112,113,117,119,122,125,126,127,128,129,130,131,132,133,134,135,136,139,141,142,143,144,145,146,147,149,150,151,152,153,156,157,158,160,161,163,164,165,166,168,170,171,173,174
112,114,116,119,120,121,124,125,127,128,130,131,135,138,139,141,142,143,144,150,151,153,155,158,160,162,164,165,169,173,174,175,176
113,115,118,120,121,123,124,127,129,131,132,133,134,136,137,138,139,140,141,148,149,158,160,161,162,163,164,165,166,170,172,176
114,115,117,118,119,120,121,122,123,124,125,126,128,129,130,132,135,136,138,141,142,144,145,147,148,151,153,154,162,163,165,166,168,170,173,174,175,177
115,117,118,119,121,122,124,128,131,133,136,137,139,142,143,144,145,146,148,151,157,161,162,164,165,166,168,169,172,176
116,119,120,123,125,127,129,130,132,133,135,136,143,144,146,148,150,151,155,158,160,164,165,166,167,168,170,171,172,177
117,120,121,122,124,126,128,130,133,136,137,140,141,143,144,145,146,148,149,150,152,156,158,160,164,167,169,171,172,173,174,177
118,120,122,125,126,128,130,133,136,137,138,141,142,145,148,154,158,159,160,161,163,165,167,168,171,172,173,175,176
119,121,122,123,125,129,131,133,135,143,145,147,150,151,152,153,155,156,161,162,163,164,165,166,171,173,174,175,176
120,122,124,125,126,127,129,130,132,134,137,138,139,140,142,144,145,148,149,150,153,154,157,159,160,161,162,163,164,167,174,177
121,122,123,124,125,126,127,129,131,133,134,135,138,139,143,149,150,151,154,156,157,159,160,162,168,169,170,173,174,175,177
122,125,127,128,133,135,136,137,139,140,141,142,145,146,147,149,151,152,154,155,156,157,158,159,160,161,162,165,166,169,170,171,173,175,177
123,124,125,127,128,131,133,135,136,137,138,140,141,143,145,146,148,150,152,153,156,157,158,159,160,161,162,165,166,170,172,176,177
124,127,131,132,136,139,140,143,147,149,152,153,157,158,159,160,163,166,167,168,169,170,172,174,175,176,177
125,126,127,130,131,132,133,135,139,141,142,143,145,147,148,149,151,153,154,156,158,160,161,162,163,166,168,169,170,171,172,174,175,176
126,127,128,129,131,134,135,139,141,142,143,144,145,146,148,152,154,156,158,160,161,162,164,166,168,169,172,173,175,177
127,128,131,132,134,136,138,139,140,143,144,145,147,148,152,153,154,155,156,158,159,161,166,167,168,170,174,175,176
128,129,130,132,133,134,136,138,139,140,143,144,145,146,147,151,152,154,155,157,158,159,163,165,166,169,170,173,174,175
129,131,133,134,135,136,139,141,142,143,144,145,148,149,153,155,156,157,158,161,162,164,165,166,167,169,170,177
130,132,134,135,136,137,138,142,143,147,148,150,151,152,153,154,155,156,157,158,159,160,161,162,164,165,166,167,168,170,171,173,175,176
131,132,137,138,141,142,143,146,148,149,150,151,152,153,154,158,160,163,167,168,169,171,172,174,175
132,133,138,146,148,149,150,152,155,158,161,167,172,151,175,177,166,143,144,171,147,169
133,139,140,145,146,147,148,149,150,151,154,156,158,159,160,161,162,165,166,168,169,170,172,174,175,176
134,135,137,139,140,141,142,143,144,145,147,150,151,152,153,156,158,161,162,163,164,165,166,168,169,171,172,174,177
135,137,139,140,144,147,149,151,152,153,157,158,159,160,162,163,164,169,170,172,173
136,137,140,142,143,148,149,151,152,153,154,157,159,161,162,163,164,166,167,169,170,171,172,175,176,177
137,140,141,142,143,144,148,150,152,153,154,155,157,158,160,161,162,164,166,167,172,175,176
138,139,140,141,144,145,148,151,152,153,154,155,156,157,158,160,161,162,166,168,169,170,171,173,174,175,176
139,140,142,143,144,146,149,150,151,156,158,159,161,162,163,165,166,167,169,171,172,174,176,177
140,142,145,146,151,154,157,158,159,160,161,162,164,166,167,169,170,171,172,173,176
141,142,146,147,148,149,150,156,157,158,159,160,163,164,166,168,169,170,171,172,173,174,175,176,177
142,143,144,145,147,148,149,151,152,154,155,159,161,162,164,168,177
143,144,145,147,148,150,153,154,155,157,158,159,160,161,162,163,165,166,167,169,172,173,174,175,176
144,145,146,147,148,149,150,151,152,154,156,160,161,163,164,166,167,168,170,171,172,173,174,175,177
145,146,148,151,153,157,159,160,163,164,166,169,170,171,172,173
146,147,148,150,154,158,159,160,162,164,165,168,171,173,175,176
147,148,149,150,152,153,154,155,156,159,166,167,168,169,171,173,174,176,177
148,149,150,151,152,153,155,156,157,159,161,162,163,165,166,167,170,173,174,175,177
149,150,151,152,156,157,158,160,161,162,163,164,165,166,167,168,170,171,172
150,153,154,155,156,157,158,159,160,162,163,167,169,170,175,177
151,152,153,155,156,157,158,161,162,163,164,165,168,173,175
152,153,154,156,158,160,161,162,163,165,167,169,171,173,174,176,177
153,154,155,157,159,162,164,166,167,168,170,172,175,176,177
154,156,158,160,161,164,165,166,168,169,170,171,172,173,175,176,177
155,156,157,158,159,161,164,165,167,169,170,172,173,174,175,177
156,157,159,160,161,163,168,170,171,173,177
157,158,159,160,162,164,165,166,167,168,170,171,175
158,159,160,161,164,165,168,169,170,171,177
159,162,163,165,166,172,174,175,176
160,161,163,165,166,167,169,170,172,173,175,177
161,162,163,166,167,170,171,172,175,176
162,163,164,166,169,170,172,175,177
163,164,165,166,169,170,171,172,173,174,176,177
164,165,166,167,168,172,174,175,177
165,166,169,170,171,172,174,175
166,167,170,171,174,176,177
167,168,169,172,173,174,175
168,169,172,173,174,175,176,177
169,170,171,172,173,174,175,176
170,171,173,175,176
171,174,175,176,177
172,175,177
173,174,175
174,177
175,176,177
176,177
177
