n_nodes:234
n_edges:4830
density:0.17718
0,129,66,67,132,5,199,137,160,142,15,20,21,86,90,207,222,159,96,165,34,101,231,40,107,108,109,104,50,180,53,201,188,232,85
1,2,132,150,135,139,140,130,21,22,151,24,26,29,158,31,160,164,166,171,44,206,50,54,183,185,190,191,194,68,69,70,199,12,77,78,79,80,83,85,214,88,93,94,223,97,105,225,117,118,126
2,198,101,171,130,161,177,183,13,78,15,16,81,18,19,14,141,87,26,28,93,222,95,97,191,228,37,102,17,104,220,42,43,110,46,168,118,121,57,187,62,21
3,129,71,72,12,10,160,140,77,207,144,145,148,149,151,218,154,220,157,30,165,32,99,101,230,209,42,135,109,178,54,126,191
4,129,171,68,69,199,9,11,231,79,144,216,210,227,84,213,214,24,89,26,219,28,157,159,161,34,163,165,230,103,41,167,191,175,48,49,179,53,54,233,59,61,117
5,67,196,182,158,72,202,11,77,14,79,80,18,147,20,85,23,228,219,157,94,208,35,100,163,225,108,191,115,126,118,55,148,123,62,63
6,133,135,137,139,13,143,144,195,148,149,25,27,29,30,159,165,38,169,42,174,49,181,54,185,187,64,65,11,197,70,204,77,81,57,216,220,96,226,228,104,107,112,113,117,127
7,128,65,66,107,69,71,8,9,75,140,205,142,222,216,82,131,20,21,23,24,217,27,220,159,158,95,34,166,40,18,108,45,223,168,51,181,87,63,232,215,85
8,11,142,17,26,147,20,152,154,29,161,164,167,168,44,174,51,182,183,187,188,189,192,193,195,197,73,74,206,24,90,54,220,97,227,228,230,233,106,107,146,110,111,114,117,119,120
9,129,132,86,233,74,151,12,205,78,18,227,212,85,150,89,185,155,220,30,95,224,197,180,164,231,40,169,108,176,104,115,116,206,183,184,57,168,60
10,192,193,177,69,70,161,140,12,15,204,82,163,46,153,89,26,27,28,154,94,178,33,155,100,230,195,103,232,170,45,110,175,113,50,52,53,182,201,123,61,149
11,129,87,16,152,153,156,157,133,161,34,163,37,167,172,46,176,49,50,52,222,56,189,190,64,65,66,68,71,72,73,76,79,214,215,89,94,226,100,105,108,117
12,194,135,15,139,140,13,79,43,205,212,22,216,202,90,103,167,218,31,96,225,226,165,39,107,203,47,221,115,180,53,160,57,125,62,117
13,195,161,78,82,84,213,87,26,219,199,224,33,227,230,41,171,172,45,125,49,179,169,184,189
14,128,129,132,172,74,119,143,80,81,18,19,21,176,196,111,93,96,144,162,35,164,101,103,168,171,44,174,47,99,219,55,57,58,59,188,61
15,131,132,133,137,139,130,144,17,18,147,215,25,201,28,29,34,36,165,38,167,172,173,178,179,183,185,188,202,190,66,198,71,200,140,74,203,79,81,82,83,212,85,87,88,89,92,223,224,104,123
16,128,131,140,143,145,67,21,150,152,28,29,31,35,166,220,174,50,52,181,54,185,186,232,190,53,139,199,202,75,76,81,210,211,212,92,229,97,99,38,104,225,113,119,125,127
17,96,67,100,207,183,204,66,158,208,81,21,203,25,216,89,79,28,29,94,165,32,161,34,155,36,37,209,156,42,171,44,48,136,178,126,169,231,57,187,62
18,145,149,22,23,25,160,33,162,36,165,40,42,174,177,51,181,54,185,186,187,75,68,203,207,208,209,210,58,222,97,229,81,233,231,109,121,125,127
19,137,130,144,146,20,150,24,25,154,30,160,165,38,49,42,173,46,176,177,180,181,54,55,189,196,69,158,201,77,80,82,83,170,86,215,219,97,108,61,112,211,119,125,127
20,187,213,68,198,136,138,79,88,82,212,149,151,24,196,143,216,167,94,95,98,163,100,229,49,40,220,193,71,112,179,181,233,121,186,159,191
21,43,65,136,108,76,66,205,146,131,110,88,153,152,27,154,94,208,158,195,167,194,44,210,46,112,177,114,147,204,30,118,120,58,61,53
22,130,67,227,161,72,78,144,83,84,218,27,159,160,33,34,59,228,101,195,223,193,107,110,111,180,49,51,155,187,219,148,123,200,125,191
23,130,131,200,74,55,204,182,80,184,24,169,156,95,96,133,99,164,103,41,225,125,112,59,116,117,54,105,56,123,188,61
24,25,201,28,157,30,31,37,39,156,173,174,175,136,50,180,183,184,186,159,63,67,68,73,202,55,210,83,212,217,220,58,94,229,226,101,113,123,124,125,126
25,138,141,145,150,161,219,164,49,169,171,45,47,177,178,181,57,223,188,194,197,70,71,74,204,206,81,87,36,90,91,94,95,59,228,229,60,113,124
26,201,70,96,203,204,80,209,147,215,154,28,157,222,32,98,187,228,37,40,105,107,109,111,211,181,55,57,186,59,189
27,193,73,206,209,86,89,88,153,155,216,159,224,34,227,230,102,168,220,106,174,46,47,178,186,124,61,190,127
28,134,146,150,156,31,32,36,165,168,41,170,44,173,57,61,65,194,68,70,71,200,203,205,85,216,90,221,144,226,227,228,105,225,111,113,121,125
29,214,194,142,231,51,32,33,162,38,169,42,44,174,175,177,179,56,187,61,192,66,70,74,204,78,80,209,86,87,218,159,95,208,229,102,223,107,113,117,124,125
30,128,140,152,153,47,32,33,164,134,167,168,169,42,44,174,175,172,180,185,60,61,36,198,70,75,204,205,207,209,210,227,86,121,89,220,221,107,226,99,231,105,106,39,110,120,46,125,126
31,66,195,69,65,136,140,74,75,77,206,141,85,88,164,93,133,160,98,163,100,38,167,232,194,177,178,52,53,224,216,122,187,188,189,126,117
32,128,134,147,150,89,158,33,163,36,168,46,47,176,181,182,57,186,187,189,190,196,76,206,79,83,85,217,218,92,93,224,131,106,110,112,113,115,125
33,64,160,171,150,134,72,139,79,145,83,212,149,175,92,197,226,219,228,195,231,104,42,43,45,174,173,189,178,179,180,202,57,221,61,126
34,136,141,132,161,39,42,172,48,177,178,180,53,201,57,60,61,62,192,49,72,73,208,81,227,212,85,216,228,90,91,220,98,99,100,229,167,109,112,114
35,129,130,139,192,151,158,161,163,48,40,220,43,45,175,176,51,183,57,186,59,189,64,69,74,204,78,207,208,82,142,87,92,58,224,230,106,61,113,114,116,121,123
36,128,67,199,233,139,77,156,79,195,85,86,88,89,154,91,174,226,219,228,37,103,105,125,46,47,116,181,169,185,122,187,60,61,62,213
37,129,133,141,143,148,217,157,158,163,166,41,172,173,177,52,181,184,185,188,189,53,192,224,194,67,198,200,203,205,78,209,85,215,89,218,93,222,95,96,98,231,232,107,108,61,112,169,63,125,126
38,131,134,135,209,141,173,82,217,89,97,99,39,105,42,146,179,116,119,57,124,170
39,193,203,198,200,204,74,139,79,80,220,215,156,157,159,99,164,101,232,41,106,44,175,48,113,178,117,229,119,185,190,102,126,181
40,213,131,132,69,136,202,75,78,144,81,174,215,216,175,92,157,224,97,100,104,173,46,47,113,178,179,180,181,120,57,186,232,188,61,191
41,194,131,200,221,202,75,140,78,207,139,149,203,216,132,154,93,101,165,163,168,105,103,45,46,61,229,114,187,118,233,159,151,125,62,213
42,132,161,72,212,215,66,205,83,84,87,88,233,159,96,164,167,232,194,106,107,44,45,46,111,50,53,183,57,170,63
43,131,134,137,138,130,142,146,151,154,157,173,176,177,181,182,185,194,195,196,225,201,74,203,205,206,80,211,84,213,214,217,90,222,229,224,208,101,108,109,117,119,124,126
44,213,196,134,139,208,84,222,151,152,90,155,94,181,97,226,229,230,104,156,176,110,112,223,53,190,85
45,65,194,132,54,73,213,140,142,138,141,81,144,149,150,215,155,224,165,199,108,111,189,51,106,118,121,117,61,127
46,131,148,156,159,162,155,198,169,176,179,181,184,57,187,60,61,193,69,70,72,202,75,79,56,84,85,216,218,207,94,95,225,226,229,105,112,168,118
47,129,130,131,137,74,160,224,144,81,203,86,220,157,94,159,99,102,177,233,170,108,109,164,49,179,116,54,185,186,59,188,125,63
48,214,70,135,205,138,98,78,79,82,85,86,167,156,157,81,96,102,170,107,159,146,176,51,181,118,183,58,59,124,189,62
49,129,195,69,71,200,202,140,207,80,184,146,149,153,111,220,222,99,163,102,169,193,190,215,120,186,187,126
50,193,139,81,210,148,149,215,155,94,160,98,169,199,114,118,138
51,128,68,133,204,76,208,81,149,150,132,90,156,94,224,230,220,106,176,172,154,112,189,52,200,61
52,133,200,77,143,205,211,148,213,151,218,154,157,222,226,164,223,210,173,174,93,74,181,183,57,187,188,125
53,131,137,142,145,147,148,151,154,159,161,167,168,220,171,223,179,58,202,64,193,67,196,197,70,140,74,208,213,88,89,218,92,165,97,230,231,106,108,123,126
54,128,143,145,147,149,153,155,156,218,161,134,176,202,67,199,201,74,212,213,216,90,165,144,99,228,229,102,61,112,120,123,126,127
55,64,128,67,129,140,220,149,150,153,135,199,223,226,227,63,107,222,182,122,59,60,85
56,64,65,194,67,133,193,200,232,204,205,206,80,227,84,110,87,218,93,158,160,187,101,177,104,105,170,174,157,113,114,185,169,57,122,168,124,183,215
57,132,135,138,147,174,154,159,172,173,177,60,61,63,194,67,197,161,72,201,76,206,79,208,84,219,222,223,226,101,102,145,232,233,106,107,191,116,212,123,200,127
58,149,194,131,133,134,135,136,140,187,75,76,208,99,212,87,153,154,185,197,96,226,100,230,107,172,109,189,199,62,121,59,61,126
59,130,136,138,151,144,147,148,152,157,165,166,169,173,184,63,68,72,75,205,80,84,213,214,228,91,224,98,99,100,102,107,109,114,115,124,125,132
60,130,66,194,139,76,98,79,222,216,83,84,174,137,233,92,93,188,229,166,167,232,156,196,172,111,147,212,184,124,61
61,135,143,159,162,166,157,181,189,64,224,196,69,142,215,218,91,220,93,96,229,221,118,126,85
62,129,134,138,194,148,153,158,159,160,166,167,170,183,223,191,65,66,227,198,206,79,81,83,86,88,89,91,93,94,95,225,99,100,209,104,105,107,108,113,114,211,118,169,120,122
63,64,66,195,196,177,139,144,209,82,163,148,86,215,90,155,156,93,150,95,97,197,99,228,102,167,169,203,173,229,113,115,187,124,165
64,181,194,75,196,161,72,73,205,211,151,90,93,222,160,230,102,200,174,136,178,116,188,215
65,193,67,197,76,84,217,154,155,94,228,198,166,167,233,106,172,110,175,178,179,116,190,180,123,170
66,67,197,198,72,74,206,146,227,84,151,153,143,93,165,163,228,139,232,105,135,210,223,136,190,122,191,124,170,126
67,143,148,152,218,160,198,168,175,176,180,186,192,197,70,205,206,80,81,211,212,86,88,90,220,221,104,105,108,110,115,118,127
68,128,134,129,136,137,147,152,164,167,177,182,187,188,193,139,198,199,200,74,75,76,77,227,212,86,93,224,97,99,228,229,195,103,104,106,108,115,117,118,120,121
69,198,139,70,75,76,141,190,110,214,186,216,90,91,93,100,101,167,233,135,111,147,180,117,182,218,122,134,213
70,224,196,139,162,78,131,212,85,218,89,175,160,161,98,164,167,168,156,231,172,111,232,221,183,120,187,74,126
71,198,73,138,76,162,144,85,86,87,233,185,159,96,98,163,212,101,166,167,105,108,173,226,203,114,115,116,89,169,180,217,223
72,193,196,161,194,74,204,162,205,80,209,147,213,89,152,153,221,94,197,223,217,131,166,167,232,231,185,184,186,124
73,128,196,74,162,143,80,82,148,213,87,88,91,221,222,224,212,166,103,112,116,118,185,122,124
74,129,133,194,145,152,156,214,161,173,178,184,180,193,182,75,76,78,208,81,82,83,86,87,89,218,143,92,222,224,231,104,108,110,113,114,115,116,122
75,172,139,77,79,81,220,141,87,88,218,207,216,93,160,197,102,209,159,82,189,176,114,105,183,191
76,192,195,96,140,142,146,193,86,185,225,89,179,92,221,199,144,230,214,106,171,208,178,204,138
77,132,135,138,146,148,153,230,157,160,161,162,167,169,177,184,190,194,203,197,200,78,207,208,211,85,86,88,217,96,97,101,102,104,113,147,120
78,214,129,194,183,204,142,208,227,149,101,97,103,193,107,110,168,115,190,169,184,134,127
79,128,131,134,140,141,145,152,164,165,166,171,176,178,179,183,186,187,197,81,210,211,214,185,89,143,92,221,223,215,102,104,110,111,118,119,191,126
80,172,231,199,140,216,81,146,152,159,156,95,225,197,230,210,177,111,176,113,114,147,182,200,192
81,133,136,143,153,158,159,164,165,146,170,171,192,201,205,212,203,216,218,93,101,104,109,110,115,117,123,125
82,182,142,144,205,99,87,152,207,220,224,164,101,167,225,173,112,178,116,118,183,121,186,123
83,128,194,203,197,134,161,96,139,192,162,142,212,151,153,218,143,159,98,155,101,230,231,168,109,163,178,190,170,120,122,125
84,134,129,151,204,120,210,195,148,86,87,225,196,179,220,95,214,161,226,209,107,175,113,114,115,180,106
85,132,128,142,150,151,152,155,133,129,162,190,191,196,161,202,183,205,209,212,86,176,221,94,165,96,98,99,103,233,109,110,115,119,121
86,175,197,141,208,205,215,89,156,223,224,161,202,221,169,106,110,189,140,183,184,127,143
87,129,132,138,143,145,153,162,91,164,227,172,173,182,183,202,190,193,197,204,207,209,218,94,99,104,210,123,125
88,129,136,143,141,222,146,203,199,152,228,94,95,155,165,230,232,105,107,178,114,116,118,122,127
89,130,151,153,156,157,160,162,165,169,171,175,180,183,184,202,181,201,207,215,217,91,93,199,97,102,104,105,117,124
90,130,199,108,194,142,208,209,167,220,150,155,157,160,97,99,165,103,105,174,119,184,185
91,193,131,133,134,135,200,211,212,143,155,167,95,108,191,110,114,116,118,186,124,127
92,187,129,130,134,140,214,156,157,98,228,230,169,144,172,174,111,104,115,182,186,123,202
93,131,132,133,129,192,130,147,153,152,196,164,174,176,188,194,201,212,222,165,97,226,228,232,105,113,123,125
94,131,142,143,146,154,155,157,133,162,163,171,172,176,180,189,192,205,217,95,224,97,226,100,101,107,109,123
95,132,175,145,218,231,163,100,103,169,107,172,111,221,187,219,201,120,123
96,137,152,165,167,168,172,226,176,115,185,223,188,192,194,195,198,207,211,216,217,222,98,145,105,111,113,119,120
97,149,225,196,155,159,160,162,169,221,176,179,182,184,185,189,194,199,200,207,209,212,206,216,144,226,107,118,119,121,127
98,198,224,195,136,172,139,140,230,144,215,153,158,176,163,228,166,167,156,171,108,178,174,179,118,125,191
99,128,213,200,177,138,141,216,211,150,152,219,221,144,166,174,142,112,115,181,185,151,189
100,128,200,139,141,143,210,147,155,156,221,160,215,228,101,223,220,171,172,168,229,113,178,181,219,183,148,202
101,133,134,146,131,149,153,158,171,175,178,179,180,181,190,195,201,214,215,216,225,209,232,112,120,122,125
102,193,134,199,130,144,153,225,218,223,160,161,162,227,176,180,169,124,127
103,129,133,198,193,226,146,211,148,216,233,157,199,162,104,196,197,172,110,206,116,183,121,123
104,135,136,142,143,146,217,154,155,134,173,179,182,183,185,190,205,200,208,211,229,230,232,105,106,115,117,119,123,125
105,129,136,138,140,194,157,158,162,164,199,172,221,176,183,184,187,188,190,204,214,219,227,106,108,217,126
106,194,131,179,129,137,187,162,143,144,209,153,132,218,221,148,199,222,175,217,233,122,123,124,170,191
107,150,204,119,190,144,145,206,216,214,162,110,200,118,124,117
108,134,141,218,157,158,219,165,166,167,168,170,135,172,174,179,202,191,201,204,226,212,220,195,117,119,121
109,194,214,225,202,139,144,145,203,154,155,223,208,163,165,169,173,116,219,233,184,122,127
110,131,214,141,144,149,152,231,161,168,170,171,173,175,178,182,208,216,217,233,116,117,118,125
111,160,131,133,203,220,208,187,164,230,231,159,112,114,118
112,192,194,131,196,182,129,205,207,214,198,157,228,177,227,173,113,115,180,121,186,123,188,126
113,128,139,146,148,149,151,162,171,175,176,181,182,191,196,199,207,211,213,222,223,231,116,124
114,201,205,219,145,163,222,159,161,164,232,178,182,169
115,187,144,211,150,215,153,218,161,226,165,177,156,193,135,173,168,178,123,117,119,120,202
116,196,198,140,173,208,152,212,153,218,223,162,165,233,204,184,121,217,124,202
117,132,210,143,146,215,149,231,225,162,164,188,175,177,182,119,120,121,223,151,126
118,134,129,137,142,145,146,147,152,168,171,174,175,184,186,194,198,202,205,212,217,224,228,230,233,119,120
119,194,196,211,135,209,146,152,155,219,206,200,187,124,126,127
120,133,199,142,141,144,214,182,225,136,164,227,220,191,180,122,187,124,181
121,128,133,200,201,203,207,227,214,132,218,219,224,230,196,167,177,191,126,127
122,128,193,131,196,183,140,206,214,151,228,156,158,161,230,169,179
123,194,139,227,213,217,225,233,172,173,189,178,221,170
124,193,134,138,139,190,147,202,203,228,188,166,178,187,137,136,170,153
125,128,192,204,135,137,143,153,163,166,167,140,185,186,191
126,135,200,201,183,140,205,131,171,152,143,226,155,219,147,213,134
127,201,202,141,157,224,228,230,232,170,171,221,186,187,191
128,192,224,130,139,179,202,132,145,201,152,154,144,167,171,135,206,213,187,188,190,191
129,136,145,131,196,160,170,182,187,189,191,192,194,209,142,216,217,220,226,227,232
130,131,133,198,200,151,192,207,209,220,149,218,143,231,161,228,230,167,232,169,171,173,182,233,215,195
131,137,141,146,148,152,159,161,193,187,189,160,194,205,213,215,218,220,226,227
132,196,204,151,140,222,212,216,220,158,160,163,165,166,174,180,233,190
133,195,225,184,143,175,206,144,161,155,233,170,159,176,180,222,182,189,149
134,136,172,138,148,152,156,158,197,171,174,175,177,178,182,184,185,188,199,203,209,214,217,222,226,212
135,194,140,141,212,213,152,228,201,172,159,162,164,165,169,192,181,198,191
136,193,200,201,203,192,141,147,153,152,143,186,218,160,230,196,172,226
137,192,194,175,207,143,144,153,154,222,223,166,174,147,190,181
138,192,194,206,173,208,205,147,149,153,216,218,176,165,168,232,184,189
139,146,155,157,158,161,164,165,166,170,175,176,179,181,185,193,195,204,214,233
140,199,209,210,148,213,225,169,227,177,232,170,221,202,188
141,164,184,211,221,222,160,161,168,170,178,183,165,189
142,197,198,148,211,158,231,170,157,187,188,213
143,192,198,175,204,206,164,150,209,145,167,201,179,191
144,162,165,181,185,189,198,202,203,209,217,228,230,147
145,161,201,160,206,173,227,148,152,216,185,163,164,220,230,169,170,175,177,199,186,189,181
146,192,193,197,207,210,153,221,155,200,174,211,184,163,188,191
147,195,198,206,212,152,196,218,162,165,226,168,170,197,200,174,221,179,232
148,161,163,165,169,172,178,179,188,194,196,197,199,200,207,209,214,219,226,212
149,177,211,194,195,206,214,151,154,233,156,158,159,220,161,210,225,189,229,215,213
150,161,206,214,215,216,219,157,226,193,184
151,215,201,210,153,154,221,172,225,226,227,196,183
152,163,170,172,183,184,187,191,199,201,219,220,222,230
153,155,156,157,165,226,176,179,158,186,190,191,198,201,212,218,220,163
154,198,173,222,209,212,217,160,231,232
155,201,215,182,159,191,163,169,197,173,172,187,183
156,198,226,188,158,165,160,161,166,171,164,181,233,176,187,215
157,172,203,227,160,226,187,214,158,212
158,192,198,203,204,162,219,228,232,163,211,233,191
159,161,165,167,168,177,179,182,183,184,181,193,198,222,228,230,225
160,163,164,166,174,184,186,189,190,161,220,229,195
161,192,219,198,168,173,174,177,202,190,194,196,197,217,207,187,229,231
162,217,166,178,179,201,186,187,188,190,203,204,206,216,220,232,233
163,192,181,205,173,218,198,221,165,175,183
164,192,175,228,184,208,206,174,233,190,181
165,168,172,221,178,181,194,201,204,211,215,220,230
166,194,202,204,205,211,220,213,221,200,176,189,179,182,184
167,218,219,198,224,205,213,214,216,220,210
168,174,176,178,179,180,185,187,197,200,205,206,212,219,220,223,233,213
169,230,176,193,198,204,207,221,223,229,233
170,195,198,200,212,174,203,196,221,228,231,180,190,185
171,197,174,214,230,220,196,172,173,175,179
172,182,185,223,188,189,190,191,192,194,197,199,217,208,229,230,232,225
173,192,185,203,208,176,195,209,178
174,215,179,184,185,186,189,195,196,200,201,203,213,230,232
175,205,217,216,183,223,181
176,193,203,199,185,202,195
177,181,204,211,198,224,232,186
178,219,186,187,194,201,203,205,207,218,220
179,200,204,210,185,218,191,183
180,198,207,184,210,217,218,221,193,227,225,182,201,212,186
181,217,193,196,200,203,210,213,219,221,222,191
182,205,213,230,221,197,187,223
183,214,188,192,193,207,212,221,230
184,214,200,202,194,196,225,207,205,222,233
185,197,199,216,208,230
186,210,204,216,225,219
187,188,199,211,217,224,232
188,205,209,207,227,190
189,201,216,226,200,222
190,203,204,209,218,208,197,227,232,191
191,203,196,210,212,214,215,217,218,222,228,231
192,212,228,223,230,210,211,200
193,231,205,220,229,232
194,199,201,231
195,203,199,228,233
196,225,199,198,221
197,202,222,208,228,210
198,199,231,204,205,207,209,210,212,215,222,230,233
199,218,200,201,215,208,228,233
200,205,225,222
201,227,219,205,233,211
202,215,216,211,218,219,214,232
203,216,209,213,217,219
204,208,227,233,223,232
205,222,206,207,208,210
206,211,225,208,210,212,219
207,227,228,211,233,226,212,210,217
208,212,229,226
209,210,223
210,212,222,218
211,214,223,232
212,215,218,227,229,231,232
213,222,225
214,226,231
215,231
216,226,232,223
217,225,231
218,219,224,226,230,232
219,229
220,221,223,224,225,232
221,225,233,226,228,231,232
222,232,226
223,226,232
224,232
225,230,227,228
226,230
227,231
228,230
229,233,231,230
230
231,233
232
233
