n_nodes:87
n_edges:2383
density:0.637
0,1,2,3,4,5,6,7,8,10,12,13,14,15,16,19,20,22,25,26,27,28,31,34,35,37,42,43,44,45,46,47,48,49,51,52,55,56,57,58,59,60,62,63,64,65,66,67,69,71,72,73,74,76,78,81,83,84,85,86
1,4,9,11,12,13,16,17,18,19,20,23,24,25,26,27,31,33,35,36,38,41,42,43,45,46,49,50,51,53,54,56,58,61,63,64,65,66,67,68,69,70,74,76,77,78,79,81,83,84,85,86
2,3,4,5,6,7,8,9,10,11,12,13,14,15,16,18,19,20,26,27,28,29,32,33,34,35,36,37,38,42,43,44,49,53,54,56,57,58,59,61,62,63,64,65,66,67,68,71,72,73,74,75,76,77,78,79,80,82,86
3,4,9,10,11,12,14,15,16,17,19,20,21,22,24,25,26,30,32,33,36,37,39,41,42,43,45,46,47,49,50,51,52,54,55,58,59,60,63,66,68,69,71,72,74,76,77,78,80,81,82,84,85,86
4,5,8,11,15,16,18,19,20,22,23,24,26,28,31,32,34,35,36,37,41,42,43,44,46,49,55,56,57,58,59,60,61,62,63,64,65,67,68,69,70,71,73,74,76,77,78,80,83
5,6,7,9,10,12,16,17,19,20,22,23,24,25,29,30,33,34,35,39,40,41,43,44,46,48,49,50,51,52,53,54,58,59,60,61,62,64,65,66,69,70,71,72,73,74,75,76,77,78,79,82,84,85,86
6,7,9,11,12,14,17,19,20,22,24,25,29,32,36,37,39,42,46,47,48,49,50,53,54,55,58,60,61,62,63,64,65,69,70,72,73,74,76,78,79,80,81,82,83,85,86
7,8,9,10,11,16,17,18,21,23,24,25,26,27,30,31,32,33,34,36,37,38,42,43,45,47,49,51,52,53,54,57,58,59,60,61,64,65,67,69,71,73,74,75,79,83,84
8,10,11,12,13,14,16,17,18,20,21,22,24,30,32,33,36,37,39,40,41,42,43,45,46,47,48,49,50,51,52,53,55,56,57,59,62,63,65,66,67,68,70,71,73,74,76,79,80,83,84,85,86
9,10,11,15,16,17,19,20,22,23,24,25,26,28,29,30,31,32,33,34,38,39,42,44,45,48,50,51,52,54,56,57,60,62,65,66,67,68,74,75,76,77,79,81,84,85
10,12,14,15,17,18,20,21,22,23,24,25,26,28,29,30,31,33,34,35,36,37,39,40,41,44,45,46,47,48,50,51,52,55,56,57,58,60,61,62,63,65,67,68,70,71,72,73,74,75,76,77,78,79,81,84,85,86
11,13,16,17,20,21,24,26,28,31,32,33,35,36,39,40,42,43,44,46,47,48,49,53,54,55,56,62,63,66,67,69,71,72,73,74,75,77,78,80,81,82,83,85,86
12,14,15,16,17,19,21,23,27,28,30,31,32,33,34,36,37,38,40,42,46,47,48,49,50,53,54,55,57,59,60,61,63,65,66,67,69,70,71,72,77,78,79,80,81,82,84,85,86
13,14,15,16,18,20,21,22,27,29,31,33,34,35,37,38,39,40,44,48,51,53,54,55,56,57,58,59,62,64,65,66,67,68,69,70,71,73,74,75,79,81,83,86
14,16,18,19,20,21,22,25,28,29,30,32,33,34,35,36,38,39,40,43,45,46,47,49,50,51,52,53,55,57,58,60,63,66,67,69,71,72,74,75,76,79,81,82,83
15,16,17,18,19,20,25,26,27,28,29,30,31,32,33,34,36,38,40,41,42,45,46,47,48,49,50,51,52,53,54,55,56,57,58,59,60,61,62,63,65,67,69,72,74,75,76,80,83,85
16,18,20,21,22,27,28,29,32,34,35,36,37,39,40,41,42,43,44,45,47,48,49,51,53,54,56,57,58,59,60,61,63,64,67,68,69,70,71,72,74,75,76,77,83,85
17,18,19,20,21,22,23,26,27,28,29,30,31,32,33,34,36,39,41,42,44,45,46,47,49,54,55,56,58,60,63,64,68,70,71,72,74,76,78,79,80,84
18,19,23,25,26,27,29,31,33,34,36,37,39,41,43,48,49,52,53,54,56,58,59,60,61,62,63,64,65,66,67,68,69,70,72,73,75,77,78,80,82,84,85,86
19,20,21,22,23,24,26,27,28,29,30,32,34,36,40,41,42,43,44,46,48,49,50,51,54,56,57,58,59,60,61,62,64,65,66,67,68,70,73,74,77,79,84
20,21,22,23,24,25,26,28,31,32,34,35,38,40,41,42,44,45,46,48,50,52,53,54,55,57,58,60,61,63,64,65,67,68,69,70,75,77,78,79,80,81,82,83,85,86
21,23,24,26,27,29,30,31,32,33,34,35,37,38,39,40,41,42,44,45,49,53,56,57,58,60,61,62,64,65,67,69,70,71,72,74,75,76,77,81,84,85,86
22,23,26,27,32,33,35,36,37,38,41,42,43,44,45,46,48,49,50,51,54,55,56,57,59,60,61,62,63,64,65,67,68,70,73,75,76,78,79,80,81,83,85
23,29,30,33,37,38,41,43,44,45,46,47,49,50,51,53,54,55,56,57,59,60,61,62,63,65,66,67,70,71,72,73,74,75,79,80,81,82,85,86
24,25,27,28,30,31,34,35,36,37,38,39,42,43,44,46,47,48,50,52,53,55,56,58,62,63,64,65,67,68,70,72,73,75,76,77,78,79,80,82,84,85,86
25,27,30,31,32,33,34,36,38,41,43,45,46,47,48,50,51,53,54,55,56,59,62,63,64,66,68,69,71,72,73,74,76,77,78,79,80,81,82,83,84,86
26,28,29,31,32,33,38,39,40,41,42,43,46,48,50,51,52,53,56,58,62,63,64,65,67,69,70,71,72,73,75,77,79,81,82,83,84,85,86
27,28,29,30,31,32,36,40,41,42,43,46,47,48,49,50,52,53,57,58,59,62,63,64,65,66,67,68,71,73,75,76,77,78,80,82,83,84,86
28,31,32,34,36,37,38,39,40,41,43,44,46,47,48,51,55,56,58,59,60,61,62,63,65,66,67,68,69,70,72,73,74,75,76,77,79,80,82,84
29,32,33,34,39,40,41,42,43,44,45,46,47,51,55,56,58,59,60,62,64,66,67,69,71,73,74,77,78,81,83,85,86
30,31,33,34,35,36,37,38,39,48,49,50,52,54,55,56,57,58,59,60,61,62,63,64,65,66,69,72,74,75,76,77,78,79,80,81
31,33,34,35,36,37,38,39,40,41,42,43,44,45,47,48,49,53,54,57,58,59,60,61,63,64,65,66,67,68,69,72,76,77,79,80,81,83
32,33,34,38,43,44,46,48,49,50,52,54,55,58,60,62,63,64,65,67,69,70,75,76,77,78,79,84,85,86
33,34,37,38,39,41,43,44,47,49,51,52,53,54,55,56,57,58,60,61,64,65,66,70,72,74,75,77,78,79,81,83,84,86
34,35,36,37,38,39,40,42,43,45,46,47,48,49,50,51,52,53,54,55,56,58,59,60,61,62,63,65,66,67,68,69,70,71,72,73,74,77,78,79,80,81
35,36,37,39,40,42,43,45,46,48,49,51,53,57,60,61,62,63,64,66,68,69,73,74,75,76,80,81,82,84,85,86
36,37,39,40,41,42,44,45,48,49,51,52,53,54,55,56,57,62,63,64,68,70,71,72,74,76,78,79,80,81,82,83,86
37,38,40,41,43,45,46,47,48,49,50,52,53,55,56,58,59,61,63,64,65,66,69,72,73,74,79,80,81,82,84,86
38,39,40,42,43,45,46,48,49,50,54,56,57,58,59,60,61,62,63,67,68,69,70,71,73,75,76,77,79,80,81,82,85,86
39,41,45,46,47,49,51,57,58,59,60,64,67,68,69,70,72,73,75,77,78,79,80,85
40,41,45,47,48,49,51,52,53,54,56,57,59,60,62,64,65,66,67,69,70,71,72,73,75,77,78,81,82,83,84,85
41,43,44,45,46,47,48,49,51,52,55,56,59,60,61,63,65,67,68,69,72,73,74,75,76,77,79,80,81,82,83,84,85,86
42,44,46,48,49,50,52,53,55,56,57,58,60,62,64,65,68,69,70,71,72,73,75,76,77,79,80,82,84,85
43,44,46,47,48,49,50,51,52,54,57,58,60,61,62,63,68,69,70,71,73,74,76,78,79,81,82,84,85,86
44,47,49,50,53,54,55,56,58,60,61,63,64,65,66,67,70,71,72,73,75,76,77,79,80,81,82,83
45,46,47,48,51,52,53,55,57,58,60,61,62,64,65,66,67,68,70,72,74,75,76,78,79,80,85,86
46,47,49,50,52,53,54,57,58,59,60,61,62,63,64,69,70,71,73,75,76,77,78,81,82,83
47,48,49,50,51,52,53,55,56,57,58,59,61,62,63,64,66,68,70,72,73,74,75,76,77,79,81,82,83,85,86
48,49,52,53,55,56,57,58,59,61,63,64,65,66,67,69,70,71,72,74,75,76,77,78,79,80,81,82,83,84
49,50,51,53,54,56,57,58,61,62,63,64,65,66,67,68,69,70,71,72,74,75,76,77,78,79,80,81,82,84,85,86
50,51,52,53,54,59,60,61,62,64,69,70,72,73,74,75,77,80,82,83,84,86
51,52,54,55,56,57,59,60,62,63,64,65,68,76,78,80,81,82,83,86
52,53,54,56,57,59,62,65,66,67,68,71,72,75,76,77,78,79,82,83,84,85,86
53,55,58,59,62,63,64,65,66,67,68,69,71,72,73,74,75,76,77,80,85,86
54,56,57,59,60,63,65,67,68,70,71,74,75,76,77,80,81,82,83,84,85
55,57,60,62,66,67,69,70,74,79,81,83
56,57,58,59,61,65,66,67,68,70,74,76,77,78,80,81,83,84,85,86
57,60,61,63,64,65,69,70,71,72,75,80,83,84,85,86
58,59,63,64,65,66,67,70,72,77,78,82,83,85,86
59,60,61,62,65,69,71,73,74,76,78,79,81,84,85
60,61,63,64,65,66,67,68,69,70,71,72,73,75,76,78,80,82,83,85,86
61,62,63,67,70,71,72,73,74,75,76,78,80,82,83,84,85,86
62,64,66,67,68,71,73,74,75,76,78,79,80,83,84,85,86
63,64,65,68,70,71,73,75,76,77,78,79,82,83,85,86
64,66,67,68,69,70,71,72,73,74,76,78,79,80,81,82,83,85
65,66,67,70,71,73,76,79,82,84
66,72,73,74,75,77,78,80,81,82,83,85,86
67,68,70,71,72,73,75,76,77,78,80,81,82,83,84,85,86
68,69,74,75,76,80,81,82,83,84,85,86
69,70,71,73,74,75,76,82,83,85,86
70,71,75,76,81,82,84,86
71,73,74,77,78,79,80,82,83,84,86
72,75,77,78,79,80,81,82,85,86
73,74,78,79,80,81,84
74,79,81,82,84,85,86
75,76,77,80,82,84,85,86
76,79,80,81,82,83,86
77,78,79,81,85,86
78,80,81,82,84,85,86
79,81,82,83,84
80,82,83,84,85,86
81,82,84,85,86
82,83,84,85,86
83,84,85,86
84
85
86
