n_nodes:80
n_edges:965
density:0.30538
0,32,64,34,67,69,39,40,41,75,46,16,72,51,52,78,23,24,57,58
1,79,65,2,3,68,6,8,74,11,76,15,18,67,20,22,25,26,27,31,33,34,35,37,44,47,49,51,54,58,59
2,66,4,70,71,8,74,15,16,18,19,22,27,28,30,38,39,44,47,50,79,55,59,61,63
3,70,7,8,9,10,76,78,17,20,21,29,31,33,35,36,37,44,45,46,47,48,54,73,57,59,62
4,64,6,12,10,44,45,77,47,74,53,25,26,29,31
5,65,66,67,68,7,8,11,12,13,77,18,25,30,31,32,35,40,41,46,47,49,54,56,57
6,68,71,72,74,75,12,78,79,18,20,22,25,27,29,30,33,34,37,41,46,49,52,58,61
7,65,34,9,75,12,13,77,15,48,18,35,20,41,25,47,28,37
8,10,75,76,66,17,19,22,28,29,30,32,34,35,36,37,38,43,44,50,51,57,60,74,63
9,65,70,72,73,79,13,78,15,17,67,20,21,22,27,36,37,45,47,57,59,61
10,64,65,66,69,70,71,73,11,76,14,15,16,20,21,24,25,27,28,31,37,48,72,50,54,55,56
11,64,59,68,70,72,73,75,46,47,48,50,79,52,15,28,30,69
12,67,72,73,76,77,18,21,25,37,34,35,70,39,47,48,55,60,63
13,64,65,72,76,77,22,24,31,35,37,39,40,71,49,57,59,60,61,63
14,67,70,71,76,77,78,17,29,30,32,34,35,37,38,40,44,45,49,53,55,62
15,64,75,68,65,76,77,79,18,25,71,27,36,39,40,41,50,53,54,73,57,62,63
16,65,35,36,69,70,39,40,43,44,48,56,67,53,24,57,58,59,74
17,70,74,77,21,24,25,26,29,30,31,35,39,40,41,72,52,54,55,58,60
18,67,68,72,77,19,20,21,26,29,32,37,39,42,45,48,49,51,55,57,59,61,62
19,64,69,71,76,66,79,20,28,29,30,31,32,33,34,36,39,42,43,48,52,55,60,63
20,66,75,77,24,26,28,29,30,36,70,38,42,45,46,48,49,50,55,56,57,60
21,66,68,71,72,24,25,27,28,32,33,35,42,44,76,49,50,52,56,60,63
22,64,59,69,41,42,45,34,67,56,79,27,28,74,63
23,65,68,71,64,78,24,25,29,30,31,33,34,37,38,40,43,46,50,52,56,58
24,65,69,64,73,76,25,28,31,32,33,46,47,48,52,56,57
25,66,72,26,79,32,65,43,46,51,52,54,59,60,61
26,35,69,39,42,46,67,53,57
27,66,77,30,39,42,43,44,45,47,50,52,55,58,63
28,67,66,29,31,32,41,44,45,47,48,51,55,56
29,66,73,74,75,76,68,32,35,39,45,52,54,62
30,65,75,74,77,79,69,33,34,70,41,46,50,52,56,60
31,64,66,75,76,78,77,68,67,32,34,37,42,43,45,54,57,60,74
32,67,68,70,71,76,33,34,36,40,42,43,45,46,47,72,50
33,67,37,39,73,43,44,46,54,55,71,61
34,66,68,74,75,78,35,37,40,47,49,50,53,61
35,73,75,69,38,42,71,78,45,49,52,54,55,56,62
36,64,67,68,69,70,76,78,38,40,44,48,54,56,57,58,59
37,69,75,77,67,78,79,41,42,45,50,52,59,60
38,39,73,42,71,66,50,51,58,63
39,64,68,69,72,73,74,43,48,49,57,60,61
40,59,73,42,45,76,79,56,58,47
41,65,70,67,54,63,71,45,47
42,65,68,71,74,76,44,45,46,52,56,60,61,63
43,69,75,78,48,50,51,53,54,55,56,57,59,60
44,65,74,66,78,45,53,56,57,60,61,62
45,64,69,70,72,79,67,68,48,52,60
46,66,71,76,47,48,49,50,51,52,54,57,58
47,70,72,66,78,69,71,50,56,58,59,60
48,65,66,78,75,52,54,58,60,61
49,66,65,72,73,76,77,70,54,57,60,62,63
50,68,71,66,72,54,56,58,74,62
51,68,69,71,64,74,70,78,55,56,59,62
52,64,65,74,77,61
53,71,76,78,54,55,79
54,76,78,67,56,57,60,61
55,69,73,75,66,77,57,58,61
56,70,76,77,69,57,63
57,65,71,78,79,59,60
58,67,74,77,78,70,61
59,68,74,76,77,73,60,61
60,64,65,71,73,75,61
61,65,67,72,75,76,78,79,70,62,63
62,67,70,65,74,71
63,64,67,68,75,72
64,70,77,71
65,66,67,70,75,77
66,73,75,76,72,74
67,71,76,73
68,73,69
69,70,72,79
70,77,75,78
71,73,76
72,75,77,79,74
73,77,78,79
74,75,76,78
75,78
76,79
77,78
78,79
79
