n_nodes:87
n_edges:1536
density:0.41059
0,1,2,5,6,71,73,10,13,14,15,17,20,21,24,81,78,69,84,35,36,37,39,42,43,44,47,51,52,54,55,57,58,59,60
1,65,3,6,7,72,9,10,76,14,17,18,21,22,24,26,28,78,30,81,32,33,35,82,38,39,40,44,45,49,50,54,85,56,57,59,60,62,63
2,4,5,7,8,10,12,78,81,82,83,84,85,23,25,27,33,38,40,43,46,48,49,52,55,57,58,59,60
3,66,5,6,65,73,10,12,77,14,79,17,18,83,22,26,28,69,31,35,37,42,44,82,47,50,52,55,70,74
4,65,68,5,81,7,72,9,75,12,13,14,77,80,17,18,83,20,22,24,86,29,32,34,37,38,39,71,44,45,48,76,50,52,53,55
5,64,6,7,72,73,79,75,12,78,15,81,18,84,25,27,28,30,68,33,36,38,41,43,44,47,48,50,52,56,58,59,63
6,66,68,7,8,10,11,15,80,17,75,19,21,86,69,24,26,28,29,30,31,33,34,35,37,38,39,41,43,47,49,51,74,53,54,83,67,61
7,10,11,14,17,18,20,21,22,24,27,28,30,35,36,37,38,39,42,46,50,53,55,56,58,60,61,63,66,71,72,73,74,75,76,77,81,82,85,86
8,65,66,71,73,10,11,76,13,14,15,80,81,18,20,86,27,28,29,30,34,35,36,37,41,43,44,70,47,82,52,53,55,57,58,59,60
9,69,71,76,10,11,12,13,14,15,17,83,84,78,22,25,27,86,30,32,34,77,37,39,41,43,44,48,51,52,56,59,61,62
10,68,69,66,14,15,16,81,18,84,85,23,24,25,26,79,29,30,32,33,77,37,38,39,64,71,44,72,51,52,54,73,58,70,61,65
11,64,65,66,67,83,12,78,15,82,19,20,21,73,23,24,25,26,79,29,31,32,35,37,38,41,42,43,85,49,50,51,52,53,55,58,62,63
12,64,65,71,82,76,13,78,77,17,75,84,21,22,25,69,31,36,39,40,41,43,44,45,46,50,51,52,53,54,55,56,58,59,61,62
13,68,67,86,75,16,17,19,20,21,22,23,24,25,34,36,37,81,43,45,50,51,54,55,56,85,60,62,63
14,78,80,81,67,21,86,24,30,32,33,34,36,38,40,64,43,49,50,52,72,60,61,63
15,76,80,81,18,20,85,29,30,31,32,34,36,37,39,41,43,45,50,52,54,55,58,59,62
16,64,65,69,71,76,78,80,83,86,23,26,28,32,33,41,43,45,47,52,56,58,60
17,74,79,71,82,19,85,86,23,24,26,28,31,33,67,37,41,43,76,49,51,52,53,56,59,70
18,78,80,81,82,67,85,68,26,69,31,32,37,38,41,44,45,46,48,49,83,52,56,58,59,61,62
19,64,67,73,74,77,82,83,20,85,79,28,30,31,84,34,37,40,43,70,46,47,48,50,52,53,55,57,58,59,60,63
20,64,75,69,70,76,84,21,22,23,26,27,28,29,30,31,34,35,38,39,40,41,42,71,45,47,50,53,55,58,59,60
21,66,75,69,64,76,77,80,78,86,24,25,79,30,35,36,71,44,45,47,48,50,54,57,58,59,61,62,63
22,74,79,23,24,25,26,31,33,34,36,38,42,43,44,65,47,48,50,54,58,60,61,63
23,66,86,76,79,83,24,26,30,32,36,37,38,81,40,45,46,47,48,52,54,55,57,59,60,74,62
24,75,73,76,80,25,28,29,31,35,37,40,41,42,46,47,48,49,50,53,85,57,60,61,62,63
25,67,79,80,81,75,83,86,33,37,42,44,82,48,49,50,51,73,60,62,63
26,65,73,77,78,28,32,33,35,70,38,40,41,43,44,82,46,48,51,53,84,58,59,63
27,74,75,76,66,78,81,82,85,86,28,30,31,32,37,39,40,41,44,48,55,56,57,58,60
28,64,66,73,74,75,77,78,82,85,32,67,37,65,39,40,45,47,48,50,52,55,56,58,59,61,63
29,65,66,67,77,83,85,79,32,33,34,35,37,38,39,42,43,44,46,49,50,53,54,56,84,59,74,62
30,68,75,81,73,86,78,69,31,32,34,36,37,65,41,71,44,46,49,50,79,74,55,72,70,61,85,63
31,65,83,72,73,74,77,35,38,40,46,48,49,79,55,60
32,33,37,38,40,42,43,44,45,52,53,57,58,59,62,67,69,70,71,72,73,74,75,76,78,79,80,83,85,86
33,71,79,83,36,70,40,42,44,46,49,50,74,55,59,61
34,64,65,67,69,71,75,80,81,85,68,79,86,84,37,40,41,44,46,49,73,57,58,70,62,63
35,66,69,76,77,80,82,67,84,70,65,40,41,42,44,45,48,83,53,55,57,60,62
36,64,66,67,68,70,81,69,77,37,65,41,45,46,47,51,53,57,59,61,62
37,64,83,86,77,73,71,70,65,43,82,72,50,79,52,55,56,67,62
38,72,66,79,83,78,68,65,41,43,45,48,49,50,51,56,84,58,59,60,74,85,63
39,74,72,80,81,86,40,41,42,43,45,49,51,52,54,55,84,61,63
40,67,71,75,77,82,78,86,45,49,83,53,54,60,85,63
41,64,65,75,68,71,74,86,79,42,44,45,47,72,51,52,53,55,57,61,62,63
42,65,66,68,86,70,72,74,77,79,80,75,67,44,47,50,51,54,55,59,60,61,62
43,44,45,46,47,48,49,50,51,53,54,56,57,59,60,61,64,66,69,70,72,73,75,77,79,83,85
44,64,80,69,45,47,48,52,54,55,56,57,59,62
45,69,76,77,79,82,46,48,49,52,54,55,56,84,59,63
46,71,72,73,75,77,80,81,48,49,83,82,56,57,63
47,64,86,71,73,75,76,77,79,81,72,67,85,49,51,55,56,84,62,63
48,64,68,86,76,66,77,80,50,52,57,60
49,64,75,68,69,71,73,76,66,77,80,85,86,79,81,62
50,66,70,73,80,83,53,55,56,57,60,61
51,64,71,69,65,72,78,77,85,54,55,56,58,74
52,64,81,71,77,79,80,76,83,53,54,57,58,60,74
53,66,71,75,86,68,70,56,57,59,61
54,68,74,65,72,73,75,71,79,76,57,60,61,62,85
55,65,69,73,79,78,81,75,86,68,71,84,59,60
56,68,70,72,75,78,79,83,82,73,57,58,62,63
57,67,70,65,75,66,77,80,86,71,59,62,63
58,67,68,70,73,66,77,74,83,69,80,71,60,61,62
59,71,70,65,75,77,84,64,76,60,63
60,67,68,69,70,73,79,77,78,71,64,83,61
61,65,68,86,75,77,80,84,71,70,76,74,62,85
62,66,67,65,74,77,84,76,73
63,86,70,74,79,80,82,69,78,85,65
64,66,67,68,76,77,81,75,86,78,69,85
65,69,70,71,73,81,67,80,72
66,68,69,76,75,72,74,85
67,75,69,71,72,73,77,80,85,86,79,81,82
68,73,75,76,79,81,83,86,70
69,72,75,77,79,81,73,70,82,83,84
70,71,75,78,79,80,85,86,84,81,72,83,74
71,75,83,73,72,85
72,76,80,81,78,74,85
73,76,79,85,86,80,74
74,76,80,82,84
75,79,80,85
76,78,86,85
77,80,85
78,79,81,83,82
79,85
80,83
81,83,86
82,84,86
83
84
85
86
