n_nodes:255
n_edges:6715
density:0.20735
0,1,3,133,134,7,137,10,11,15,146,150,24,25,90,158,197,34,172,174,157,176,49,192,67,69,71,204,207,80,139,218,220,229,97,99,101,231,106,108,239,240,123,125,126
1,230,131,8,9,140,146,147,151,155,58,33,164,165,170,242,125,136,178,53,137,186,61,195,196,76,77,208,81,83,212,213,87,90,91,221,225,226,229,102,234,109,189,241,114,116,122,42,127
2,128,130,6,135,15,20,21,217,155,28,160,162,35,164,38,167,168,42,44,46,175,200,50,53,219,59,188,190,181,66,195,49,70,71,72,241,78,79,208,81,211,212,213,214,36,207,99,209,105,111,40,121,251,170
3,129,131,132,133,7,137,140,142,143,154,47,28,161,36,198,45,203,50,179,180,201,57,244,67,70,73,75,78,210,206,86,88,91,92,250,95,97,98,99,230,231,242,234,114,116,247,248,121,122,252,127
4,129,131,5,137,141,142,143,16,18,19,20,23,25,28,158,36,167,45,174,49,52,30,184,186,187,193,194,68,70,75,209,210,237,85,249,91,220,97,81,252,231,108,82,56,248,148,122,124,254
5,12,141,145,148,149,153,154,28,29,158,32,33,39,42,242,46,221,48,50,222,54,55,56,185,59,61,192,193,70,200,203,205,80,209,213,86,218,92,93,94,223,224,97,226,100,102,232,105,114,246,119,251,252
6,51,134,9,138,139,12,13,142,143,147,20,24,27,31,161,162,163,36,37,40,169,42,44,46,175,179,180,188,61,63,11,196,140,202,204,208,248,90,250,223,230,109,168,116,118,120,122,123,125,126
7,213,135,11,12,13,142,143,20,151,248,30,162,36,169,170,221,176,177,50,181,54,55,56,186,187,53,192,194,197,198,225,74,34,209,212,85,214,215,91,58,94,96,97,99,234,237,112,59,114,246,119,120,250,253,254,127
8,129,9,12,13,14,15,18,21,218,26,155,156,157,159,34,35,164,37,169,170,44,173,174,49,50,180,182,137,184,186,59,189,63,193,195,74,76,45,207,245,56,82,90,93,165,224,97,232,235,244,117,246,250,191,253
9,128,129,10,144,151,24,28,159,161,219,36,134,168,43,53,182,183,56,188,61,181,71,72,201,74,203,206,213,216,89,90,91,222,98,251,228,230,102,231,108,109,253,243,119,122,123,124,125,247
10,13,146,23,152,25,29,31,32,162,38,44,174,47,53,184,185,186,159,189,64,65,66,195,68,197,76,77,78,79,208,214,88,220,221,223,96,99,231,232,105,108,110,113,244
11,235,133,136,137,139,12,13,144,17,21,25,46,153,156,158,36,134,167,170,44,173,174,47,179,180,192,66,68,71,72,140,77,213,215,217,94,95,224,227,228,101,103,232,107,109,110,112,243,247,121
12,131,14,144,17,19,22,153,156,36,39,40,135,46,47,49,56,186,188,61,191,65,66,69,199,72,74,204,208,83,212,142,215,88,217,221,223,100,232,105,107,114,115,116,118,250,125,126,127
13,14,150,153,26,156,154,158,32,251,39,41,171,49,178,179,53,183,184,57,59,62,65,194,69,201,204,77,205,208,211,220,213,135,222,95,96,227,101,230,233,107,112,119,248,249,123,124
14,128,130,137,138,139,142,15,16,146,20,21,22,153,25,155,156,31,33,219,36,39,171,114,178,179,54,201,185,187,60,61,190,245,64,193,66,71,200,73,202,77,205,208,86,89,218,207,93,144,98,100,229,103,107,236,110,189,238,140,243,116,117,118,120,122,251,149
15,129,135,137,23,130,16,216,148,150,151,152,153,29,30,159,197,163,36,165,41,51,59,190,193,69,72,73,76,205,85,88,92,222,37,96,226,105,236,109,110,242,169,123,253
16,131,17,147,149,150,24,158,31,162,166,39,168,42,43,172,173,175,48,177,179,180,54,159,67,49,198,75,206,207,83,78,215,89,91,229,224,38,105,234,241,114,115,247,250,123,127
17,128,134,136,139,141,142,19,21,150,151,25,156,162,28,172,174,47,178,243,53,56,188,192,65,70,201,76,207,80,82,86,249,216,92,93,229,224,226,99,101,104,60,236,239,112,147,245,248,121,124,125
18,140,19,20,27,29,31,32,37,167,220,170,174,54,183,57,186,187,188,194,69,75,76,205,78,208,209,88,218,92,58,224,225,100,104,105,108,239,241,114,117,246,123,125,127
19,132,137,142,21,24,29,162,163,164,198,39,40,41,45,157,49,178,253,52,54,57,187,188,61,190,191,66,68,69,70,200,74,76,34,79,81,84,86,92,224,50,209,106,111,240,241,120,121,125
20,51,43,138,143,144,147,148,22,24,153,239,160,165,40,193,135,173,174,50,179,52,54,59,32,69,198,203,204,206,79,82,211,213,249,217,90,222,97,101,231,107,146,111,113,244,117,119,120,121,252,125
21,43,130,237,141,150,235,24,154,158,160,35,42,171,48,136,30,182,183,184,185,58,62,63,194,245,69,199,203,78,207,208,211,85,86,215,217,54,224,225,227,228,105,234,107,236,109,241,116,117,120,123,213
22,129,130,131,135,144,155,158,32,33,36,37,48,170,43,44,176,49,178,52,53,55,58,59,188,64,66,246,199,73,205,206,79,81,210,211,217,220,228,101,230,233,238,239,113,118,247,252
23,192,130,137,148,151,24,154,162,37,38,170,172,46,177,53,182,188,61,191,64,68,69,71,204,74,76,80,209,82,227,216,217,219,220,93,224,208,98,99,166,97,232,233,234,235,239,113,115,119,120,250,124,138
24,128,156,157,158,159,162,164,165,167,168,41,43,172,44,180,55,184,187,188,63,67,70,71,34,79,208,209,83,84,86,216,91,250,226,228,81,234,211,56,117,246,212,122,252,253
25,235,140,141,149,160,48,164,39,43,173,174,176,178,52,138,186,189,65,194,139,200,75,82,215,90,91,221,95,224,50,100,104,106,107,110,243,116,245,119,125,254
26,131,134,138,140,143,144,146,34,154,156,29,161,162,35,164,167,28,47,177,52,53,55,181,192,194,67,196,74,75,205,209,248,92,95,225,229,102,236,110,240,241,114,115,245,246,120,253
27,192,65,133,70,135,177,203,220,198,143,222,147,212,185,217,155,156,93,94,182,32,240,35,167,168,41,231,48,49,244,83,52,30,180,248,121,122,191,229,63
28,51,230,147,148,150,218,132,154,159,161,163,38,167,44,45,177,179,54,137,185,58,187,63,192,194,228,196,69,200,204,55,76,206,84,216,217,49,221,223,97,98,229,100,101,102,231,104,235,108,110,113,114,243,245,246,119
29,130,139,150,196,239,133,162,36,37,41,43,175,177,51,52,53,54,201,56,180,188,138,192,224,68,246,73,203,76,209,210,217,143,92,222,96,227,103,104,108,146,110,61,113,114,243,245,118,247,122,123
30,131,133,134,138,142,144,195,148,151,196,32,165,40,169,44,174,49,180,53,57,58,188,61,191,64,65,67,68,197,181,204,76,77,79,208,209,213,216,217,90,95,102,233,111,242,243,244,254,118,249,123,252,126
31,214,193,239,151,155,158,34,163,164,166,39,172,176,49,50,243,182,183,184,189,62,63,65,66,195,199,200,75,76,205,207,81,211,86,90,91,221,223,96,228,102,209,232,234,107,236,110,61,115,116,245,246,119,248,121,250,126
32,64,66,195,196,130,136,137,139,201,81,215,88,153,154,92,197,160,214,34,227,164,106,107,108,109,239,183,56,148,59,60,125,216,191
33,129,136,45,144,147,156,157,162,163,164,38,39,41,173,50,57,187,190,192,193,195,198,72,202,208,82,211,215,221,99,101,230,234,235,236,109,240,62,247,120,251,252,254
34,213,139,144,149,150,153,164,37,40,44,174,175,136,179,181,184,62,203,68,199,73,75,77,79,80,84,85,88,92,234,97,228,233,106,107,109,238,112,168,115,190,118,248,212,122,251,125,127
35,133,145,151,158,39,168,170,45,177,181,186,191,64,65,195,198,72,204,208,81,87,88,218,219,92,221,223,224,104,234,107,108,238,239,232,242,120,121,122,251,106,126
36,128,150,131,148,132,133,237,197,219,165,38,172,47,48,49,183,202,244,189,134,191,193,66,195,69,198,71,73,74,75,77,80,81,211,212,215,88,91,221,208,226,228,101,104,233,234,109,116,246,120,250,127
37,128,138,88,148,150,160,161,162,38,168,42,44,179,181,182,183,59,190,53,54,70,74,204,214,216,90,222,223,225,98,99,228,166,231,233,146,238,111,112,242,243,247,249,126,127
38,198,236,118,130,161,233,137,76,77,206,184,220,214,87,219,226,230,104,41,208,240,48,177,50,51,52,181,54,121,120,116,232,202,126,127
39,132,140,152,156,157,160,46,51,52,57,189,64,65,66,69,198,71,209,83,84,216,89,93,94,225,226,102,104,108,240,114,147,246,121,253
40,129,131,243,139,142,45,145,154,156,160,161,162,165,44,173,221,50,179,182,56,186,202,190,64,197,74,203,205,206,207,80,212,214,58,97,229,232,107,208,237,114,115,118,119,148,250,123,252,253
41,128,130,133,198,97,226,241,208,152,86,150,211,94,95,160,98,229,209,104,169,43,172,242,175,49,221,115,180,53,120,197,122,60,61,191
42,129,138,139,140,151,152,153,154,162,168,169,184,59,61,62,65,194,68,70,71,201,203,204,206,81,85,221,165,98,227,100,102,209,232,234,108,240,114,115,116,247,122,251,124,254
43,132,134,139,194,248,154,47,161,167,170,44,175,178,180,53,182,183,185,61,63,65,66,54,198,199,200,208,209,218,93,223,100,102,103,237,115,116,118,120,249,123
44,129,133,135,141,145,239,230,163,241,156,242,174,180,182,183,185,193,194,195,198,225,202,224,80,84,213,214,88,222,95,96,208,229,102,110,111,113,114,246,212,126
45,134,140,145,147,174,151,132,156,157,165,166,170,171,46,176,49,52,53,56,188,61,191,66,67,69,70,71,73,76,205,207,80,83,212,87,216,217,219,250,225,100,105,237,110,189,241,114,169,248,122,124
46,135,149,152,154,47,218,159,171,173,175,177,185,58,187,192,67,68,49,74,203,76,205,78,79,210,85,57,216,217,90,221,224,98,59,105,234,238,239,243,117,251,123,253,213
47,230,135,136,194,146,147,149,217,160,164,169,173,178,180,55,184,59,193,66,196,72,183,78,80,83,214,215,250,95,224,98,227,101,102,103,234,107,237,111,229,243,119,120,121,122,253,126
48,132,135,143,152,154,160,170,175,177,50,180,181,182,55,186,59,190,194,197,198,199,72,76,206,80,210,92,97,226,106,238,253,115,245,119,248,234
49,135,145,205,149,151,154,156,157,160,163,168,176,177,180,182,55,187,60,62,63,68,71,247,77,141,80,84,85,215,216,90,233,220,222,95,101,230,223,105,106,109,174,112,123,252
50,132,145,154,157,133,170,171,221,177,181,54,57,188,68,73,202,135,210,83,87,216,89,90,92,93,94,223,225,104,105,109,239,232,116,122,253
51,129,133,136,137,138,144,145,159,162,170,173,175,236,183,56,188,61,197,70,72,241,77,208,209,217,90,143,250,95,246,226,103,232,233,235,108,109,110,113,244,118,121,122,123,125,254,127
52,129,131,150,136,138,192,143,144,149,164,170,157,177,182,183,187,188,64,54,198,199,72,201,204,226,208,209,82,84,213,216,218,220,93,94,223,98,101,230,104,167,108,200,110,239,238,114,147,117,118,249,250,124,254
53,139,242,155,164,166,227,129,157,177,178,236,187,60,61,215,63,175,195,70,71,73,202,247,80,82,211,220,87,219,92,93,97,98,99,102,145,104,105,106,235,108,232,114,233,122,126
54,128,137,141,239,155,163,166,168,220,135,172,226,177,146,196,69,71,74,204,205,208,209,211,85,249,90,91,92,93,95,224,98,100,230,109,238,111,242,148,127
55,130,141,144,149,152,153,157,158,159,133,219,169,135,175,179,186,59,62,192,193,194,77,205,80,81,210,85,86,216,207,95,98,251,230,209,104,108,237,240,115,254,123,126,127
56,134,141,146,133,162,165,167,171,173,178,57,59,61,190,191,64,71,75,205,78,211,84,213,152,219,220,222,223,228,145,234,114,119,120,212,251
57,143,164,59,186,187,188,61,62,63,64,193,194,74,207,99,214,215,100,93,222,98,227,228,104,60,106,235,109,112,241,114,243,246,247,121,127
58,150,136,139,140,142,147,152,153,157,133,214,162,169,172,176,180,185,159,60,196,197,71,201,203,76,206,208,81,83,84,86,216,89,99,228,101,230,103,232,233,231,237,113,115,119,122,253,149
59,131,137,194,146,151,153,154,163,168,172,176,200,180,184,192,66,67,69,72,203,205,206,212,217,220,222,95,98,99,228,108,238,239,113,242,116,251,120,250,123
60,131,134,135,136,138,140,147,149,151,155,160,162,177,168,171,172,174,175,183,184,61,62,64,194,67,201,74,247,224,79,80,85,86,185,88,217,90,207,92,96,228,230,145,232,106,189,245,118,119,120,123,124
61,144,156,133,70,170,171,187,134,63,66,69,198,73,75,78,207,81,214,90,220,97,226,101,231,104,106,235,253,245,120,234,123,254
62,129,249,198,225,200,73,78,82,211,215,216,89,90,175,222,95,224,101,241,105,171,159,146,232,125,178,244,245,118,123,106,127
63,133,239,144,147,151,157,158,161,165,156,175,182,183,189,190,64,199,78,80,214,215,91,93,224,98,227,228,101,102,231,232,108,109,110,240,116,245,118,120,136,124,125
64,134,145,149,151,161,227,171,175,178,179,219,201,138,192,65,195,196,71,72,73,211,142,218,91,93,95,98,99,229,230,103,232,106,107,236,237,110,253,240,115,251,234,254
65,143,144,147,148,151,156,168,173,174,176,177,155,181,182,201,189,193,196,69,199,73,202,76,82,90,92,94,99,229,230,103,232,112,113,118,120,250,124,125
66,128,139,151,196,157,158,167,178,243,138,194,68,200,78,209,213,86,215,216,93,224,99,105,237,112,241,114,147,249,250,124,126,85
67,133,134,237,152,147,217,153,160,165,169,170,175,179,180,189,190,191,196,69,70,202,75,76,205,85,88,89,90,220,96,225,98,100,229,235,108,109,238,239,114,121,251,252,213
68,133,134,144,145,152,153,154,159,214,167,169,176,178,201,186,151,195,198,71,73,81,211,86,216,93,94,224,97,98,227,103,235,112,116,246,251,123,252
69,130,132,139,144,154,158,159,160,161,219,199,176,180,183,188,190,196,71,201,74,203,76,206,82,87,216,90,143,92,221,223,98,99,228,101,230,104,105,237,110,111,215,232,242,147,117,246,119,122
70,135,142,145,132,231,155,243,167,169,183,223,189,181,196,197,200,73,205,78,163,206,216,95,195,105,234,103,241,115,246
71,129,138,140,143,150,154,158,160,164,165,178,180,244,189,193,245,200,73,78,79,81,211,212,142,89,228,186,222,223,225,100,103,109,112,243,116,117,246,119,252
72,136,139,130,142,195,148,152,158,159,162,164,167,171,172,183,187,191,241,205,78,210,85,228,218,219,93,98,100,101,105,108,112,206,242
73,137,139,145,152,158,160,165,187,188,202,77,84,85,216,89,90,222,223,96,251,233,234,110,114,116,245,218,250,123,213
74,134,138,152,153,159,161,162,163,169,170,171,240,222,184,196,204,78,81,83,135,94,226,100,102,209,104,105,107,239,112,121,252
75,142,109,145,156,165,245,180,182,183,187,191,198,203,76,80,210,211,84,86,215,89,219,221,94,208,100,231,146,111,117,247,249,122,125,126
76,133,193,137,141,144,152,154,155,214,197,164,177,172,157,136,243,180,158,159,175,196,198,199,77,78,80,173,210,211,85,86,215,216,217,218,94,98,251,101,102,103,108,146,112,115,245,123
77,128,132,139,237,146,195,149,248,163,167,170,171,173,176,179,181,185,186,189,191,226,141,81,82,213,87,207,220,95,224,98,227,229,230,105,234,210,113,244,120,122,252
78,129,133,236,237,145,161,164,198,166,168,169,170,181,138,190,92,222,144,251,228,107,108,109,189,118,119,250,123,252,126
79,131,132,133,135,136,158,146,154,150,160,167,168,169,170,199,172,176,183,185,181,194,200,203,206,82,213,215,216,90,227,103,105,108,109,115,116,248,148,252
80,137,141,149,154,157,159,165,166,173,184,185,249,196,197,201,208,212,213,86,87,97,227,228,103,233,238,239,121,250,251,124,125,127
81,128,133,134,136,137,139,141,151,154,164,165,170,172,243,181,186,193,195,246,198,204,205,210,251,215,88,219,220,93,223,224,226,99,102,234,239,240,242,211,118,119,248,250,123,254
82,128,133,140,149,197,161,181,182,183,184,185,187,191,192,195,202,207,254,211,84,85,86,215,88,218,228,145,232,105,234,236,243,116,245,233,120,125,126,127
83,131,136,137,146,150,151,156,162,166,171,176,177,180,182,195,196,199,204,206,213,88,223,99,101,233,167,236,109,244,119,249,124,254
84,129,107,141,144,145,154,163,166,167,169,171,174,187,192,199,205,206,208,212,215,88,98,113,229,232,234,109,241,242,244,123,254
85,139,140,216,147,157,158,163,171,173,176,201,249,188,193,203,207,212,121,88,135,95,101,195,232,106,236,110,174,240,243,248,123,124,149
86,129,135,144,146,196,133,165,172,174,182,185,187,197,200,202,205,207,213,214,92,221,222,224,225,98,100,233,237,113,114,115,245,123,125
87,128,131,196,211,161,204,237,147,148,149,152,228,239,252,96,144,240,164,242,106,246,208,175,176,179,180,118,183,120,234,193,125,126,191
88,129,141,145,147,151,155,185,163,187,193,196,198,204,214,219,93,222,223,97,226,103,232,109,114,116,118,120,250,123,254,127
89,128,130,135,138,145,151,162,172,176,178,115,182,191,193,206,208,209,212,215,91,221,94,96,144,227,101,233,236,239,243,116,248,250,123,252
90,131,133,193,142,149,160,161,164,241,170,175,207,159,191,196,199,200,247,205,206,216,91,220,222,96,101,103,105,106,236,109,238,112,113,119,121,250,251,252,126
91,130,143,131,252,150,151,161,168,220,170,171,172,180,137,159,196,197,200,204,135,205,208,92,222,96,99,104,105,238,240,147,244,118,249,123,124,125
92,128,136,144,147,152,159,164,165,197,172,175,177,243,183,192,201,202,209,237,212,213,221,95,99,102,145,104,233,234,146,240,241,114,116,123,252,125
93,129,131,194,147,151,152,155,165,166,172,176,178,180,187,188,215,193,198,203,208,218,216,223,224,97,98,229,231,233,106,107,239,242,247,253
94,130,132,239,144,154,157,158,133,155,164,135,177,183,184,188,189,192,199,205,207,220,98,228,230,102,105,108,109,111,113,115,169,249,247,127
95,175,118,135,172,207,115,146,147,169,121,143,208,123,165,177,237,117,105,248,245
96,132,133,200,204,142,146,147,149,154,237,176,227,101,168,105,225,109,112,232,172,245,182,233,120,121,122,138
97,134,137,140,142,145,154,158,160,163,165,135,175,177,178,182,184,189,190,191,197,199,200,205,211,216,224,227,101,231,105,108,240,168,221,244,118,169,249,123,252,254
98,130,136,222,145,148,149,150,152,155,162,180,169,172,176,186,194,198,247,142,215,220,226,227,230,102,233,235,239,242,249,252,125,126
99,134,143,147,149,150,103,156,161,162,167,168,220,170,172,179,138,190,191,200,203,210,213,215,222,223,101,230,145,106,107,239,242,243,245,121,250,251,253
100,128,131,134,141,150,133,165,173,180,184,186,159,188,189,196,198,201,205,212,213,249,219,229,224,101,232,105,235,146,240,114,121,125,254,127
101,128,132,140,147,149,153,197,162,164,166,167,173,189,227,199,203,141,230,231,232,242,245,118,121,250
102,135,139,237,222,146,148,133,161,167,172,173,174,181,185,186,159,189,207,208,213,214,215,216,224,227,228,103,104,236,109,111,240,241,116,245,251,120,126
103,131,193,144,216,151,152,160,164,241,172,178,182,202,203,206,210,211,212,249,207,221,218,223,104,109,238,157,232,118,247,248,121,125,126
104,129,131,132,134,236,143,149,150,152,154,165,171,254,244,177,179,184,186,196,183,206,208,209,210,212,215,216,229,225,227,166,233,108,111,115,116,245,118,247,248,121,202,127
105,134,135,137,141,147,152,154,158,162,163,164,198,166,170,179,201,185,187,202,192,140,207,212,246,178,252,144,107,236,200,174,114,118,124,254,127
106,128,130,138,215,140,143,146,148,153,158,173,178,253,183,188,192,193,199,200,210,233,224,225,234,238,112,241,147,119,248,125
107,132,133,134,136,143,148,150,152,157,161,240,243,180,183,185,187,202,190,191,163,206,250,223,226,212,253,112,115,245,120,122,125,254,127
108,132,195,150,153,155,162,163,200,185,187,201,202,216,227,236,146,177,253,117,170
109,128,235,132,136,140,145,148,217,153,222,190,193,162,210,213,164,230,161,231,238,111,240,242,115,244,245,233,120,121,123,125
110,132,133,137,140,146,153,160,197,174,177,181,183,184,198,209,212,215,217,218,221,224,230,142,232,236,111,119,251,252,125
111,139,140,145,147,149,153,154,197,160,163,171,174,186,187,195,198,201,205,209,213,214,220,223,231,116,250,251,124,253
112,192,133,134,137,206,201,210,147,171,203,219,221,227,228,172,240,114,244,183,120,140
113,133,136,143,144,145,147,151,214,162,165,168,156,173,180,181,183,185,189,192,247,205,211,212,213,249,221,228,235,238,239,114,254,118,119,120,122,126
114,130,139,194,154,155,185,133,165,169,157,179,180,186,204,213,228,218,229,129,243,233,121,250,125
115,135,138,142,143,146,147,148,150,152,153,162,167,176,177,185,188,196,140,202,247,216,207,228,231,241,204,118,119,217,127
116,128,133,146,230,165,172,242,176,185,186,188,193,197,213,214,218,246,229,235,140,117,118,252,170,254
117,193,131,132,134,137,187,231,239,144,145,214,154,155,220,157,224,197,180,223,168,135,174,240,181,182,201,186,159,213
118,131,179,138,147,149,152,153,159,161,163,165,174,177,185,232,194,195,196,200,203,204,211,212,213,229,237,238,240,249,191,252,126
119,143,144,146,149,163,165,241,172,187,188,193,199,214,219,223,230,237,125,248,148,252,234
120,129,130,136,140,141,237,216,175,156,210,171,174,176,219,121,197,199,200,201,203,205,207,226,187,188,243,244,246,169,248,148,191,124,125
121,143,149,152,153,156,157,159,160,162,164,168,173,176,183,184,189,190,191,193,196,199,210,211,215,216,252,236,239,240,245,124
122,136,139,141,144,149,150,151,153,159,161,241,177,179,155,200,201,217,225,228,230,231,233,239,157,246
123,129,171,214,207,150,156,162,219,165,167,175,193,200,203,210,218,221,233,146,174,241,245,246,250,124,143,254,213
124,129,133,193,138,151,153,154,248,168,171,177,179,181,191,198,202,206,141,209,227,229,230,235,240,241,170
125,130,235,215,142,237,153,154,156,164,134,210,220,172,175,185,189,194,200,207,248,218,251,232,241,148,250,191,126
126,128,130,142,145,155,174,179,186,188,189,190,181,193,246,204,211,206,224,233,235,210,242,243,245,248,251
127,128,134,143,151,152,159,135,173,175,177,178,182,244,187,189,191,225,201,247,204,207,228,208,238,240,241,235,246,233
128,132,133,135,215,219,147,153,159,163,210,170,171,172,174,177,178,179,183,184,188,190,200,205,207,209,231,242,137
129,132,150,153,214,166,167,169,174,178,137,187,193,194,195,196,203,205,206,225,227,228,161,240,244,233,212,250,170
130,230,135,226,138,183,204,162,210,211,212,159,166,167,168,236,237,238,221,150,252,247
131,133,139,141,154,158,159,161,165,166,167,168,189,215,246,241,205,208,213,220,226,227,233,231,236,239,251,253
132,198,145,236,209,203,233,144,154,207,197,226,156,241,169,189,191
133,172,238,153,162,164,241,200,183,163,215,216,225,209,237,246,251,253
134,138,195,149,150,155,154,161,173,178,187,190,245,194,228,198,199,205,208,217,223,230,231,237,253,243,252
135,136,137,142,144,188,163,165,167,179,181,186,193,203,197,199,140,183,143,206,221,187,228,223,234,231,236,241,248
136,145,142,143,148,151,155,241,170,174,175,176,188,197,206,208,209,215,230,236,239,246,233
137,147,149,155,158,164,167,170,177,178,180,243,182,244,138,190,211,199,200,223,224,231,232,242,204
138,194,145,164,166,168,174,206,177,183,207,211,142,221,223,238,242,247,148,250,251
139,209,143,144,150,151,155,156,163,221,183,186,189,191,193,198,202,207,210,181,227,229,145,244,245,153,249,251,213
140,142,147,149,152,239,161,244,165,146,169,176,179,185,193,194,196,197,198,202,207,208,216,222,227,232,225,249
141,142,152,157,158,159,162,163,171,174,177,185,190,204,206,213,223,228,234,235,239,244,246,149
142,144,150,160,162,169,174,180,201,196,206,208,217,219,168,244,254
143,145,158,171,172,179,181,184,202,203,207,251,215,228,231,233,237,240,248,253,254
144,147,149,150,217,153,157,174,176,178,182,190,198,201,207,245,209,215,235,246,212,252
145,192,201,216,146,152,154,155,164,177,169,171,183,185,168,194,208,254,229,188,235,246,212,250,252
146,238,161,219,164,171,172,173,223,243,183,244,190,197,203,217,228,207,222,251,229,241,242,248,234
147,193,175,188,150,166,173,189,190,194,202,239,205,206,211,226,228,240,245,249,234,213
148,215,153,154,167,200,243,183,190,202,207,213,218,222,226,229,239,168,245,250,251
149,152,162,166,169,170,174,175,185,186,249,194,195,207,227,250,231,251,253
150,226,205,155,199,174,178,236,187,188,190,193,195,198,200,162,215,217,211,224,230,223,240,246,169
151,152,153,156,160,165,174,179,180,184,185,190,198,201,203,212,224,188,234,235,236,239,251,170,254
152,196,157,231,160,162,163,165,166,170,181,189,192,194,246,199,183,248,211,212,216,222,223,224,225,228,229,253,220,204,241,254
153,252,154,161,164,174,243,185,191,198,203,208,209,216,224,231,233,244
154,155,157,176,169,253,222,183,185,224,200,205,214,216,227,231,225,232,243,235
155,157,169,175,176,178,181,188,196,205,210,213,215,219,230,232,238,249,251
156,195,166,178,180,185,188,196,199,210,249,216,224,225,227,228,230,238,246,251
157,242,218,158,159,163,167,176,177,185,193,197,198,241,206,210,212,216,250,224,233,236,238,180,243,254
158,164,166,167,172,175,181,185,159,189,192,247,206,209,210,223,231,232,194,241,245,252,253
159,160,161,162,166,169,173,178,182,245,194,199,205,207,212,214,216,222,223,234,235,241,244,247,248,253
160,163,166,170,172,173,174,178,181,183,185,190,191,241,212,215,228,230,225,238,169,251,253,254
161,166,173,174,175,176,202,187,192,193,195,196,198,199,209,216,250,246,236,238,244,252,253
162,202,243,166,169,176,222,182,183,185,223,189,192,193,194,204,205,206,184,210,249,218,165,188,232,238,229,245,247,250,253
163,172,167,170,178,180,185,202,197,205,208,223,237,242,245,212,252
164,199,237,167,170,171,177,185,187,212,223,225,232,234,242,243,245,246,252
165,214,167,169,174,175,179,201,244,223,188,232,192,210,213,215,234
166,241,172,179,184,195,200,201,209,249,217,218,219,225,226,235,232,212,250
167,243,181,183,186,195,203,209,217,218,221,224,237,240,247,248
168,171,178,182,183,184,189,194,201,227,213,215,216,226,229,230,239,242,247,251,170
169,196,171,181,183,190,213,217,221,233,236,239,243,245,250,253
170,173,218,176,171,175,219,184,193,194,201,204,210,217,229,209,235,240,242,248,253
171,226,173,175,176,200,181,185,189,198,203,207,217,225,235,237,211,249
172,242,223,178,186,191,193,197,203,205,210,228,235,219
173,175,177,182,188,194,196,198,203,206,214,249,216,242,246,248,252
174,239,194,198,202,222,223,224,228,231,238,242,244,233
175,192,218,177,179,187,189,193,198,225,201,203,222,228,229,223,233,231,240,244,249,250
176,249,193,177,243,182,187,190,191,200,202,216,219,230,233,238,239
177,252,220,193,223,192,211,207,208,222,213,216,217,250,240,227,229,233,239,245,248
178,185,189,190,197,200,206,208,212,226,227,235,221,233,253
179,181,185,186,190,193,194,197,198,199,204,227,212,216,218,250,235,254
180,240,184,190,192,201,209,212,218,220,231,236,254
181,238,186,187,191,192,245,203,215,225,228,230,231,232,240,244,246,250,251
182,185,186,188,196,199,208,213,214,229,233,210,253,240,211,249,251,183
183,185,223,232,190,192,194,196,249,202,205,206,212,216,198,224
184,222,185,190,195,205,206,214,249,218,220,221,224,234,242
185,243,236,189,246,204,213,207,186,228,230,231,232,240,254
186,254,244,187,206,211,215,226,231,237,240,232,247
187,236,216,201,245,204,206,207,222,224,231,212,253
188,189,196,211,225,229,233,236,251,213
189,197,200,215,223,237,238,240,254,251
190,225,209,210,212,213,249,217,219,221,222,230,236,252,253
191,203,198,199,248,211,212,213,214,219,222,223,233,234,239,240,242,245,251
192,193,206,215,221,224,230,231,237,238,254
193,196,202,206,212,222,238,254,242
194,253,195,198,206,212,215,222,231,232,235,237,241
195,196,199,201,206,208,213,214,216,224,226,229,230,233,243,245,254
196,219,198,200,204,212,217,220,231,234,242,245,252
197,219,244,199,208,209,212,216,228
198,205,208,212,206,217,223,227,231,232,225,242,247,250,251
199,218,204,247,248,213,215,217,221,226,251,230,239,244,246,253,254
200,248,211,213,215,216,217,221,222,223,231,239,247,254
201,253,236,204,248,214,227,228,243,251,254
202,252,203,206,216,218,223,228,236,246,250
203,220,228,239,241,245,251,249,252,253,254
204,215,223,227,228,234,253,242,247,250,252
205,218,214,206,213,217,221,224,229,230,209,232,250,252,253
206,235,219,234,236,241,211,249
207,231,248,213,209,219,226,234,242,244,254
208,213,221,209,218,225,238,211
209,235,248,212,213,219,228,246,249,217,254
210,212,249,225,226,228,233,234,244,250,252
211,215,249,214,218,220,221,237,248
212,235,220,216,226,244,245,248
213,245,219,227,242,220,221,222,223,226,234,253
214,241,215,229,231,242,237
215,217,218,220,229,240,242,244,251,254
216,231,248,230,233,241
217,250,220,221,222,231,238,246,247
218,219,220,224,226,227,250
219,231,233,235,237,241,245,254,247
220,239,244,227,221,224,229,238,246,254
221,248,223,226,251,237,246,241,247
222,225,240
223,227,224,246,229,230,237,248
224,245,232,238,233,252
225,228,231,252,240
226,229,240,250,253
227,228,241,254
228,242,250,231,233,234,235,238,247,253,254
229,232,235,245
230,238,250,231,249,254
231,250,234,236,238,248
232,251,253,241,254
233,242,236,238,239,244,252,234
234,237,235,254
235,239,248
236,241,247,240,238
237,245,251
238,246,243
239,241,244,246
240,251,252
241,251,244,254
242,244,243,248,252,253
243,254
244,254
245,254,251,253
246
247
248,250,251
249,250,254
250,253
251,254,253
252
253,254
254
