n_nodes:24
n_edges:162
density:0.58696
0,16,1,2,20,22,17,8,9,10,11,15
1,2,3,6,8,10,13,14,15,16,17,18,20,21,22
2,5,6,7,10,11,12,15,16,18,19,20
3,4,6,7,8,9,10,11,12,13,15,17,18,19,21
4,5,6,8,10,11,12,15,18,19,20,22,23
5,6,8,11,12,13,16,17,18,19,22
6,8,9,13,14,15,16,17,18,21,23
7,9,12,13,14,15,16,17,18,19,20,21,22,23
8,9,10,11,13,14,15,16,17,18,19,20,22
9,12,14,15,17,18,19,21,23
10,11,13,15,16,17,22,23
11,12,13,14,16,18
12,13,14,17,18,20,21,23
13,14,16,19,22,23
14,15,20,22,23
15,16,17,18,19,21
16,17,18,21,23
17,18,19,23
18,19,20
19,21,23
20,22
21,23
22,23
23
