n_nodes:182
n_edges:6205
density:0.37672
0,128,149,3,133,6,7,136,137,10,12,14,145,146,131,21,23,26,157,33,34,164,134,167,168,169,42,43,173,46,176,180,54,55,59,138,62,63,65,71,72,74,76,77,78,84,85,91,135,93,165,96,99,101,142,104,105,171,109,111,112,147,121,122,123,124,127
1,149,2,3,4,179,135,8,9,10,11,141,15,16,145,146,19,20,21,22,23,24,153,154,27,28,157,30,159,160,176,34,35,38,167,168,169,170,43,172,45,48,49,50,51,180,53,55,58,60,61,64,67,68,69,72,131,143,162,78,82,163,84,89,90,91,92,94,96,100,102,105,108,110,111,112,114,147,116,117,118,119,120,136,127
2,4,134,7,8,9,11,140,13,15,19,21,24,153,26,157,158,159,160,34,163,164,165,166,167,129,174,178,46,180,50,52,181,137,56,57,58,60,64,65,67,68,70,71,73,77,79,139,85,86,88,91,96,97,98,104,106,107,109,111,147,120,123,125
3,133,7,8,9,140,15,16,145,150,24,153,28,157,32,33,162,35,164,163,38,177,40,41,42,172,45,176,49,179,59,64,160,66,68,69,161,74,75,143,77,79,83,87,169,90,91,92,93,95,96,97,100,103,105,108,111,112,113,114,115,118,119,136,170,127
4,134,7,136,9,10,151,130,141,17,167,147,20,21,150,23,25,27,157,30,33,155,165,39,40,169,43,174,175,49,179,55,56,62,66,68,71,177,76,78,79,81,87,89,93,94,144,100,161,106,107,111,112,113,115,116,122,125
5,130,131,132,134,8,137,10,11,140,14,143,145,18,149,150,24,25,26,155,29,158,31,32,33,35,164,37,38,40,44,46,177,179,52,181,54,56,180,59,138,139,70,161,77,78,79,80,81,163,85,87,88,152,91,98,102,103,108,111,168,114,115,119,123
6,131,178,133,134,138,13,142,141,146,147,148,171,25,26,155,156,157,158,32,33,36,37,38,42,43,45,46,47,176,50,51,52,181,61,62,65,67,69,71,72,73,74,75,77,79,164,81,88,89,90,91,94,95,96,97,100,101,102,103,104,105,144,108,111,115,161,120,165,126,127
7,128,129,136,9,138,11,140,15,131,148,151,152,132,155,160,161,162,180,37,166,39,168,169,170,43,176,178,52,53,55,57,61,62,64,65,68,69,70,72,76,78,80,82,86,87,89,90,91,93,95,97,102,108,114,116,119,123,165,143,126,127
8,128,135,136,11,14,15,16,19,20,174,151,155,28,157,35,164,163,38,167,168,156,43,44,45,46,178,180,181,54,56,57,60,169,65,66,67,70,74,83,84,85,86,89,90,143,93,94,95,97,102,142,107,110,112,118,119,120,121,125,126,127
9,133,134,136,137,11,12,13,15,144,145,19,20,21,151,152,25,27,156,159,162,35,36,38,39,42,46,178,51,53,56,57,58,63,65,68,70,71,74,76,77,78,82,84,86,87,88,89,90,143,181,130,96,98,100,102,167,114,115,116,153,125,149
10,134,136,128,141,14,15,144,17,147,21,150,151,26,155,29,158,133,33,163,36,38,39,168,42,43,44,178,52,138,56,58,61,62,64,68,71,74,75,76,80,86,164,94,96,97,100,166,103,108,109,154,113,118,121,123,124,126,149
11,131,130,14,149,23,24,26,155,28,30,133,160,164,38,39,129,41,171,174,46,47,49,180,54,55,56,59,62,175,177,69,70,73,74,76,77,141,156,84,91,94,98,99,101,104,105,106,167,108,109,110,111,116,169,120,136,124,166
12,129,130,178,134,135,145,13,15,17,18,20,150,151,24,154,27,156,29,30,31,32,33,162,36,165,166,40,169,176,172,45,48,50,52,158,55,57,168,61,62,181,65,66,69,161,72,75,81,86,164,98,103,106,146,111,112,113,115,120,121,125,126
13,131,132,133,135,139,142,16,145,134,149,24,153,154,27,29,162,37,166,40,42,173,157,176,177,51,180,55,56,57,58,61,62,63,64,65,69,70,72,140,74,75,78,83,84,85,86,95,99,101,103,105,106,112,113,114,116,117,121,122,125,126
14,128,130,149,175,15,16,145,18,147,20,21,22,151,152,25,154,155,28,29,150,31,133,34,165,166,169,42,172,45,157,176,49,179,52,53,55,56,159,138,62,63,64,65,67,69,70,160,80,81,84,88,90,92,181,96,100,103,105,107,115,116,117,118,119,153,148,122,124,126,127
15,133,134,143,16,18,19,151,25,27,157,30,160,161,155,164,37,41,170,176,172,45,175,48,49,178,51,52,53,54,55,57,60,138,63,64,181,66,67,69,70,71,73,74,76,78,79,82,163,142,86,92,94,95,97,131,165,104,144,180,140,147,117,119,120,124
16,130,142,140,141,17,146,19,148,178,22,151,24,25,154,27,29,31,33,35,36,165,166,168,145,42,43,173,46,49,50,53,55,56,60,61,63,64,65,67,69,161,72,76,77,78,79,80,81,82,163,85,152,164,90,96,97,131,101,102,103,105,106,107,109,111,113,114,116,118,119,153,121,136
17,128,134,135,139,141,142,143,19,149,150,151,132,154,158,31,160,33,163,164,38,39,147,171,44,45,46,47,48,49,51,52,53,54,57,58,59,63,64,181,67,68,176,70,71,72,177,75,180,80,173,85,88,89,91,94,95,97,98,104,106,109,110,174,113,114,115,116,120,121,123,170,126
18,128,149,134,136,138,141,152,19,21,24,25,26,155,157,133,32,33,162,35,164,37,38,39,40,169,44,173,46,47,178,52,57,64,67,68,69,161,72,174,79,81,82,83,147,86,88,89,91,93,165,96,98,100,166,103,105,109,110,111,114,115,116,121,122,125,127
19,134,129,138,139,147,21,154,23,26,27,28,29,30,32,162,35,36,37,166,39,168,169,170,135,172,151,47,48,49,179,155,181,55,58,59,60,61,164,68,70,73,75,143,78,173,82,84,87,89,91,95,96,98,99,105,108,113,115,120,121,122,123,124,126,149
20,128,130,133,134,129,139,143,144,146,174,152,25,154,156,30,31,32,33,34,36,38,167,41,43,173,46,49,162,137,159,62,63,64,181,68,69,140,75,77,79,80,86,88,164,90,92,93,94,95,96,97,98,99,166,103,104,108,110,116,119,123,124,127
21,131,133,129,175,143,148,22,23,153,27,28,157,30,32,36,37,38,40,170,172,174,47,179,52,53,137,59,61,62,63,65,68,71,72,76,79,80,83,84,86,88,90,91,95,97,100,101,165,105,107,108,146,110,168,116,158,118,123
22,179,138,139,23,28,29,30,35,165,38,167,168,42,46,47,49,51,180,158,54,55,56,59,60,181,64,65,68,69,71,72,73,80,163,84,85,89,90,92,93,95,102,142,177,111,114,116,117,118,120,122,123,170,126
23,171,179,135,152,146,24,153,26,175,28,30,31,32,162,163,36,165,39,40,169,43,172,47,178,51,180,158,54,55,57,159,62,63,64,139,78,79,80,81,83,86,88,91,92,95,96,97,104,105,106,110,111,113,115,116,117,118,121,122,124,125
24,128,134,136,145,148,152,26,27,156,30,133,32,33,36,38,39,168,41,171,172,45,174,47,48,50,179,52,158,55,159,175,68,69,130,72,140,74,78,82,84,86,87,176,93,95,96,97,98,101,106,167,113,119,120,122,123,124,166
25,130,131,136,138,141,152,26,155,28,154,162,35,134,38,39,168,42,43,45,47,176,49,50,51,52,56,58,59,64,67,69,70,177,74,77,179,82,163,142,86,98,101,102,106,167,109,119,124,125,126,127
26,171,137,140,130,144,145,150,157,32,34,37,146,177,40,169,43,44,178,46,49,50,172,180,53,56,58,151,63,65,152,68,70,73,75,79,81,84,86,87,89,90,181,93,94,95,98,100,103,104,105,106,107,108,109,111,112,114,119,160,125,126,127
27,149,133,134,145,151,153,175,28,30,31,160,161,34,36,166,39,169,176,46,47,48,50,180,53,58,59,64,65,66,68,70,73,78,79,82,84,85,86,87,152,143,92,94,96,144,98,99,102,107,111,112,114,119,121,125,127
28,133,134,172,144,146,148,154,29,158,31,162,163,37,38,39,168,169,42,159,46,175,177,50,52,53,55,56,180,59,60,61,62,67,74,78,82,139,142,87,88,92,94,95,97,98,131,166,104,107,115,117,118,119,124,125,126,149
29,130,131,135,139,143,148,150,153,157,30,160,161,34,37,166,39,40,170,151,175,178,179,56,60,61,63,66,68,70,74,141,80,173,82,142,86,92,93,94,95,96,97,98,102,106,167,108,110,111,112,147,117,118,120,121,122,165,144
30,149,130,137,144,132,154,159,161,180,36,165,41,42,176,44,46,48,50,52,55,56,57,58,62,66,147,72,76,85,91,95,96,148,99,100,102,103,105,107,109,111,115,117,118,169,121,122,126,127
31,172,129,131,134,145,137,141,146,149,150,152,153,158,35,164,166,140,42,44,46,48,178,51,180,53,54,56,57,58,59,60,61,181,66,68,73,74,78,79,81,163,142,87,88,89,91,92,94,99,101,103,104,108,111,114,115,117,119,122
32,128,149,130,135,136,139,141,142,143,179,150,156,167,159,160,162,36,134,166,39,40,42,172,178,48,50,51,53,54,151,63,164,68,72,74,75,76,77,81,83,86,88,89,94,101,103,104,105,107,110,112,168,114,118,148,122,123,170,127
33,129,130,136,141,142,143,131,178,150,132,154,155,156,158,133,160,161,37,39,169,170,172,45,46,47,50,51,180,53,56,57,181,65,68,70,74,76,77,81,82,83,84,89,91,93,94,101,102,103,104,112,119,148,122,124,127
34,131,134,129,138,140,175,143,145,171,154,153,158,162,164,165,39,170,43,172,45,174,47,176,49,178,179,180,181,55,56,60,62,63,65,66,69,71,72,76,78,79,82,84,92,95,98,104,106,148,109,157,113,119,120,121,122,123,124,126,127
35,130,132,129,141,142,149,151,152,154,150,161,36,165,38,177,40,169,170,43,44,173,174,136,178,54,137,59,60,65,66,70,71,75,76,77,79,80,83,88,93,95,96,144,100,166,104,105,108,146,168,114,117,118,153,122,124,126
36,130,133,139,175,142,145,150,157,159,163,167,40,41,45,174,47,177,179,155,53,137,151,181,160,66,67,68,70,72,73,74,75,76,83,90,91,94,165,96,99,101,104,111,168,115,169,122,123,124,126,127
37,149,137,148,154,151,158,133,162,163,164,134,166,168,169,42,159,45,47,51,52,59,63,65,68,69,70,74,79,81,82,147,88,90,91,92,94,98,103,104,109,110,157,113,115,116,118,119,121,123,124,127
38,149,130,129,141,144,151,154,159,162,164,134,39,40,156,42,43,44,173,175,176,51,52,54,55,139,60,62,66,67,68,72,73,74,77,78,79,80,81,82,84,88,89,90,91,148,99,100,104,107,111,112,113,114,115,116,120,137,124,170,127
39,128,172,131,136,142,149,154,155,168,135,44,46,157,48,50,51,52,55,180,59,151,138,62,160,67,68,70,71,72,73,75,76,77,147,152,94,96,98,99,101,103,104,106,107,109,111,115,121,124,125,127
40,129,130,139,143,131,154,152,155,156,158,133,162,167,168,169,171,44,45,47,48,177,50,52,55,56,59,151,62,146,64,67,70,73,75,79,81,83,86,87,89,90,94,95,98,166,103,105,178,107,109,112,113,147,117,121,124,125,126,149
41,128,129,132,138,140,144,145,147,174,150,151,153,155,157,160,162,167,170,44,173,46,175,48,178,179,52,158,56,57,59,65,67,73,78,79,83,139,85,86,164,90,143,94,95,96,99,100,101,107,108,111,112,114,116,118,119
42,129,150,136,145,131,149,176,163,167,168,156,170,141,175,48,49,178,172,52,53,54,137,58,159,60,64,66,68,69,70,71,73,75,77,78,79,81,82,83,85,86,88,89,92,93,94,95,96,97,158,101,165,104,106,108,111,147,116,117,118,169,120,121,122,125
43,130,179,132,141,142,173,152,156,154,159,164,134,129,171,45,47,136,128,180,181,54,59,61,63,64,66,139,68,69,70,71,73,74,75,78,80,163,84,85,86,87,93,95,96,97,98,99,101,102,105,144,109,168,113,114,117,119,153,121,125,127
44,128,129,134,140,142,173,144,149,150,156,160,171,45,46,175,51,52,53,55,180,59,62,69,71,73,74,75,76,79,80,81,82,83,85,87,98,99,102,104,107,109,110,111,113,119,120,123
45,129,137,162,146,131,150,156,157,159,167,147,178,46,136,50,51,53,55,140,61,62,152,68,70,161,73,75,77,81,82,83,142,86,87,90,135,165,97,98,101,102,107,109,110,112,168,114,115,116,117,119,121,125
46,128,131,132,135,138,140,141,142,150,153,154,133,165,53,137,56,159,63,66,139,70,158,72,73,75,77,78,80,82,85,86,87,90,91,93,95,144,102,145,104,146,110,113,115,116,117,118,122,123
47,149,129,132,150,138,141,143,179,180,166,169,172,173,174,175,178,51,52,57,58,59,62,66,68,70,71,72,77,78,82,86,87,165,102,145,104,108,113,115,118,124,127
48,132,134,135,137,142,151,154,157,161,162,163,174,175,176,49,53,56,62,63,181,67,70,71,76,82,84,85,86,89,94,95,97,98,99,158,101,109,168,114,116,117,122,170
49,132,134,129,138,141,156,154,158,159,176,162,166,167,174,157,54,57,63,64,65,67,71,74,77,80,81,82,139,142,87,91,92,93,95,96,97,98,145,104,108,112,117,126
50,131,129,136,130,173,152,154,159,164,134,156,170,175,176,177,51,54,55,56,59,60,61,62,160,67,69,71,73,76,77,81,83,85,90,91,94,96,97,99,105,144,167,108,110,112,115,116,118,169,120,121,123
51,130,131,133,129,138,140,142,147,148,149,179,175,157,158,163,164,171,172,54,55,57,59,63,68,69,72,73,74,76,77,79,80,81,84,89,92,165,96,98,101,102,103,105,108,110,112,114,115,118,120,123,124,126,127
52,128,129,132,156,137,139,141,147,155,157,160,161,171,177,158,58,59,60,65,69,70,71,74,77,78,79,80,81,82,83,84,142,88,90,91,93,94,99,101,106,107,108,110,111,115,116,117,118,120,122,125,149
53,130,171,132,133,134,138,151,152,154,158,155,165,156,135,178,58,159,65,68,72,73,74,76,81,82,83,85,89,92,94,96,99,100,101,142,104,106,112,115,116,118,124,125,126,149
54,128,130,131,178,129,137,140,141,142,144,146,171,154,157,150,165,177,168,169,172,173,56,58,59,64,65,67,68,70,71,72,76,135,82,163,85,86,89,92,98,101,102,103,105,106,108,109,110,113,117,119,121,122,124,125
55,130,131,133,134,137,138,171,179,155,161,156,135,175,176,181,56,57,151,62,67,150,71,73,76,77,78,79,81,84,142,87,90,91,95,98,100,102,104,105,107,110,141,113,114,115,116,121,123,124
56,162,145,148,149,153,155,133,164,167,171,154,172,181,132,58,168,60,63,160,66,67,68,69,130,72,75,77,78,79,81,82,88,174,95,97,102,105,141,113,114,115,117,119,122,123,124,126,127
57,132,133,142,144,147,150,137,153,156,160,145,146,167,173,176,178,61,169,63,64,66,152,71,177,76,78,80,81,82,164,89,90,94,100,102,103,106,109,110,113,114,115,117,118,119,136,123,127
58,132,134,143,146,148,149,151,152,156,161,163,166,167,169,171,177,178,137,180,62,181,64,65,69,70,75,76,79,83,85,89,90,91,130,93,95,97,98,101,109,112,113,114,115,117,118,170,153,121,123,125
59,128,130,129,136,175,143,146,148,151,167,133,161,162,164,170,178,180,64,147,71,72,73,74,77,81,83,89,135,95,96,98,99,131,101,104,105,107,108,110,113,115,118,119,123,149
60,128,131,132,134,138,130,145,148,154,164,165,168,169,173,174,175,63,66,75,141,86,88,96,100,101,102,178,111,147,119,123,126,127
61,130,132,137,139,142,143,145,151,152,160,161,163,134,167,129,170,174,157,179,159,66,67,73,74,75,77,78,173,86,87,90,97,98,99,109,168,147,117,119,121,122,123,124,125
62,133,137,150,157,161,134,169,135,174,181,168,151,64,65,80,81,142,86,176,90,95,165,100,178,105,106,109,113,114,118,125,126,149
63,128,132,134,138,151,140,146,150,172,176,167,169,154,173,65,70,71,177,74,75,143,79,174,83,84,85,91,92,93,95,96,101,103,142,107,110,111,112,114,120,123,124
64,136,147,171,152,154,156,157,158,161,164,165,166,177,173,175,176,178,179,181,138,70,72,73,79,142,87,89,90,130,96,101,107,108,146,129,114,115,119,148
65,129,132,150,138,139,147,153,156,154,159,166,170,135,172,157,176,178,179,134,69,71,72,140,74,76,78,80,163,169,93,94,95,165,98,99,100,101,105,106,107,108,111,136,113,116,119,122,125,126,127
66,128,130,133,134,137,138,141,142,149,150,156,160,165,173,176,155,158,181,70,74,75,78,82,86,143,103,105,108,109,111,157,113,114,115,116,119,121,170,127
67,132,129,149,150,153,155,159,160,176,165,170,178,179,181,69,71,84,89,91,95,97,105,167,110,111,112,114,115,117,118,169,121,123,124
68,128,133,134,136,175,153,149,162,155,129,156,177,159,164,69,71,168,163,86,87,89,152,135,94,95,97,148,99,165,103,104,167,113,114,115,116,117,118,169,121,122,125,127
69,130,179,136,172,138,131,156,158,159,161,139,162,129,177,140,70,72,73,74,75,77,78,79,141,84,85,89,91,92,95,96,101,102,104,106,107,108,111,113,114,119,123,125,126
70,129,155,134,138,146,148,149,154,153,156,158,172,136,176,135,78,79,83,88,164,90,91,92,93,95,97,101,102,145,104,105,109,157,163,115,116,117,118,120,165,127
71,129,150,140,130,146,147,151,137,132,154,155,156,160,161,134,174,179,138,175,73,74,79,81,82,163,87,90,143,94,96,98,99,100,101,102,145,104,106,110,111,180,117,119,122,124
72,130,131,179,138,142,143,148,154,155,156,157,168,170,172,176,181,74,77,79,81,85,86,164,152,91,174,98,166,145,105,108,141,114,116,120,121,123,127
73,131,133,140,130,142,179,146,148,154,155,134,168,74,76,81,84,85,92,159,96,166,102,178,109,110,113,116,117,169,120,121,122,123,126,127
74,128,132,133,142,144,152,171,149,150,162,167,169,170,173,174,175,178,137,160,143,141,80,82,83,86,88,89,90,91,92,93,97,99,101,104,105,106,109,177,111,112,114,119,123,125
75,128,133,136,172,142,173,146,153,157,158,159,161,134,175,177,178,179,180,140,79,80,82,163,87,88,164,92,93,95,98,131,101,102,145,106,167,109,110,116,118,126
76,172,131,141,158,167,148,137,132,154,157,159,163,178,174,177,138,77,80,83,86,87,91,100,101,102,107,109,111,115,116,118,121,122,124,125,126
77,135,138,140,143,146,147,150,153,137,154,175,167,158,162,164,171,172,176,161,81,84,89,92,173,94,99,100,166,104,107,110,111,115,117,120,123,124,126,127
78,130,150,154,158,160,155,162,163,167,129,176,181,180,135,83,86,87,88,91,92,94,95,144,98,100,101,102,106,107,168,147,116,170,120,125,127
79,128,135,172,141,131,156,133,161,167,173,175,176,143,162,81,82,163,84,86,87,169,90,91,92,94,95,144,98,99,166,102,106,107,111,112,168,116,117,119,125,126,127
80,172,137,139,143,171,155,158,133,161,162,177,168,169,170,135,175,176,181,159,151,138,84,142,93,144,98,145,104,106,107,109,174,113,114,115,117,118,120,148,122,124,125
81,179,136,137,138,151,141,143,147,152,156,158,171,133,160,173,159,83,84,142,87,90,93,97,166,102,103,144,108,109,110,114,115,116,122,126,127
82,130,132,133,136,175,145,148,149,150,151,163,169,178,179,181,147,173,89,91,95,97,98,99,101,165,105,109,110,113,115,117,120,124,125,126
83,128,138,139,142,143,145,147,173,155,156,157,158,165,166,167,175,177,180,151,160,87,88,91,92,93,94,96,98,100,102,178,104,146,110,111,113,115,116,117,169,120,121,122,123,124,126
84,179,133,134,162,140,152,146,153,154,159,160,164,165,167,169,170,173,136,178,180,177,139,87,88,94,104,105,107,108,110,111,112,118,125,149
85,128,131,178,172,138,139,140,148,171,152,154,156,160,161,162,163,168,173,175,177,179,145,86,87,176,89,90,91,92,93,97,100,103,107,109,110,112,113,116,126,127
86,131,142,144,158,176,164,166,177,136,180,173,88,94,98,100,107,146,116,118,119,121,122,124,126
87,128,129,130,139,179,145,146,148,151,157,160,156,176,172,180,181,159,168,131,152,91,95,100,105,107,108,109,112,113,114,147,117,169,120,123,126
88,132,138,144,147,157,158,164,168,171,172,176,178,179,180,159,134,146,160,142,89,90,93,165,99,103,104,105,108,109,111,112,114,115,117,148,125,126,127
89,130,131,138,139,142,144,149,151,156,154,162,164,169,135,159,175,136,146,181,161,129,91,93,94,97,99,166,103,104,105,108,109,110,115,116,121,122,123,125
90,132,139,143,152,146,137,154,160,162,170,135,179,164,92,94,165,96,98,100,103,106,107,112,122,124,126,127
91,136,137,128,140,130,143,141,150,155,157,145,170,135,181,159,151,161,92,93,94,95,144,99,100,165,103,171,146,112,114,131,117,122,123,126,127
92,130,133,134,129,138,139,141,179,146,149,154,160,164,167,169,172,173,142,157,181,95,96,97,101,104,107,108,109,177,114,116,120,121,122,123,125,127
93,150,137,138,139,142,149,155,158,160,162,163,177,169,135,157,178,179,181,180,161,97,99,100,102,106,136,116,119,148,122,123,125
94,128,129,146,147,149,150,180,166,172,178,174,157,177,179,169,139,160,96,101,104,161,110,111,112,113,118,119,170,126
95,149,129,150,137,138,139,142,141,146,153,164,165,166,177,179,143,135,163,147,171,97,148,105,144,110,111,115,116,120,121,127
96,133,135,130,143,149,154,156,128,163,166,178,176,180,181,177,144,131,103,105,167,109,110,111,112,147,116,148,122,124,126
97,128,129,132,133,130,154,155,158,160,162,164,134,168,174,157,179,141,99,103,104,109,113,123,124,125,126
98,179,136,151,158,159,155,164,166,156,152,178,139,177,148,100,101,145,106,167,109,110,112,168,114,117,157,169,121,123,124,127
99,128,171,134,172,143,144,145,146,151,153,163,170,178,177,180,181,139,103,105,108,110,115,116,117,118,121,123,126
100,149,130,135,136,140,175,152,147,150,137,153,155,154,159,160,164,134,167,171,157,176,177,179,163,181,165,102,103,104,105,106,110,111,118,121,123,127
101,149,130,179,133,135,140,173,147,151,154,134,172,174,175,177,160,165,104,113,114,116,117,118,120,121,122,123,127
102,172,131,139,142,143,171,149,152,156,159,160,164,134,166,129,169,136,180,158,168,135,103,106,108,109,111,113,114,116,117,120,121,122,125,126,127
103,129,143,147,149,150,151,152,153,155,157,171,172,142,175,176,177,178,138,140,106,109,110,112,113,116,118,119,126,127
104,129,131,133,136,138,130,142,144,146,174,150,153,155,158,156,171,134,159,145,105,106,167,108,114,161,117,118,120,123
105,132,179,137,138,140,143,148,153,155,156,161,164,134,169,170,172,173,174,176,177,180,158,141,165,106,108,109,110,111,112,168,114,116,131,119,121,123,124,126
106,131,138,143,146,147,150,155,161,164,165,169,172,174,157,132,151,181,162,144,108,110,115,116,117,170,120,121,122,124,125
107,128,129,134,172,143,148,149,162,155,165,174,178,158,181,173,167,108,109,112,168,115,116,117,169,120,124,125,127
108,128,136,137,142,144,153,175,156,133,134,167,159,173,181,180,139,160,165,148,109,114,147,116,117,169,120,121,122
109,128,133,129,136,172,140,141,142,173,148,149,155,156,154,160,161,179,180,167,146,110,111,114,115,118,119,122,127
110,130,133,134,135,172,138,140,141,142,143,155,158,162,180,166,167,171,175,114,115,116,125,126,149
111,135,136,138,141,143,145,131,148,160,161,134,168,171,146,175,177,181,159,164,151,167,112,113,114,120,121,124
112,130,179,129,138,142,141,145,146,131,148,152,132,164,165,170,135,172,157,176,175,140,144,114,120,136,126
113,129,134,135,145,146,174,150,155,156,160,163,169,178,179,175,162,152,140,114,147,116,119,122,123,124,126
114,128,134,136,173,131,151,152,156,157,150,133,162,165,168,179,174,146,163,176,115,116,119,120,121,124,127
115,128,139,141,144,174,137,157,161,180,169,177,134,152,167,165,131,145,147,116,118,122,123,124,127
116,128,130,171,150,136,143,142,153,154,159,147,162,168,135,179,181,165,144,146,173,118,119,160,123,124,125,127
117,130,171,133,151,140,174,153,175,162,165,166,167,156,157,181,177,180,150,118,119,121,123,124,125,127
118,128,133,140,141,148,153,155,166,171,180,177,181,175,158,163,142,119,170,126
119,132,172,138,140,175,152,171,154,155,166,167,157,136,181,162,173,159,142,144,161,169,120,148,126,127
120,132,135,130,144,149,153,158,162,134,173,175,176,136,181,164,152,143,165,145,147,123,125
121,133,139,173,149,152,164,172,175,177,181,162,145,167,146,147,170,126
122,128,130,171,129,136,138,140,144,145,148,155,167,169,135,172,179,181,180,164,160,141,142,123
123,128,172,136,137,140,130,142,144,154,155,156,129,135,181,138,147,164,165,168,124,126
124,128,133,134,145,150,179,155,169,170,173,174,163,151,181,139,161,125,126,127
125,129,131,134,132,173,145,148,167,169,172,176,178,153,180,139,130,140,146,170
126,128,162,132,179,174,151,156,159,165,167,145,170,171,172,142,175,178,180,177,169,153,136,127
127,130,132,137,128,135,141,143,147,149,150,153,159,155,168,178,162,160,164,171,175
128,130,172,140,174,156,157,161,163,164,173,176,178,179,138
129,132,133,141,145,150,151,153,155,164,165,176,181,180,175,140,163,139,166,161,178,168,169
130,132,135,136,143,145,150,133,162,173,174,176,181,164,158,148,168,137
131,136,172,147,150,153,152,164,156,159,176,141,173,178,168
132,137,139,140,161,143,144,146,171,153,154,162,165,166,167,170,135,173,179,141,180
133,141,147,153,158,155,167,173,177,181,139,148,174
134,179,139,142,150,154,161,163,168,156,170,174,175,172,138,159,162,160,152,165,146
135,142,173,141,148,174,153,155,166,168,169,171,157,181,175,144
136,140,142,143,148,171,173,156,162,165,146,175,179,181,161,144,166,167
137,149,173,152,153,155,176,168,177,178,163,174,180,170
138,181,142,139,141,148,174,151,179,175,156,157,150,163,164,166,168,171,173,178,180,177,158,167,153
139,151,142,174,152,165,172,173,175,178,179,181,180,159,147,166,145,169
140,172,142,149,153,156,154,163,165,170,171,157,177,143,144
141,175,147,171,150,152,155,156,177,179,146,160,163,145
142,147,148,149,151,155,166,145,170,178,160,169,174
143,146,163,162,170,171,172,173,174,178,181,164,168,169,148
144,145,162,164,167,168,170,178,175,172,156,163,166,148
145,152,147,148,149,151,158,165,167,172,173,176,178,180,181,177,174
146,155,154,161,162,164,166,171,159,177,178,179,180,148,168
147,150,152,175,156,159,160,161,162,180,164,171,157,178,181,165,167,173
148,150,174,167,156,170,172,173,157,181,169,152,165,149
149,155,172,179,154,167,161,171,181,170
150,172,174,155,162,165,166,167,177,179,181,159,169,170
151,175,154,153,170,171,157,177,178,160,165
152,173,156,157,158,160,161,166,172,179,181
153,154,156,160,161,164,166,167,168,170,173,175,176,177,178,179,180,181,159,163,171,169
154,155,172,175,163,165,167,174,158
155,158,160,163,170,172,174,180,159,164,166
156,161,157,158,162,163,164,169,180,172
157,179,158,166,168,172,174,175,173,164
158,179,163,166,167,171,178,177,169,170
159,164,174,163,167,172,179,180,177
160,174,162,163,168,176,180,165
161,162,164,176,177,180
162,177,170,171,172,174,175,181,169,168,173,176,166
163,176,172,173,174,177,180,170,165,169
164,172,170,178,174,175,176,177,180,181,166,165
165,175,166,167,169,171,172,176,178,180,173,170
166,170,173,176,181,175
167,172,175,180,169,178
168,176,180,181,173,171
169,171,172,173,181,176,178
170,176,172,173,174,179,181
171,179,172,174,177,181
172,173,174,177
173,178,176
174,177,179,180,175
175,180,181,177,178
176
177,178,181
178
179,180
180,181
181
