n_nodes:234
n_edges:17506
density:0.64216
0,1,5,6,7,8,10,11,12,13,15,17,19,20,21,22,25,28,31,33,34,36,39,40,42,44,45,46,47,48,51,53,55,57,59,60,62,63,64,65,66,68,71,72,75,76,77,79,80,81,84,85,86,88,90,91,92,97,98,99,100,103,106,107,108,109,111,112,117,119,120,121,122,123,125,126,127,129,133,134,135,136,138,143,145,146,147,148,152,153,154,156,157,159,160,161,163,165,169,170,171,172,176,178,180,181,182,184,185,188,190,191,192,194,196,198,199,203,204,205,206,207,208,209,210,211,212,213,217,221,222,223,225,227,228,229,231
1,2,3,6,9,11,12,13,14,16,17,19,21,23,24,25,26,27,28,29,31,33,34,35,36,37,38,40,41,42,44,45,46,49,50,51,52,53,54,58,59,60,63,64,65,66,67,69,70,72,73,74,75,78,81,82,85,86,87,88,90,92,93,94,95,99,100,103,106,107,108,109,113,115,116,117,122,123,126,127,128,131,132,133,134,136,138,140,141,145,146,147,148,149,150,151,153,154,155,157,158,159,160,161,162,164,166,172,174,176,177,178,179,180,181,182,183,184,186,187,188,190,191,193,194,196,197,198,199,200,202,203,204,205,206,208,209,210,212,215,216,218,219,220,222,223,225,226,229,231,232
2,8,10,11,12,14,16,17,19,20,21,23,24,25,28,30,35,36,37,38,39,40,41,42,45,46,47,48,50,52,53,54,55,57,59,61,62,64,65,66,69,71,72,75,77,78,79,80,82,83,84,86,87,88,89,91,93,94,95,97,98,99,100,101,102,103,104,105,110,111,112,114,117,118,119,121,123,124,126,128,130,131,134,135,136,137,138,139,142,143,144,145,146,147,148,154,155,157,160,164,165,167,169,170,171,174,176,178,180,181,182,183,184,185,188,189,192,194,196,197,198,199,200,201,202,203,204,205,209,210,211,212,213,219,221,222,224,225,226,227,230,231,232,233
3,4,7,8,9,11,12,13,19,20,21,22,23,25,27,28,30,31,33,34,36,38,39,40,41,42,43,44,45,46,47,49,50,54,58,60,61,62,63,64,66,68,69,70,73,74,75,78,79,81,82,83,84,86,87,89,90,91,92,94,95,96,98,99,101,102,103,104,105,106,107,108,110,114,115,116,120,123,125,127,128,129,130,137,138,139,143,144,146,147,148,149,151,152,153,154,155,156,157,158,159,162,163,165,166,167,169,175,177,178,179,181,183,184,185,186,188,194,195,200,203,204,205,206,207,209,211,213,216,218,220,221,222,223,224,225,226,228,231,233
4,6,7,8,9,11,12,13,15,16,17,18,20,21,24,26,29,31,32,37,39,41,42,43,45,46,47,48,49,51,53,54,55,58,60,61,62,66,69,70,71,72,73,74,75,76,78,82,87,88,89,90,91,94,95,96,98,104,107,108,109,110,111,112,113,114,116,118,119,120,122,123,124,125,126,127,128,129,130,131,133,134,136,137,140,141,143,144,146,149,152,153,157,159,160,161,162,165,167,168,169,170,171,172,173,174,175,176,177,181,182,185,186,187,190,192,193,194,197,200,201,202,203,205,206,207,209,210,211,212,213,215,216,217,218,219,220,221,222,223,224,225,226,227,230,231,233
5,6,8,9,10,12,14,15,16,17,18,19,20,22,23,25,27,29,30,32,33,37,38,39,40,43,44,45,47,48,49,51,52,55,56,60,62,63,64,67,68,70,71,73,74,76,78,79,80,81,83,84,86,87,88,89,91,93,97,99,100,101,104,105,106,108,109,111,112,113,114,117,118,121,123,125,126,127,128,131,132,133,136,140,144,148,150,151,152,155,156,158,159,160,162,166,167,168,169,171,172,173,174,175,176,179,180,181,184,185,186,187,188,189,190,193,194,195,197,198,199,200,202,203,205,206,208,210,211,212,213,214,215,216,217,218,219,221,222,223,224,225,226,228,229,231,232
6,7,8,10,11,12,13,14,15,16,18,19,21,23,24,26,27,29,30,31,34,35,36,39,42,43,44,45,46,47,51,53,55,59,61,62,65,67,68,69,70,71,72,73,75,76,77,78,79,80,81,82,83,85,87,88,89,92,93,94,95,97,98,99,100,102,104,106,107,109,111,113,114,115,116,117,119,120,121,123,125,126,129,130,131,132,137,138,139,141,142,143,144,145,147,148,150,152,155,156,157,162,164,166,167,169,170,172,173,174,177,178,181,185,186,187,188,189,193,194,195,196,198,200,201,202,203,204,205,207,208,210,211,212,215,219,220,221,223,224,225,226,227,228,229,230,232,233
7,8,9,10,11,12,13,14,15,16,19,23,24,25,26,27,30,31,33,34,35,36,37,38,39,40,43,44,48,51,52,54,55,57,58,59,61,62,65,66,67,68,69,73,74,75,76,78,79,80,81,82,84,85,86,89,91,92,93,94,97,98,99,100,103,104,106,112,113,114,115,117,118,121,124,126,127,128,130,132,133,135,138,139,140,141,142,143,146,147,148,149,150,151,152,153,154,155,156,157,158,160,161,162,163,164,166,167,168,169,172,173,179,182,183,185,187,189,190,191,193,194,198,199,200,202,203,204,205,207,209,210,211,213,215,216,217,218,219,220,221,222,225,226,227,228,229,230,231,233
8,9,10,13,14,15,17,18,19,20,21,23,24,30,32,34,35,37,40,41,42,43,44,45,46,48,50,51,55,56,57,58,59,60,61,62,64,65,68,69,71,74,75,76,77,79,81,84,85,86,87,88,90,91,92,93,94,95,96,98,99,100,101,103,104,105,106,107,108,109,112,113,114,115,116,117,119,120,121,122,123,124,125,128,129,130,132,133,135,136,137,138,139,140,141,142,143,146,149,150,151,152,153,155,157,158,162,164,165,167,168,170,171,173,174,175,176,177,178,179,180,181,182,183,184,186,187,188,189,190,191,193,194,195,196,201,204,205,206,207,208,211,212,214,215,216,217,218,221,222,223,224,225,226,227,228,229,232,233
9,10,11,12,13,15,16,17,19,20,22,23,25,26,27,28,30,31,32,33,34,35,38,39,40,41,43,45,48,49,51,52,53,54,57,59,60,61,63,64,65,66,67,69,71,72,76,77,81,83,84,88,89,91,93,94,96,97,98,100,102,103,104,105,106,107,110,111,112,114,115,117,118,119,120,121,122,123,127,130,131,133,135,136,137,138,140,141,142,144,145,147,149,150,151,152,156,157,158,159,160,161,162,164,165,167,168,169,170,171,172,173,175,176,177,178,179,183,184,186,187,190,191,192,193,194,195,198,199,202,203,205,207,208,212,215,216,217,219,221,223,226,227,228,229,230,231,232,233
10,11,12,13,17,18,20,21,23,25,27,29,30,32,34,35,36,37,38,40,41,43,44,45,47,48,49,52,53,56,59,60,61,62,69,73,74,76,78,79,80,82,84,85,86,89,90,91,92,98,99,100,102,103,107,108,109,110,111,112,114,117,118,121,122,124,125,126,127,128,129,130,131,132,134,136,137,138,140,141,142,143,144,145,147,148,149,152,155,156,157,158,160,161,162,164,165,167,168,169,170,171,172,173,175,176,177,178,181,182,183,186,187,188,189,190,192,193,195,197,200,201,202,203,207,208,209,210,212,213,218,219,220,221,224,225,226,228,230,231,232,233
11,12,13,14,15,16,17,18,19,21,22,23,24,28,31,35,37,38,40,47,49,50,51,53,54,55,56,58,59,60,61,63,65,66,67,68,69,71,72,74,76,78,79,81,82,83,84,88,89,90,91,94,96,97,101,105,107,109,114,115,116,119,122,123,124,125,126,127,128,130,132,133,134,135,136,138,142,145,149,152,153,154,155,156,157,159,160,161,162,163,164,166,168,169,171,172,175,176,177,178,180,182,183,184,187,189,190,192,194,195,196,197,198,199,200,201,202,203,205,210,212,213,214,215,216,218,219,220,221,222,225,226,227,228,230,232
12,13,14,15,18,19,21,22,23,24,25,26,28,29,30,31,32,33,35,36,37,39,40,41,42,44,45,48,51,52,55,57,58,59,61,62,63,64,66,68,69,70,71,72,73,74,78,80,83,84,86,88,89,90,91,92,93,96,99,101,102,103,104,106,108,111,112,113,114,115,117,118,119,121,123,124,126,127,129,131,132,138,140,142,143,144,145,146,147,148,150,151,154,159,160,161,162,163,164,165,166,170,172,174,175,176,177,179,181,182,184,185,186,187,189,191,193,194,198,199,200,201,202,203,204,205,206,207,208,210,211,212,213,215,216,217,218,223,225,226,228,229,230,233
13,14,15,16,18,20,21,23,24,25,26,27,28,31,33,34,35,36,38,39,43,44,45,46,47,48,49,50,51,52,54,55,56,57,58,59,60,61,62,63,64,65,66,67,69,70,71,75,76,78,80,81,82,83,87,90,91,92,93,94,95,97,98,99,100,102,104,105,107,109,110,111,112,113,114,116,117,118,120,122,123,124,125,126,127,128,129,131,132,133,134,135,136,139,140,142,143,144,146,147,149,150,151,152,153,155,156,157,160,161,163,165,167,169,170,171,172,173,175,177,179,180,184,185,186,187,190,191,194,195,197,198,200,203,205,206,208,211,212,213,215,218,220,222,223,225,226,227,228,229,230,231,232,233
14,15,16,17,19,20,21,22,23,24,25,26,27,28,29,32,33,34,35,36,38,39,41,42,43,45,47,49,50,51,54,57,62,63,64,66,67,70,71,72,73,76,77,78,81,83,88,89,91,93,94,96,98,99,100,101,103,104,105,106,107,108,111,114,116,118,119,120,122,123,124,125,126,128,129,131,134,135,138,139,144,145,146,149,150,152,155,157,158,160,161,162,165,167,171,173,174,177,178,179,180,181,182,183,184,185,186,189,190,191,194,196,199,201,202,204,205,206,207,210,213,214,215,216,217,218,219,220,222,223,224,225,226,227,229,230,231,232,233
15,16,18,19,21,22,24,25,26,27,28,30,32,33,35,37,38,42,45,51,52,53,55,56,57,58,60,61,64,66,69,71,72,73,74,75,76,78,81,82,83,84,85,86,87,88,89,91,92,94,95,96,99,100,101,102,103,104,105,107,108,109,112,115,116,117,118,120,121,125,126,130,133,134,136,137,138,139,140,141,142,144,145,147,148,151,152,153,154,155,157,159,161,162,163,164,165,166,168,169,170,171,173,174,175,176,178,179,180,181,182,183,184,185,186,188,189,190,191,192,193,194,195,196,198,202,203,204,205,207,209,212,213,215,218,219,222,223,225,226,229,231,232,233
16,17,18,19,20,21,22,23,24,25,26,27,28,29,31,32,33,34,35,37,40,43,44,45,46,47,48,50,52,53,54,57,58,59,60,61,65,66,67,68,69,70,74,76,78,80,82,83,84,85,86,88,92,93,94,95,96,99,101,102,103,106,107,108,110,111,114,118,120,122,123,125,126,128,129,130,131,132,135,136,137,138,139,140,143,146,147,148,149,150,151,153,154,155,157,158,160,161,162,163,164,165,167,168,170,171,172,173,174,175,176,178,179,182,185,186,188,189,191,193,194,196,197,198,200,201,202,204,206,207,208,210,214,215,216,217,219,220,221,222,224,225,228,229,231,232
17,18,21,22,23,24,26,28,30,31,32,33,34,35,36,38,39,41,42,43,44,46,47,48,49,50,51,52,53,54,55,56,59,61,62,63,64,65,66,68,69,70,71,72,73,75,76,77,78,79,80,84,85,86,87,88,89,90,91,93,95,97,98,99,100,101,102,103,104,105,106,107,108,109,110,111,112,117,121,122,123,124,125,126,127,130,132,135,136,137,140,141,143,144,145,146,147,148,149,151,152,154,155,157,159,160,162,163,164,168,169,171,172,175,178,180,181,183,184,187,188,189,190,191,192,194,196,197,198,199,200,202,203,205,206,208,209,210,213,215,216,217,218,219,222,225,226,227,229,231,232,233
18,19,22,24,25,26,29,30,31,32,34,36,37,39,40,42,43,45,48,50,51,53,54,55,59,60,61,63,64,66,67,68,69,70,71,72,73,74,75,76,79,80,81,82,83,84,86,88,89,90,91,92,93,94,95,96,98,99,100,102,103,104,105,106,107,109,110,112,113,114,116,117,118,119,120,123,124,125,126,127,129,130,131,132,133,134,140,141,142,143,144,145,149,150,152,154,155,156,157,159,160,162,163,164,168,169,171,173,174,178,179,180,181,182,184,186,188,189,192,193,194,196,197,199,202,205,207,208,209,210,214,215,216,220,221,222,223,224,225,226,227,228,229,230,231,232,233
19,20,21,22,23,24,25,26,27,28,29,30,32,34,35,36,37,38,39,40,41,42,43,44,46,47,48,49,51,53,54,56,58,60,61,62,63,64,66,68,69,71,72,73,77,78,80,81,82,83,85,88,90,91,92,93,94,95,96,100,105,106,110,111,114,116,119,120,121,122,123,124,126,127,128,131,133,134,135,136,139,140,143,144,145,146,147,148,150,151,152,153,155,157,158,160,161,162,164,166,168,169,170,171,172,175,177,178,179,180,181,184,186,188,192,193,194,195,200,202,204,205,206,207,208,209,212,213,214,215,216,217,219,221,222,223,225,226,228,229,230,232,233
20,21,22,23,24,31,33,35,36,38,40,41,42,44,47,48,49,50,51,53,54,55,56,57,58,59,60,63,64,69,70,72,73,74,76,78,80,82,85,87,88,92,96,97,98,99,100,101,102,103,104,106,110,112,113,114,117,121,125,126,127,128,129,130,131,132,134,136,137,138,141,143,145,146,147,148,149,151,153,155,157,158,161,162,163,166,168,170,171,172,173,174,175,176,177,178,179,183,184,186,187,190,191,195,198,199,200,202,203,204,206,211,213,215,217,218,220,221,223,226,227,228,230,231,233
21,22,28,29,30,32,34,35,38,40,41,42,43,45,46,47,48,52,53,54,55,56,57,58,59,60,61,62,64,65,66,67,68,71,72,75,76,77,78,79,81,82,83,86,91,92,93,95,96,97,99,100,101,102,103,104,105,106,107,109,110,112,113,115,116,117,118,120,121,122,126,127,128,129,130,131,133,134,135,138,139,140,141,144,145,146,148,149,150,151,152,153,154,155,156,157,158,160,162,163,165,166,167,168,170,172,173,174,175,176,177,178,181,182,183,184,186,187,189,190,193,194,195,198,199,200,204,205,209,212,213,214,215,217,218,219,220,221,222,223,224,226,227,228,229,230,232
22,25,26,27,29,36,37,40,41,45,46,51,52,53,54,55,56,57,58,59,60,61,63,64,65,66,67,68,69,70,71,72,73,74,76,77,78,79,83,84,88,89,92,95,97,101,103,104,105,106,108,109,110,111,112,113,114,115,118,119,120,121,124,125,126,129,130,131,132,134,135,136,137,138,139,141,144,145,146,147,150,151,152,155,156,159,161,163,164,165,166,169,170,173,175,176,178,179,183,185,186,187,188,189,191,193,194,195,197,199,202,203,205,206,209,210,211,213,217,220,222,223,228,229,230,231,232,233
23,25,26,27,28,29,30,31,32,33,35,36,37,38,39,40,41,42,43,44,45,46,47,48,49,52,53,54,59,60,61,64,68,69,71,74,77,80,81,82,84,89,94,96,99,101,103,104,105,106,107,109,112,113,114,117,119,120,121,122,123,126,127,130,131,136,137,138,140,145,146,147,148,149,150,152,154,156,159,160,161,162,163,164,167,168,169,170,171,173,174,175,180,182,183,184,185,186,187,188,189,191,192,193,194,195,196,199,200,201,204,206,207,209,211,212,213,214,218,223,224,226,231,233
24,26,32,33,34,37,38,40,41,43,44,45,46,47,48,52,55,56,57,58,59,60,63,64,65,67,68,70,73,74,75,76,77,78,80,81,83,85,87,88,89,90,93,97,99,100,101,102,103,105,107,108,110,112,113,116,118,119,122,124,125,126,127,132,133,134,137,138,139,141,143,144,145,146,147,148,149,150,151,153,154,156,157,160,161,162,163,164,165,166,167,168,170,171,172,173,176,179,181,182,183,186,187,189,190,191,192,194,196,198,199,200,203,204,205,206,207,209,210,211,212,213,214,216,218,219,220,222,223,226,227,228,231,232,233
25,27,29,31,37,38,39,40,41,42,44,46,49,50,51,52,53,54,55,56,59,60,62,63,64,66,70,71,73,74,75,76,78,80,82,83,85,87,89,91,94,95,96,98,103,104,105,106,107,108,111,113,115,116,117,119,120,121,122,123,124,125,126,127,130,131,132,133,134,138,140,142,143,145,146,147,152,153,154,155,156,157,158,159,160,161,163,164,165,167,168,171,172,173,174,175,177,178,182,183,184,185,187,189,191,192,193,194,195,196,198,199,200,201,202,203,204,206,207,208,211,212,213,215,216,222,225,226,227,229,230,231,232,233
26,27,30,33,35,36,37,39,41,42,43,44,45,47,48,49,50,53,55,56,57,58,59,61,62,63,64,65,67,68,69,72,73,74,77,78,79,83,84,85,87,88,90,92,94,96,99,101,102,104,105,106,109,111,112,113,116,117,118,121,125,126,127,129,131,132,133,134,136,137,138,139,140,141,142,143,144,146,149,151,152,153,154,156,157,160,161,163,164,165,166,167,169,171,173,177,180,182,183,184,185,187,188,189,190,191,195,196,197,198,199,201,203,205,206,207,208,210,211,212,213,215,217,218,219,221,222,223,224,225,226,227,228,229,230,231,232
27,30,31,33,34,36,39,41,43,44,46,47,49,50,52,53,54,55,56,57,58,61,62,67,68,71,72,73,74,75,76,77,79,80,81,82,83,85,87,88,90,91,92,93,95,96,98,99,100,101,103,104,106,107,109,110,111,112,113,114,115,117,118,119,120,121,122,123,124,125,126,127,130,131,132,134,136,141,142,143,144,146,148,149,150,151,152,154,156,157,161,164,166,169,171,172,173,176,177,178,182,183,185,186,187,189,190,191,192,193,196,197,199,200,205,209,210,211,212,216,217,218,219,220,222,223,224,225,226,227,229,230,231,233
28,31,33,35,36,38,39,40,41,42,43,44,46,47,49,50,51,54,55,56,57,60,61,62,63,65,66,68,71,72,74,78,79,80,81,83,84,85,87,88,89,90,95,96,99,101,102,103,104,106,107,108,110,112,114,115,116,119,120,124,125,127,128,129,130,134,136,139,140,142,143,144,146,147,148,149,150,151,152,153,154,155,156,157,158,159,160,165,166,167,168,170,172,174,177,179,180,183,185,186,188,190,191,192,193,194,196,200,201,202,203,205,207,208,209,210,211,212,213,214,215,216,217,219,221,224,226,229,231,232,233
29,32,34,36,37,38,39,40,43,44,46,47,48,51,52,53,54,55,56,58,59,60,61,62,63,64,66,68,71,72,73,75,76,77,78,82,84,85,86,88,89,90,91,93,94,95,97,100,102,103,104,106,107,109,110,111,112,114,115,119,120,121,122,125,126,127,128,130,131,134,135,138,139,141,146,149,150,151,152,153,155,156,157,159,160,162,163,164,165,166,167,169,170,171,173,176,177,178,179,180,181,182,186,188,190,191,192,193,195,196,197,199,200,202,204,205,206,207,208,209,210,211,212,213,216,217,218,219,220,223,225,226,228,229,231,232,233
30,31,32,33,35,36,38,40,41,42,43,44,45,47,48,49,50,51,52,53,54,55,58,59,60,62,64,66,67,68,70,71,72,73,74,77,78,79,80,83,84,85,87,91,93,94,95,96,98,99,101,103,104,105,106,107,109,111,112,115,116,117,122,123,125,126,127,131,133,135,136,137,138,139,140,142,143,145,146,150,152,153,155,156,157,158,159,160,162,163,164,165,169,170,171,173,175,177,178,180,181,182,184,185,186,188,191,192,193,194,195,197,198,201,202,203,205,207,208,210,211,216,217,219,221,222,223,224,227,228,229,231,232,233
31,32,34,36,38,39,42,43,44,45,47,48,49,51,52,53,54,56,57,58,59,61,63,64,65,66,67,68,69,70,71,73,74,76,77,78,80,81,82,84,86,88,89,92,93,94,95,96,97,98,99,101,102,103,106,109,110,111,112,113,114,115,116,118,119,121,123,124,125,129,130,133,135,137,138,139,140,141,142,143,144,145,146,151,152,154,157,159,160,163,167,169,171,172,173,175,176,177,178,179,180,181,182,183,184,185,187,188,189,190,191,192,193,195,200,202,203,204,207,208,210,211,215,217,221,222,223,224,226,227,228,230
32,33,34,35,38,39,40,41,42,44,45,46,47,49,50,51,52,53,54,55,56,57,58,60,61,62,63,65,66,67,68,70,73,74,76,77,78,79,80,81,82,83,85,86,88,89,90,91,92,93,94,95,98,99,102,103,107,109,113,114,115,116,117,119,121,122,123,125,128,129,132,133,137,138,139,142,149,152,154,156,157,160,162,163,167,169,170,175,176,177,178,179,180,181,182,187,189,194,195,196,197,199,200,202,204,206,207,208,209,210,211,212,215,216,218,222,223,225,226,227,228,229,231,233
33,34,35,38,39,40,41,44,45,48,49,50,51,52,54,55,61,62,63,65,66,68,71,72,73,74,75,77,79,81,84,85,86,87,88,89,91,93,94,95,96,97,98,99,100,101,102,105,106,108,109,110,111,112,114,115,116,117,118,120,121,122,123,125,128,129,131,132,133,134,135,137,138,139,143,145,146,147,148,149,150,151,153,155,160,163,164,165,168,169,170,171,172,174,175,179,180,181,183,184,185,186,188,190,191,192,193,194,195,196,198,199,200,202,203,205,206,207,208,209,210,212,213,214,215,216,217,218,219,220,221,223,225,226,227,229,231,232,233
34,35,36,37,39,40,41,43,44,46,47,48,49,50,51,53,54,55,56,57,61,62,66,67,70,71,72,74,75,76,77,78,80,82,83,84,85,86,87,89,92,94,98,102,106,107,108,109,111,114,116,118,119,120,124,125,127,128,129,130,131,132,133,135,136,140,141,142,144,145,146,147,149,150,152,155,157,158,159,160,161,162,163,164,166,170,172,173,174,175,176,178,180,181,183,185,186,187,188,190,191,196,197,198,199,200,201,203,204,205,206,207,210,213,214,216,217,218,221,222,224,227,228,229,230,231,232
35,36,37,38,42,44,46,47,49,50,51,52,56,57,58,59,61,62,64,67,71,72,73,79,83,86,87,88,89,91,92,95,96,97,99,100,102,103,104,105,107,109,110,113,114,115,116,117,118,119,120,122,124,126,128,130,131,132,133,134,135,136,137,138,139,140,142,143,145,147,148,150,151,155,156,159,161,162,163,164,165,166,168,170,173,174,175,177,178,179,180,182,183,185,186,187,188,189,192,195,198,200,201,202,203,207,208,211,212,213,214,216,217,218,219,220,221,222,223,224,225,226,229,232,233
36,37,40,43,44,45,47,48,56,57,59,60,62,63,64,65,66,67,68,70,72,73,74,75,76,77,78,79,80,81,82,84,86,88,89,91,92,93,94,95,96,97,98,99,100,101,102,106,107,109,110,111,113,115,117,119,121,125,126,129,130,131,132,135,137,139,140,141,144,145,147,148,149,150,151,152,153,154,155,156,157,161,162,163,164,165,166,168,169,170,171,172,174,177,178,179,181,186,187,188,189,190,191,195,196,198,199,200,202,205,208,210,211,213,216,218,219,221,222,224,226,228,229,230,231,232
37,38,40,42,43,46,47,48,50,53,54,57,60,61,64,67,68,71,72,74,76,78,79,81,83,84,85,86,87,88,90,92,93,97,100,101,102,104,105,106,108,109,110,111,113,114,115,116,117,119,120,121,123,124,125,126,128,129,131,132,133,134,135,136,137,138,140,142,144,146,151,152,153,155,156,158,159,160,161,162,163,164,166,168,169,170,175,177,179,180,181,182,183,184,185,189,190,191,193,194,195,197,198,200,201,202,203,204,205,207,208,209,211,212,214,216,217,218,220,222,223,225,229,230,233
38,40,41,44,46,47,48,50,52,53,54,55,56,57,59,60,62,65,66,67,68,70,71,72,73,74,75,77,78,79,80,81,83,84,86,87,90,91,92,93,94,95,96,100,103,105,108,110,113,117,118,119,120,122,123,125,126,129,132,133,134,135,136,138,140,141,143,145,146,147,148,149,151,156,157,158,160,162,163,164,165,167,168,172,173,175,178,179,181,182,183,184,185,186,187,188,189,190,193,196,197,198,199,200,201,203,204,205,206,208,209,212,213,218,219,220,221,222,225,229,230,233
39,41,42,43,44,45,46,47,48,50,51,54,55,56,57,58,59,61,63,65,66,68,69,70,71,72,73,74,78,79,82,83,84,87,88,90,91,92,95,96,100,101,104,105,108,109,110,111,118,119,120,121,122,123,124,126,127,128,134,135,142,143,144,145,147,148,151,152,154,155,157,159,160,161,162,163,165,166,167,168,169,170,171,172,173,174,176,177,178,179,181,182,183,185,186,188,190,192,193,194,195,198,200,201,202,204,205,206,207,209,212,213,214,217,218,221,222,224,225,226,227,229,230,231,233
40,41,42,43,45,46,47,48,49,50,51,53,55,56,57,60,62,63,66,68,69,70,72,73,74,77,78,80,82,84,85,86,87,88,89,90,94,95,96,97,100,101,102,104,105,106,109,111,115,116,117,118,122,125,126,127,129,130,132,133,135,138,139,141,142,143,144,145,146,147,148,149,150,151,156,159,160,161,162,163,166,167,168,169,171,172,173,174,175,176,177,178,179,180,181,182,183,184,185,187,189,191,192,193,198,199,200,203,204,205,206,207,212,214,216,217,218,219,220,221,222,223,225,226,227,231,232
41,44,45,46,47,50,52,54,55,56,57,58,60,62,64,65,66,68,70,72,74,76,77,78,80,81,82,83,84,86,87,88,89,91,93,94,96,97,98,101,103,104,105,106,107,108,110,111,114,115,116,117,118,119,121,122,123,124,125,126,127,130,131,132,135,136,137,138,139,141,142,145,147,148,149,150,152,153,158,159,161,164,166,169,170,171,172,174,176,178,180,181,182,183,184,185,186,187,188,189,190,191,194,195,196,198,199,204,205,207,211,212,214,215,217,218,219,220,222,224,225,226,230,232,233
42,45,46,48,49,50,53,54,55,57,58,60,66,67,68,69,70,73,75,76,77,78,79,80,82,86,87,88,89,94,95,96,97,98,99,100,101,102,104,105,106,107,114,116,117,118,121,122,123,124,126,127,129,132,134,135,136,139,140,141,142,145,147,149,150,151,153,154,155,156,157,160,161,162,163,164,169,170,171,173,174,175,177,178,179,180,183,184,185,186,187,188,189,190,192,194,196,198,201,202,203,204,206,207,208,210,212,213,214,215,216,217,219,222,225,227,228,230,231,232,233
43,45,46,48,49,50,51,52,53,54,55,59,61,62,63,64,67,69,74,75,77,79,81,82,90,91,92,93,94,96,98,100,103,107,108,109,110,111,112,113,114,115,118,121,122,125,126,128,129,130,131,132,133,135,136,137,138,139,140,142,143,144,145,147,148,150,151,154,155,157,158,159,161,164,165,166,169,174,175,176,177,178,179,180,181,184,185,186,188,189,191,193,194,195,197,199,200,203,204,205,206,208,209,212,213,215,216,217,218,219,222,223,224,226,229,230,232,233
44,45,46,48,50,51,52,53,56,57,58,59,61,62,63,64,65,66,68,71,72,76,77,78,83,84,86,87,88,89,90,91,94,96,97,99,100,101,102,103,105,106,107,108,111,113,114,115,116,118,119,121,124,125,126,127,129,131,133,135,138,139,140,141,144,145,146,147,148,149,150,151,152,153,156,157,158,159,161,162,163,164,165,167,168,169,170,171,172,176,177,178,179,180,181,184,187,190,191,192,193,196,197,198,199,204,205,206,207,208,209,210,211,213,215,218,219,220,221,223,225,227,228,229,232
45,46,48,51,52,53,54,55,58,60,61,62,64,65,68,69,70,71,72,73,74,75,76,78,79,80,82,83,84,85,87,89,90,91,92,93,95,96,97,98,99,100,101,102,106,107,108,109,110,111,113,114,115,117,118,120,121,124,126,128,129,130,132,133,134,135,136,138,139,141,143,144,145,146,148,149,150,151,152,153,154,156,157,158,159,161,162,163,166,168,170,171,172,173,178,179,180,181,183,184,185,186,187,189,191,192,193,194,195,196,197,198,200,201,202,203,204,206,207,211,212,213,214,216,217,219,220,221,227,229,230,231,232,233
46,47,49,52,53,54,56,57,58,59,60,61,62,63,64,65,66,67,68,69,70,71,72,73,74,76,77,79,80,82,84,87,89,90,91,92,93,94,96,98,99,100,103,104,106,109,111,112,113,116,117,118,119,120,121,122,123,126,127,128,129,130,132,134,135,138,141,142,143,144,146,148,149,150,152,153,154,156,157,160,161,166,169,170,171,172,173,175,177,178,180,181,183,184,186,187,190,191,192,194,195,199,200,202,203,204,205,206,208,213,215,217,221,222,223,224,225,226,228,229,230,231,232,233
47,48,49,50,52,53,55,57,59,61,65,67,68,70,72,74,75,76,77,78,79,80,81,82,85,87,88,91,94,96,97,100,101,102,104,105,106,107,108,109,111,112,113,115,116,117,118,120,121,123,124,126,128,129,132,134,135,138,140,141,142,143,148,150,151,152,153,156,157,159,160,161,163,164,165,166,167,168,169,170,172,173,174,175,178,179,180,181,182,183,184,185,187,188,189,191,192,193,194,195,196,198,200,201,205,209,210,211,213,214,217,218,219,220,221,222,223,226,227,228,229,230
48,49,51,52,53,56,58,59,60,62,63,64,65,67,68,69,70,71,72,74,76,77,78,79,80,81,82,83,84,86,87,90,92,95,96,98,99,100,103,105,106,108,110,112,114,115,118,119,120,122,123,124,125,126,127,128,129,130,133,135,137,138,139,140,142,144,145,146,150,151,152,154,155,156,157,161,162,163,164,165,166,167,171,173,174,175,176,177,178,181,183,185,186,187,190,191,193,196,197,198,200,201,202,204,207,208,210,212,213,214,215,220,221,222,226,230,231,232
49,51,56,57,58,59,60,63,64,66,67,69,70,71,73,75,76,79,81,82,84,85,86,89,93,94,100,101,103,104,105,106,109,110,111,115,116,117,118,119,120,121,122,124,125,126,128,130,132,133,134,135,136,137,138,139,140,141,142,143,144,146,148,149,151,152,154,155,157,159,161,164,165,166,167,168,170,171,173,174,176,177,178,179,180,181,184,185,186,187,188,189,190,192,193,194,196,197,198,199,201,203,205,206,207,208,209,211,212,213,215,217,219,220,222,225,226,227,228,229,231,232,233
50,52,53,54,55,57,58,60,61,62,63,64,65,67,68,70,71,72,73,75,76,81,82,83,84,86,88,89,92,93,94,95,96,97,100,101,102,104,105,106,109,110,111,112,113,114,116,118,119,121,122,123,124,125,126,127,128,130,134,135,136,137,139,141,143,144,145,146,148,149,150,151,155,156,157,158,159,160,162,164,165,168,169,170,172,175,179,180,181,182,185,186,187,188,189,192,193,195,196,197,198,199,200,201,202,204,205,206,207,208,209,210,211,212,218,220,221,223,224,227,229,230,232,233
51,53,54,55,56,57,59,60,62,63,67,68,69,70,71,72,73,74,75,76,78,79,81,85,87,88,89,90,91,92,94,95,96,97,98,99,100,101,103,104,105,106,107,108,109,110,111,113,114,119,120,121,123,125,126,127,128,129,130,131,133,134,135,138,139,144,145,146,148,149,151,153,154,155,156,158,161,162,163,164,166,168,169,171,172,175,177,178,180,183,185,186,189,190,192,193,195,196,198,202,203,204,205,206,207,208,209,211,212,213,214,215,217,219,224,226,229,230,231
52,55,56,58,60,61,62,63,64,65,66,67,70,72,73,74,77,78,79,80,81,82,85,86,87,89,90,93,94,96,100,101,102,106,107,108,110,112,113,114,117,118,119,120,121,122,124,125,126,127,129,130,131,132,133,134,136,137,138,141,144,145,146,148,151,153,155,156,158,159,161,162,165,167,170,173,176,178,179,182,183,184,185,186,187,188,189,191,193,195,196,197,199,201,202,203,206,208,210,211,212,213,214,216,218,219,220,223,224,227,229,230,231,232,233
53,55,56,57,60,61,63,65,66,67,68,69,70,71,72,73,75,76,78,79,80,83,84,87,88,89,91,92,94,98,102,103,104,105,106,108,109,110,111,112,113,115,117,118,122,124,126,127,128,129,130,131,133,134,135,141,142,148,151,153,154,155,156,157,159,160,161,162,165,166,168,171,172,174,175,177,178,179,180,181,182,183,188,189,190,192,194,196,200,201,202,203,205,206,207,209,212,214,215,216,217,220,223,225,226,227,229,230,232
54,55,56,57,58,59,60,61,62,64,66,68,72,73,75,78,79,80,81,83,84,86,88,89,92,93,94,98,100,101,102,103,104,108,109,110,112,113,114,116,117,118,119,120,121,122,124,126,127,128,130,133,135,136,137,138,139,140,141,142,144,145,147,150,152,153,154,155,156,157,159,160,161,162,163,164,165,166,167,168,171,173,174,175,177,180,181,183,187,188,189,190,191,192,194,196,197,198,199,200,205,206,208,210,211,212,214,215,216,220,221,225,228,230,231,233
55,56,57,60,62,64,65,68,69,71,72,73,74,76,77,80,81,83,84,85,86,87,90,91,92,94,97,99,100,104,106,110,111,112,114,115,118,119,120,121,122,125,126,128,129,130,132,133,135,136,137,138,139,140,141,142,143,146,147,148,150,152,154,155,157,158,159,163,165,166,167,168,169,170,171,172,175,176,178,179,180,181,182,184,185,186,187,188,189,190,192,195,196,197,199,201,202,203,206,207,209,210,213,215,216,217,220,223,224,225,226,229,231,232,233
56,57,58,60,61,63,65,66,68,72,74,75,76,78,80,85,87,88,90,92,94,97,98,99,100,101,103,105,106,108,109,111,112,113,114,116,118,119,120,121,122,123,126,128,129,130,131,133,134,135,136,137,138,139,140,141,142,143,144,146,147,149,150,151,152,153,156,158,159,160,167,168,170,173,174,175,176,178,179,180,181,182,183,185,186,187,188,189,191,193,195,196,197,198,199,201,202,204,206,207,209,210,211,213,214,216,217,219,220,221,223,224,226,228,231,232,233
57,58,61,62,65,67,69,70,72,75,76,78,80,81,82,83,84,86,87,89,91,95,97,99,100,101,104,105,106,108,109,111,113,114,115,116,117,121,122,124,125,126,127,128,129,132,133,134,136,138,141,143,145,146,147,148,151,152,153,154,155,156,158,159,160,162,163,164,168,171,172,173,176,178,180,182,183,184,185,188,190,192,193,194,195,196,198,199,200,201,202,203,204,207,211,212,214,215,218,219,220,221,222,223,224,226,228,229,230,231,232
58,59,61,64,65,66,68,69,71,72,73,74,77,78,79,80,81,83,85,88,90,91,95,98,100,101,103,105,106,108,109,110,111,113,114,115,116,117,118,120,122,124,129,130,131,133,135,136,137,138,139,141,142,143,146,147,148,149,150,151,152,153,154,155,156,158,159,160,161,163,166,167,169,170,171,172,174,175,176,178,179,180,182,183,184,186,190,191,192,197,198,199,202,204,206,207,209,210,213,214,215,216,218,220,222,223,224,226,227,228,232
59,60,61,63,65,66,67,68,70,71,72,73,74,75,76,78,79,81,84,85,86,87,88,89,91,92,95,96,98,100,102,103,104,106,107,110,111,112,113,114,115,116,117,119,121,122,124,125,126,128,129,130,131,132,134,135,137,138,141,142,143,144,145,149,150,151,152,154,155,156,157,158,159,162,163,165,169,170,171,172,173,175,176,178,179,183,185,186,187,189,191,192,193,195,196,200,201,202,203,204,206,207,208,209,210,213,215,217,218,220,221,222,223,224,226,229,230,232,233
60,63,64,66,67,68,72,74,76,81,84,88,90,91,92,97,98,99,100,101,102,103,104,107,108,110,113,115,119,120,121,122,125,126,127,129,130,131,132,133,135,137,138,139,142,143,144,145,146,147,149,150,151,152,153,155,156,157,158,159,161,163,165,166,168,170,171,172,173,174,175,176,180,182,183,184,186,187,188,190,191,193,194,195,196,197,198,199,200,202,203,205,206,207,209,210,212,214,215,217,218,219,221,222,223,224,225,226,227,229,230,231,232,233
61,65,71,72,75,79,80,81,82,83,84,86,88,89,92,94,96,97,98,101,102,104,105,106,107,108,109,111,116,117,118,119,120,121,123,124,125,126,129,130,131,133,134,135,136,137,139,140,143,144,146,147,148,149,150,151,152,154,155,157,158,159,161,166,168,169,171,172,174,175,176,177,179,180,181,182,183,186,187,188,189,190,192,193,194,195,198,199,200,201,202,203,205,206,207,208,209,210,211,213,214,216,217,218,219,221,222,224,225,226,227,229,231,233
62,64,65,69,70,71,74,75,76,77,78,81,82,84,85,86,90,91,95,96,97,98,99,100,101,102,104,105,106,107,108,110,111,113,114,116,117,119,120,121,122,124,125,128,129,130,131,132,133,135,137,138,139,140,143,144,146,147,148,149,151,154,155,157,158,159,161,162,163,164,166,167,168,169,171,172,173,175,176,179,182,184,185,186,188,189,192,193,194,199,202,204,205,207,208,210,212,213,215,217,218,219,220,221,222,227,229,230,231,233
63,66,67,68,70,71,72,73,74,75,82,85,86,87,88,89,91,92,97,98,99,100,102,103,105,106,107,108,110,113,114,116,118,119,121,124,125,126,127,128,129,132,133,134,135,136,137,138,139,140,141,144,146,147,148,151,152,153,154,155,156,157,158,159,160,162,165,166,167,170,171,172,174,176,177,178,179,181,182,183,184,185,186,187,189,193,194,195,196,197,198,200,201,202,203,204,206,207,209,210,214,219,221,224,225,226,228,229,230,231,232,233
64,65,66,67,68,69,72,73,74,78,79,80,81,82,84,85,86,87,88,89,90,91,94,96,97,98,99,100,101,104,105,106,107,108,109,110,111,112,113,114,115,116,118,119,120,121,122,123,125,126,128,130,131,135,137,138,139,140,141,144,145,146,150,152,153,154,156,159,160,161,164,165,166,170,171,172,173,174,177,178,179,180,181,182,184,185,186,187,188,190,194,195,196,197,199,201,202,204,205,206,207,209,211,212,214,215,216,218,219,220,222,224,226,227,228,229,233
65,66,67,68,70,71,72,73,74,75,76,77,78,79,80,81,83,85,86,87,89,90,91,93,94,95,96,98,99,100,101,103,104,105,106,107,109,111,114,115,116,117,118,119,120,121,122,123,124,125,131,132,133,137,138,141,143,145,148,149,150,152,154,157,158,160,165,167,168,169,170,171,176,177,178,179,180,181,183,186,188,191,192,193,194,195,197,201,203,204,206,207,208,211,212,213,215,216,217,218,219,220,222,223,224,226,227,231,233
66,67,68,69,71,72,74,75,76,77,78,79,80,81,82,84,85,90,91,92,93,96,98,100,101,103,104,105,108,109,112,114,116,117,118,121,123,124,126,127,129,134,135,136,137,138,139,140,143,144,145,146,147,148,150,151,155,156,157,158,159,161,163,166,168,170,172,178,179,180,184,185,187,188,189,191,193,194,196,197,198,200,201,204,205,206,207,208,212,213,215,216,218,220,221,222,223,226,228,229,230,232,233
67,68,69,70,71,72,73,75,77,78,82,83,84,87,90,92,95,98,100,104,106,107,108,109,110,112,113,116,117,120,121,123,125,127,129,130,133,135,138,139,141,142,143,144,146,147,149,154,155,156,158,159,160,161,165,166,168,170,171,172,173,174,175,176,179,180,181,183,184,186,187,188,194,196,197,198,200,201,202,203,205,206,207,209,210,212,214,217,220,221,224,225,226,227,228,229,231,232
68,69,71,73,74,75,77,78,79,80,81,84,85,86,87,88,89,90,91,92,96,97,98,102,104,107,109,110,111,112,113,114,116,117,119,120,121,124,125,126,127,128,129,130,132,133,134,136,137,141,142,143,146,147,148,150,151,153,154,155,156,158,160,161,163,164,166,167,168,169,170,171,172,173,174,175,176,178,182,183,184,186,187,188,189,191,192,193,194,196,197,198,199,200,207,208,213,214,215,218,220,222,224,225,228,229,233
69,70,71,72,73,74,75,76,77,78,79,80,81,88,90,93,95,96,97,100,101,102,103,104,107,108,109,111,114,115,116,119,121,122,123,124,126,127,129,132,133,134,135,137,138,139,140,142,144,145,146,147,150,151,152,153,156,157,158,159,161,162,163,164,165,168,170,172,173,174,175,176,180,184,185,186,187,190,191,192,195,197,198,199,201,202,203,205,207,208,211,212,213,217,219,220,221,222,223,224,226,228,230,231,232,233
70,71,72,73,74,75,76,77,78,80,81,82,83,84,85,87,88,89,92,93,95,97,98,100,101,102,103,104,105,107,109,110,114,115,117,118,119,120,121,122,123,124,125,126,128,129,130,132,133,134,136,137,139,140,141,143,144,145,146,147,148,149,150,151,152,153,156,157,158,159,160,161,164,166,167,168,169,170,172,173,175,178,180,183,184,186,187,190,191,192,193,194,197,199,205,206,212,214,215,218,222,223,225,228,230,231,233
71,72,73,74,75,76,77,78,83,84,85,86,87,89,91,93,94,95,97,98,99,100,101,102,103,105,106,107,109,110,111,113,114,115,116,117,118,119,123,124,125,128,130,135,136,138,139,147,150,151,152,153,156,161,162,163,164,165,166,169,172,175,176,181,183,185,186,188,189,192,193,194,196,197,198,199,200,201,202,203,208,209,211,214,215,217,218,219,221,222,223,225,229,230,231,232,233
72,74,75,76,77,78,79,81,82,85,86,87,88,89,90,91,92,93,94,96,98,99,100,102,104,105,107,108,109,110,111,114,115,116,117,118,120,121,123,124,125,127,128,129,130,131,133,134,136,138,139,140,142,143,144,146,147,148,149,151,153,154,155,157,158,161,162,164,165,166,169,170,172,173,174,175,177,178,179,183,186,187,188,191,192,193,195,196,197,199,200,202,204,206,207,208,209,211,213,214,216,217,218,219,221,222,224,225,227,228,229,230,232,233
73,75,76,79,80,81,85,87,88,91,92,95,96,97,98,100,101,102,104,105,107,109,110,111,112,115,116,120,121,124,126,127,130,132,133,137,139,140,142,143,144,145,146,147,148,149,151,155,156,158,159,160,162,164,165,167,169,170,171,172,173,175,176,177,178,180,181,182,184,185,186,187,189,190,192,196,197,200,201,203,204,205,206,207,208,209,210,211,213,214,215,216,220,221,223,224,225,228,229,230,231,232,233
74,75,76,77,78,79,82,83,84,88,90,93,95,96,97,98,99,101,102,103,104,105,108,110,111,112,114,115,116,118,120,125,126,127,128,130,131,132,133,134,136,138,139,140,141,142,144,145,149,153,154,155,158,161,162,164,165,166,167,168,169,170,172,173,175,176,179,180,181,182,183,186,188,191,193,195,196,197,200,202,203,206,209,210,211,213,214,215,216,218,219,221,222,223,224,227,229,230,233
75,76,78,79,81,82,83,84,85,86,87,90,91,92,93,95,99,100,102,104,106,107,109,111,112,114,115,116,117,119,120,121,123,126,129,130,135,136,137,140,142,143,145,147,148,149,150,151,152,153,155,156,157,163,164,165,168,170,171,172,174,175,178,179,180,181,183,184,188,189,190,192,193,194,195,196,197,198,201,202,204,205,206,207,208,209,212,213,215,216,217,219,221,222,223,227,228,229,232
76,77,80,82,85,86,87,89,90,91,93,95,96,97,98,99,100,101,102,103,105,108,109,110,112,114,115,116,120,121,124,127,128,131,132,134,135,136,137,139,141,143,145,146,147,148,150,151,152,153,154,156,157,158,159,162,163,164,165,168,171,172,174,175,176,177,178,181,182,183,184,186,187,188,189,190,191,192,193,194,195,196,198,199,200,201,202,205,206,207,209,210,212,213,217,218,221,223,224,225,228,229,230,233
77,78,79,80,81,84,88,90,91,92,93,94,95,96,98,99,100,101,102,103,104,105,107,108,109,110,111,113,114,116,117,119,121,122,124,125,127,128,130,131,132,133,134,135,136,137,138,147,148,150,151,152,153,154,155,156,159,161,163,165,167,168,170,172,174,176,178,179,180,183,184,185,187,189,190,191,193,196,199,200,201,202,203,208,210,211,212,214,215,216,217,218,219,221,222,223,225,227,229,230,232,233
78,79,80,82,83,84,85,86,87,88,89,90,92,93,96,97,98,99,100,101,102,104,105,106,107,110,112,113,116,117,118,119,120,124,127,128,129,130,131,132,135,136,137,139,140,141,142,143,144,149,150,151,152,154,155,157,159,161,162,163,164,165,166,168,169,170,174,176,178,180,181,183,184,186,187,188,189,194,195,197,199,200,201,203,204,205,206,208,209,210,211,214,216,217,218,219,222,224,225,226,227,228,230,231,232,233
79,80,81,82,83,84,85,86,87,89,91,92,93,95,96,97,98,99,100,102,105,106,107,110,111,112,114,117,118,119,120,121,123,124,125,126,128,129,130,133,135,136,137,138,139,141,143,145,147,148,151,152,153,154,157,160,161,162,163,165,166,170,171,172,173,175,179,180,183,185,186,187,188,191,193,194,198,199,200,202,205,206,207,208,209,210,212,215,216,217,219,221,222,223,227,228,229,231,232,233
80,81,82,83,84,86,87,88,89,91,95,96,99,101,102,103,104,105,106,110,111,112,113,114,115,118,120,121,122,123,124,125,126,127,130,131,133,134,135,136,137,139,142,143,144,146,150,151,153,154,155,156,157,158,162,163,164,166,167,170,172,173,175,178,179,180,181,182,183,186,189,190,191,192,194,195,196,198,200,201,204,205,207,209,210,211,212,214,216,218,219,220,221,224,225,226,231,232,233
81,83,84,85,86,87,88,89,90,91,96,98,99,102,105,106,109,110,111,113,114,115,116,117,118,119,120,122,123,124,125,126,131,133,140,141,142,144,145,146,147,149,151,152,153,155,156,159,160,161,164,165,166,168,170,171,172,173,175,176,178,179,180,181,182,183,184,186,188,192,194,195,196,197,200,202,203,205,207,208,209,210,214,216,218,219,220,221,223,224,225,230,231,232,233
82,83,84,85,86,87,88,89,90,91,92,94,95,96,97,98,99,100,101,103,104,105,106,108,111,112,115,118,124,126,128,131,132,133,134,135,136,137,138,139,140,141,142,143,144,145,147,148,149,150,153,154,155,156,157,158,161,163,164,165,166,169,170,171,172,173,174,175,178,179,180,181,182,183,184,185,187,188,189,190,191,192,194,195,197,198,201,202,204,206,207,209,210,213,214,215,216,218,219,221,222,224,227,228,229,230,231,232,233
83,85,86,88,91,92,93,96,98,99,103,104,105,106,107,109,110,111,112,113,114,116,119,120,122,124,127,129,130,131,132,134,136,137,138,140,141,142,143,146,147,149,150,151,153,154,155,156,157,158,159,160,161,162,163,165,167,169,174,175,177,178,180,181,182,184,186,188,189,190,192,193,197,199,201,202,203,204,206,207,208,209,210,211,214,218,219,220,221,222,224,225,226,227,228,229,230,231,233
84,85,88,92,94,96,97,98,99,100,101,102,103,105,106,107,108,110,111,113,114,115,116,117,121,123,124,125,127,128,130,131,132,133,135,137,138,139,140,143,144,145,146,149,151,153,156,157,158,159,160,161,163,165,168,169,173,174,176,177,179,181,183,184,185,188,194,195,196,197,200,201,202,203,204,206,208,210,211,212,214,215,216,217,219,220,221,222,223,225,226,228,229,230,232,233
85,87,89,90,91,96,97,98,100,102,103,105,108,109,111,112,113,114,116,117,118,119,121,123,124,125,127,128,129,130,132,133,134,136,137,138,139,140,141,144,145,147,148,152,153,154,155,156,160,162,163,164,165,166,167,168,171,172,173,174,175,177,180,181,182,183,184,185,186,188,191,193,194,195,196,197,198,199,200,202,203,204,205,206,208,209,210,211,213,214,215,216,217,218,220,224,226,229,230,233
86,90,91,92,93,94,95,100,104,106,107,109,111,112,113,114,117,119,121,122,123,124,126,128,129,130,133,134,135,137,138,139,141,142,144,147,148,149,150,152,153,155,157,158,159,160,161,162,164,166,167,168,169,170,171,174,176,177,180,182,183,184,185,186,189,192,193,195,196,198,199,201,203,208,209,210,211,214,215,217,218,219,221,222,223,225,227,231,233
87,90,91,92,93,94,95,96,97,98,99,100,101,102,106,107,108,109,110,111,113,114,116,117,120,122,123,125,126,127,130,131,132,133,134,135,136,137,139,140,143,144,147,148,149,150,151,153,154,156,159,161,162,163,165,166,167,170,172,173,174,175,177,178,180,181,182,183,184,186,187,188,189,190,194,197,198,199,200,202,203,204,206,207,210,211,212,214,215,216,217,219,221,222,223,227,229,230,231,233
88,91,94,95,96,97,99,101,102,105,106,107,108,109,110,112,115,116,118,119,121,122,123,124,126,127,128,129,130,131,133,135,136,137,140,142,145,146,148,149,150,151,153,154,156,158,159,161,162,163,166,167,168,169,172,174,175,178,180,181,182,183,184,185,186,187,188,189,190,194,195,196,197,198,200,201,202,208,210,212,213,216,217,219,220,222,223,224,226,228,230,232,233
89,92,93,94,97,98,99,100,101,103,104,105,106,108,109,110,112,116,117,120,121,122,123,124,125,127,128,129,131,135,136,137,138,141,143,144,145,146,147,156,157,158,159,160,161,162,163,164,165,166,167,168,169,172,174,176,177,178,182,184,186,189,191,193,194,195,197,198,199,200,203,204,206,208,209,211,212,213,216,217,219,221,222,226,227,228,231,232
90,91,92,94,95,97,98,100,101,102,103,104,106,107,108,110,113,116,119,120,121,122,124,126,127,129,130,132,134,135,136,141,142,147,148,150,151,153,154,155,156,157,158,159,160,163,164,165,167,168,173,174,177,183,185,186,187,190,191,192,193,195,197,198,200,201,202,203,204,205,207,208,209,210,211,212,215,217,220,221,223,225,226,227,229,230,231,232
91,92,93,94,95,98,100,101,102,104,108,110,111,116,117,118,119,120,122,123,124,125,126,127,130,131,133,134,135,137,138,139,140,141,142,147,150,153,154,157,159,161,163,164,167,169,170,175,176,179,180,182,183,185,186,188,189,190,191,192,194,195,196,198,200,201,204,205,206,208,211,212,213,215,216,220,222,224,225,227,228,229
92,93,94,95,96,97,98,100,101,104,108,109,110,111,112,114,119,120,121,122,123,124,125,127,130,131,132,134,137,138,139,140,141,142,145,149,150,152,153,154,155,156,160,161,164,165,166,167,168,171,172,173,174,177,178,179,183,186,188,189,190,191,192,195,196,197,198,200,201,205,206,207,208,209,210,211,212,213,214,215,216,217,218,219,220,221,222,224,225,227,228,229,230,231,232
93,95,96,97,99,100,101,103,105,106,108,109,110,111,113,114,118,119,120,122,123,125,126,127,129,130,131,133,134,137,140,141,143,144,145,147,148,149,150,151,155,157,158,161,164,165,167,168,169,171,175,176,177,178,182,183,184,185,186,188,189,190,192,193,194,198,199,201,202,204,205,206,208,209,210,211,212,213,214,216,217,218,219,220,221,222,223,224,227,228,229,230,232,233
94,95,98,99,102,105,106,108,111,112,114,115,116,117,118,120,121,122,123,124,128,132,134,135,136,138,140,142,143,145,146,147,148,149,152,153,157,159,161,162,163,164,165,166,167,168,169,171,173,174,175,177,180,181,183,184,187,190,191,192,193,194,195,197,201,203,204,205,206,207,208,210,211,212,213,214,215,217,218,219,220,221,223,224,226,227,229,230,233
95,97,99,100,101,103,104,105,106,107,111,112,114,117,118,119,121,122,123,125,127,129,131,133,134,137,139,140,144,145,146,147,148,149,151,153,154,156,157,158,159,160,161,165,166,167,168,170,171,172,173,174,175,176,177,178,179,180,181,182,185,188,189,190,191,192,193,194,195,197,198,199,201,203,204,205,206,207,212,214,215,216,217,218,219,221,222,223,225,226,227,228,229,231,232
96,97,100,101,102,103,105,106,107,108,109,111,112,113,114,116,117,118,122,124,126,131,134,135,136,137,139,140,142,144,145,147,149,152,154,157,158,159,160,162,163,164,165,168,170,172,173,174,177,178,179,180,181,182,185,186,189,191,193,194,196,198,199,201,202,203,204,205,206,208,212,213,215,217,218,219,220,221,222,224,226,227,228,229,230,231
97,98,99,100,101,102,103,104,105,109,110,111,113,114,115,116,118,120,122,123,124,125,126,127,129,130,132,134,135,137,139,140,141,142,143,144,148,149,150,151,152,153,154,155,157,158,159,161,162,163,166,169,170,172,173,174,175,176,177,179,180,181,182,183,184,185,188,189,190,191,192,193,195,196,200,202,203,205,206,208,209,210,212,214,215,216,218,219,220,222,223,224,225,226,229,230,232
98,99,100,101,103,105,106,107,108,110,112,114,115,116,118,121,122,123,125,126,128,131,134,137,139,140,141,142,144,145,146,147,148,151,152,154,155,156,157,159,160,161,162,163,165,166,168,169,170,174,177,178,179,181,182,184,186,189,192,194,195,196,197,198,199,200,202,203,207,208,209,212,213,218,222,224,226,227,228,229,230,232,233
99,103,104,105,106,107,108,110,111,113,114,119,120,121,122,123,124,126,127,128,129,130,133,134,136,137,138,139,141,143,144,145,147,149,150,151,156,159,164,165,167,168,169,170,172,174,175,176,178,179,180,181,182,183,185,186,187,188,189,190,192,194,196,197,198,201,202,203,204,206,208,209,210,211,212,213,214,215,218,219,220,222,223,224,225,227,230,232
100,101,103,104,107,109,110,111,112,113,114,115,117,119,120,122,124,125,126,127,128,129,130,132,133,135,136,139,141,143,144,145,146,148,151,153,154,155,156,157,159,160,165,166,167,169,173,174,176,177,178,179,180,181,183,184,185,186,187,190,192,194,195,197,199,200,202,204,206,208,209,210,211,212,213,214,219,220,222,224,225,228,229,230
101,102,103,104,105,106,107,110,111,113,114,115,117,119,120,121,124,129,131,132,135,137,138,144,145,146,147,148,153,154,157,158,159,160,162,165,167,168,169,170,171,172,173,174,175,177,180,182,184,186,189,191,195,197,198,200,207,208,212,213,216,221,222,223,224,225,227,228,230,232
102,104,106,107,109,111,113,114,115,117,118,120,121,122,123,124,125,130,133,134,135,136,137,138,139,140,141,142,143,144,145,146,147,151,152,153,154,155,157,158,159,160,162,168,170,171,172,173,174,177,178,179,181,183,186,189,191,192,194,195,196,197,198,199,202,203,204,205,208,210,211,212,213,215,216,217,218,219,220,221,222,223,224,226,227,228,229,231
103,104,106,107,108,110,111,112,116,117,121,122,123,127,128,131,132,133,134,136,137,138,139,140,141,142,146,148,150,151,152,153,154,155,157,158,159,160,169,171,172,173,175,176,178,179,180,181,183,184,185,186,189,190,193,194,195,196,197,198,199,201,204,206,207,209,211,212,213,214,217,218,221,223,226,227,228,229,230,231,232,233
104,105,106,107,109,113,115,118,119,120,121,122,123,124,125,126,128,129,130,131,133,134,136,138,139,140,141,142,143,147,149,151,152,153,154,155,156,157,158,159,161,162,165,167,171,172,173,175,176,177,178,179,180,181,182,183,184,185,186,187,188,191,193,194,196,197,198,199,201,205,206,207,208,212,213,214,215,216,217,218,219,220,222,224,226,228,229,230,231,233
105,106,107,108,109,110,113,115,116,117,119,121,122,123,124,125,126,130,131,132,133,134,136,137,138,139,142,143,146,148,149,151,153,154,156,157,158,159,162,163,167,168,169,171,172,173,175,177,179,180,182,188,189,190,191,192,193,194,195,197,198,199,200,201,203,204,205,207,209,210,211,212,213,214,215,218,219,222,223,224,226,227,228,229,230,231,232,233
106,107,109,110,113,114,116,119,120,121,123,124,125,126,128,131,133,134,136,137,138,139,140,141,142,143,145,146,147,148,150,151,152,155,156,157,158,160,164,166,167,169,172,173,174,176,177,178,179,181,182,184,185,186,188,189,193,194,196,197,198,199,200,201,203,204,206,207,209,210,211,214,218,220,221,223,224,226,227,229,232,233
107,108,109,110,111,112,115,117,119,121,122,123,126,127,132,133,135,136,137,138,139,140,141,142,144,145,146,147,148,150,151,152,153,154,155,156,157,158,159,160,161,164,167,170,173,174,175,176,177,179,180,184,186,189,191,192,197,198,199,200,202,203,204,205,207,208,209,210,211,213,214,215,216,219,221,223,225,228,231,232,233
108,109,112,113,116,118,119,120,122,123,124,127,128,129,130,132,133,134,136,138,139,140,141,143,147,149,151,152,153,157,158,159,160,161,163,164,166,170,171,177,178,179,182,184,185,186,187,190,192,195,196,197,198,199,200,201,202,203,205,206,208,209,210,211,213,214,216,217,218,219,220,221,223,224,226,227,229,230,231,233
109,111,112,114,115,116,118,120,121,122,125,126,128,129,132,133,134,136,137,138,139,140,141,142,143,144,145,146,147,148,150,153,154,155,156,157,159,161,162,165,168,171,172,173,174,175,176,177,178,179,181,182,183,184,185,186,187,188,189,190,191,194,200,202,203,207,209,210,211,212,213,214,215,216,219,220,223,224,225,227,229,230,231,232
110,111,112,113,114,116,117,118,121,123,124,125,126,127,130,133,135,137,138,139,141,142,143,144,146,147,148,149,150,151,152,153,155,156,157,158,159,160,161,162,163,164,165,166,167,170,171,172,174,175,177,178,179,181,187,188,189,191,195,196,197,198,199,200,202,204,206,207,210,212,213,215,217,218,219,220,221,222,227,228,230,232,233
111,112,114,119,120,124,126,128,129,130,132,136,137,138,139,143,144,146,147,148,149,150,151,152,153,154,155,157,159,160,161,162,163,165,167,170,171,176,177,178,179,180,181,183,184,186,190,191,192,193,198,199,200,201,205,206,207,208,210,211,212,214,215,219,220,221,223,224,225,226,227,229,230,231,232
112,113,114,115,120,122,124,125,127,128,131,133,134,135,136,137,140,141,142,143,144,145,153,154,155,157,158,160,161,162,163,164,165,166,168,171,172,173,174,177,179,180,181,182,184,185,186,187,188,190,191,192,193,197,199,200,201,202,204,205,206,207,208,209,211,212,213,215,217,221,222,223,228,229,230,231,233
113,114,120,121,123,129,130,132,133,135,136,137,142,143,146,147,149,152,153,154,155,156,158,161,162,163,164,165,166,169,171,172,174,175,176,179,180,182,184,186,188,189,190,193,194,195,197,198,201,202,203,204,205,208,211,212,214,215,216,217,218,219,220,222,225,226,227,228,229,230,231,233
114,115,116,119,121,122,123,125,126,127,128,129,130,133,134,135,137,139,141,144,145,146,148,149,151,152,154,155,161,164,165,167,168,169,170,173,176,177,179,183,185,186,187,188,189,191,193,194,195,197,198,201,203,205,206,208,209,212,214,215,218,220,222,223,226,228,229,230,231
115,116,117,119,120,121,122,124,127,128,129,130,131,132,133,136,137,138,139,140,143,144,145,146,148,149,150,151,152,153,154,155,156,161,162,163,165,167,168,169,170,172,173,174,175,176,177,178,179,180,181,182,184,188,190,191,193,194,195,196,197,198,199,200,201,204,207,208,209,210,212,214,215,217,218,219,221,222,223,225,227,229,231,232,233
116,117,121,122,123,126,127,128,129,130,133,134,135,136,138,139,140,141,142,143,145,146,148,155,156,159,160,164,165,167,168,169,171,172,173,178,179,181,182,185,187,188,191,192,193,196,197,198,199,201,202,203,204,206,208,209,213,215,216,217,220,221,222,223,224,225,226,227,228,230,232,233
117,118,120,122,123,124,125,126,127,128,129,131,134,138,139,140,141,142,143,144,145,146,147,148,149,150,151,153,154,155,156,157,158,160,161,164,165,166,169,170,171,172,173,174,176,180,181,182,184,185,186,187,188,189,191,192,193,194,198,199,200,202,203,204,205,206,207,208,209,210,211,213,215,216,218,219,220,221,222,223,224,225,226,228,232
118,119,120,121,123,126,127,128,131,132,133,134,135,137,138,141,142,143,145,147,148,150,152,153,156,160,161,163,165,168,170,171,172,173,174,177,178,180,181,182,183,186,188,189,194,196,198,199,200,201,202,203,204,206,207,209,210,211,212,213,214,215,216,217,218,221,222,226,228,229,232
119,121,122,123,124,125,127,128,130,132,133,134,135,136,137,138,139,141,142,144,145,149,150,151,152,154,158,159,160,166,168,169,170,171,172,173,175,176,177,180,183,185,186,192,193,194,196,197,199,200,201,202,206,207,208,209,210,213,214,215,217,218,219,220,222,223,225,227,228,229,230,232,233
120,122,123,124,126,127,129,130,132,133,134,136,137,140,141,142,143,144,145,147,149,150,151,152,153,154,156,157,158,160,162,163,164,165,166,167,168,169,170,171,172,173,174,175,177,178,179,180,181,183,184,186,189,190,191,193,194,195,196,197,198,199,201,204,205,207,208,209,212,213,216,218,220,221,222,224,225,226,228,229,230,231,233
121,122,126,127,128,129,130,133,134,138,139,140,142,144,145,146,148,149,150,152,153,154,155,157,158,159,160,161,162,167,168,170,171,172,174,175,176,177,179,181,182,183,185,187,188,191,192,194,196,197,198,199,201,202,203,206,208,209,210,212,213,216,217,218,221,222,225,226,229,230,231,232
122,123,124,125,126,127,128,129,130,132,133,136,137,138,140,141,144,145,149,150,152,154,155,157,158,159,161,162,164,165,168,169,170,173,174,175,177,179,180,181,183,184,185,186,187,189,190,191,192,193,195,196,200,202,203,209,210,211,212,214,216,219,220,222,223,224,225,227,229,230
123,125,126,127,130,131,132,133,134,135,136,138,141,142,144,145,146,147,150,151,152,154,155,157,159,160,161,163,165,167,169,170,171,173,174,176,177,178,180,181,182,183,185,186,187,188,189,190,191,192,195,196,197,198,199,200,201,202,203,204,206,209,210,211,215,218,219,221,223,226,227,228,229
124,125,127,128,129,130,131,132,133,134,135,137,139,141,143,144,145,146,148,149,151,152,153,155,156,161,164,166,167,168,169,170,171,172,175,177,179,180,183,184,186,188,189,191,192,194,196,197,199,201,203,204,207,209,210,211,212,213,216,218,219,220,221,223,224,225,226,227,229,230,232,233
125,126,128,130,131,132,134,135,138,139,141,142,143,144,145,146,148,150,151,153,155,157,163,164,166,168,169,170,171,172,174,176,177,179,180,181,183,184,186,187,189,191,192,194,196,197,198,200,201,202,203,204,207,208,210,211,215,217,218,220,221,222,223,224,225,226,227,228,229,230,231,232,233
126,127,128,129,130,132,133,134,135,136,137,138,139,140,141,142,145,146,147,149,151,152,154,155,156,157,159,160,161,164,165,169,170,175,176,177,178,179,180,181,182,184,185,186,187,192,193,194,195,202,204,205,206,207,208,209,212,213,216,217,218,221,222,223,224,225,226,229,230,231,233
127,128,129,130,131,132,133,134,135,137,138,139,141,145,146,148,149,150,151,153,154,156,157,158,159,160,161,163,164,166,170,172,173,175,178,179,181,182,183,184,186,187,188,191,192,195,196,198,199,202,203,204,205,206,208,209,210,211,214,215,216,217,218,219,220,222,224,226,227,228,229,230
128,129,130,131,132,133,136,137,139,141,143,145,146,147,150,151,153,155,157,163,165,168,169,171,173,175,178,180,182,183,184,185,186,187,189,191,193,194,195,196,198,200,201,202,203,204,205,206,207,209,210,211,212,213,214,215,216,218,219,222,223,224,225,226,227,229,230,232,233
129,131,134,135,136,137,138,139,143,144,145,146,147,149,150,153,155,156,157,158,159,161,163,166,167,168,169,171,172,176,179,180,181,182,183,184,186,188,189,190,191,192,193,197,199,200,201,203,204,205,207,208,209,210,215,217,219,221,223,224,225,228,229,230,231,233
130,131,134,135,136,137,138,139,140,142,143,144,146,147,148,150,151,152,153,155,156,158,159,160,161,162,164,165,166,168,170,171,172,173,174,175,176,178,181,182,183,186,187,188,189,190,191,193,194,195,197,198,199,202,203,209,210,211,212,213,214,215,218,219,220,222,224,225,227,228,229,230,232
131,132,133,134,135,136,140,144,146,148,149,150,151,153,154,160,161,162,163,165,166,168,170,171,173,174,175,176,177,180,182,184,187,188,191,197,198,199,200,201,203,205,206,209,210,213,214,215,216,217,218,219,220,222,224,227,229,231,232,233
132,133,134,135,136,137,138,141,142,144,145,147,149,150,153,154,155,156,157,158,160,163,164,165,168,169,170,173,174,176,177,178,179,181,185,186,187,190,191,192,194,195,197,198,199,201,202,204,205,208,209,210,211,213,214,215,216,218,221,222,224,225,230,231,232,233
133,134,135,137,140,141,143,144,145,146,147,148,149,150,151,153,154,155,156,157,159,160,162,164,165,166,168,169,170,171,172,174,176,179,180,182,184,185,188,189,192,193,194,195,196,198,201,203,204,205,207,209,210,216,217,219,222,224,225,226,227,228,230,231,233
134,135,136,137,139,140,141,143,144,146,147,150,151,152,154,158,162,164,168,169,170,172,173,175,179,180,181,182,183,184,188,189,190,192,193,194,195,197,198,199,200,202,204,207,208,209,210,211,213,215,217,220,221,222,224,225,226,227,230,232
135,136,137,138,139,140,141,142,144,145,146,147,148,149,150,152,153,154,156,157,158,160,162,163,164,165,167,169,171,172,174,177,179,180,181,182,183,184,185,186,188,189,190,192,193,194,195,197,199,200,202,203,204,205,206,207,208,209,210,211,212,214,215,216,217,218,224,226,227,228,229,230,231
136,137,138,139,140,142,144,146,147,149,150,152,153,154,155,156,158,159,161,163,164,167,168,169,171,172,173,174,175,176,181,182,183,184,187,188,189,190,191,192,193,194,195,197,198,199,200,201,202,203,204,205,208,209,210,211,212,213,214,215,216,217,218,219,220,223,224,226,227,228,229,231,232,233
137,139,140,141,143,147,148,149,150,151,152,153,154,155,156,159,161,162,164,166,168,169,170,171,173,175,176,177,179,180,182,184,189,190,191,193,194,195,196,197,198,199,204,205,206,207,209,210,212,213,216,217,218,219,220,221,222,223,224,225,227,228,229,231,232,233
138,141,144,146,148,149,150,151,155,156,158,159,160,162,163,164,165,166,168,169,170,172,173,175,176,177,178,180,181,182,183,184,185,189,191,193,194,196,197,199,200,202,204,205,206,209,210,211,212,213,214,219,222,224,226,227,228,232,233
139,140,141,142,144,145,146,147,148,149,154,156,157,160,161,162,165,166,167,168,170,172,174,175,177,182,183,185,188,189,190,193,195,196,198,201,203,204,205,207,209,210,211,214,215,216,217,218,220,221,223,224,225,227,229,230,231,233
140,141,143,144,147,149,150,153,155,156,158,159,160,164,165,167,170,172,173,176,177,179,180,181,182,183,185,189,190,191,192,195,196,198,199,200,201,202,203,204,205,208,209,210,216,219,220,221,222,224,227,229,231,232,233
141,142,143,144,145,146,147,148,149,151,152,155,156,157,161,162,164,166,167,168,169,170,171,172,173,174,175,176,178,179,181,182,183,184,185,186,187,190,191,192,193,194,195,196,197,198,199,200,201,203,204,209,210,211,213,214,216,219,220,221,222,223,225,227,229,231,232,233
142,146,147,149,150,151,152,155,158,160,161,162,163,165,166,168,170,173,174,175,176,177,179,180,185,186,187,190,192,194,195,198,200,203,204,205,207,209,210,211,212,213,214,217,218,220,221,226,230,231
143,145,146,147,148,149,150,152,154,156,157,158,161,163,164,165,166,170,171,175,177,178,179,181,186,188,189,190,191,192,195,196,197,198,199,200,202,203,204,205,207,208,209,211,212,215,221,225,226,227,228,230,231,232
144,145,146,148,150,151,155,156,158,159,161,162,166,167,170,171,174,177,179,180,182,184,188,189,192,194,195,196,197,199,201,204,205,206,207,208,210,211,214,215,216,217,218,219,220,222,223,224,225,227,228,229,231,233
145,146,148,150,151,152,154,155,157,159,160,161,162,163,164,167,168,169,170,172,173,177,178,180,181,182,183,184,185,186,187,188,189,190,191,192,193,194,198,200,201,202,203,205,206,207,211,213,214,216,217,220,222,227,228,229,233
146,148,150,152,153,154,156,157,159,160,161,162,163,164,166,167,168,170,171,172,173,174,176,178,182,185,186,187,190,191,193,194,195,197,199,204,205,208,211,212,213,214,215,218,220,221,223,228,229,230,232,233
147,148,150,151,152,154,155,159,162,164,166,167,168,169,171,172,173,174,175,178,180,181,183,185,187,188,189,190,192,194,195,196,197,199,200,201,202,203,205,206,207,213,216,217,218,220,221,223,225,227,229,230,232,233
148,149,150,152,154,156,157,158,159,160,162,163,164,166,168,169,170,171,172,173,174,175,176,178,179,181,182,184,185,187,190,192,194,195,196,197,198,200,202,204,205,207,208,209,210,211,215,216,218,219,222,224,225,228,230,231,232,233
149,150,151,152,153,154,157,158,162,166,167,168,170,171,172,173,174,177,178,179,180,182,183,184,187,188,189,190,191,192,193,199,202,206,208,210,212,213,214,215,216,217,218,219,220,221,222,223,225,229,230,231,233
150,151,152,153,154,157,158,159,162,164,166,167,168,169,170,172,173,175,177,179,180,181,184,188,189,190,192,193,195,197,198,200,201,202,203,204,205,208,210,211,212,213,215,216,218,219,220,221,226,228,230,231,232,233
151,153,156,157,158,159,160,161,162,163,164,169,170,171,172,173,174,176,177,178,181,182,183,186,188,190,191,193,194,196,198,199,202,204,205,206,207,208,210,211,212,213,214,217,222,223,225,226,229,230,231,232,233
152,153,155,156,157,158,159,160,162,163,164,165,167,168,169,170,172,175,176,178,179,180,182,185,186,187,189,190,191,193,196,199,200,202,203,204,206,208,209,210,211,213,214,216,217,220,221,222,223,224,225,227,228,230,231
153,154,155,156,158,161,162,163,164,165,167,168,169,170,171,172,173,177,179,183,184,185,186,187,190,191,192,193,194,197,198,199,200,202,204,206,207,209,210,211,213,214,215,216,217,218,219,220,221,222,223,224,225,226,227,229,230,231
154,155,159,160,162,163,164,166,167,169,170,171,172,173,175,176,177,180,184,185,188,189,193,194,196,199,201,202,203,204,205,207,209,210,211,212,213,216,218,219,220,221,222,223,224,225,226,229,231,232,233
155,157,159,160,161,163,164,165,166,167,168,169,171,173,174,175,176,177,178,179,182,184,186,187,188,189,190,191,193,195,197,198,199,200,201,202,205,206,208,212,214,215,217,218,220,221,224,226,227,231,233
156,157,158,159,161,162,164,165,166,167,174,175,176,177,180,181,183,184,185,186,187,188,189,191,194,195,198,199,200,203,204,206,207,208,210,211,213,214,215,218,219,220,221,222,225,226,227,228,229,230,231,232,233
157,158,160,161,162,163,164,165,166,167,168,169,174,176,177,180,182,183,184,185,186,187,188,189,192,193,194,197,199,201,203,204,212,215,216,218,220,225,226,228,229,230
158,159,160,161,164,165,168,169,173,174,176,177,179,180,181,186,188,189,190,191,192,193,194,195,196,198,199,200,202,204,208,212,213,214,216,217,218,220,224,225,226,227,228,229,230,232,233
159,160,161,162,163,164,166,169,171,172,173,174,176,177,178,179,180,181,182,183,184,185,186,187,188,190,191,192,193,195,197,199,200,201,202,204,206,208,209,211,212,214,217,218,224,225,228,229,231
160,161,163,166,167,168,169,170,173,174,175,176,177,178,179,180,181,182,184,185,186,187,188,190,191,192,193,197,198,199,201,202,203,204,205,206,207,208,209,210,212,213,214,215,216,218,219,221,222,223,224,226,229,230,231,233
161,162,163,165,167,168,169,171,172,175,177,179,184,186,187,188,190,191,194,195,197,199,201,202,203,204,205,208,209,210,211,212,214,215,216,217,218,219,221,222,223,224,226,227,229,230,231,232
162,163,165,166,167,169,171,172,175,177,181,182,183,184,185,187,188,189,190,191,192,194,196,199,201,203,204,207,209,211,212,214,218,221,222,224,225,226,228,229,230
163,164,166,168,170,171,172,173,174,175,176,177,178,179,180,182,183,184,186,187,188,191,192,196,199,201,202,203,204,205,207,208,209,211,212,213,216,217,218,219,220,221,223,226,228,231,232,233
164,165,167,168,171,173,175,176,178,179,180,184,185,186,187,188,194,197,198,199,200,201,202,203,204,205,206,207,208,209,210,211,215,216,217,218,220,222,225,226,227,228,229,230,232
165,166,167,169,170,172,173,174,177,179,180,181,183,184,185,189,190,195,201,202,203,204,205,208,209,210,215,216,218,219,220,221,226,227,229,231,232,233
166,167,169,170,172,173,175,176,177,178,181,182,184,185,187,188,189,191,193,194,196,197,198,200,201,203,205,206,210,211,212,213,214,215,216,218,219,220,221,222,223,224,226,230,231
167,169,171,177,178,180,181,182,184,187,189,190,191,193,195,196,197,199,200,202,208,209,210,212,213,214,215,216,217,219,221,222,224,225,226,227,228,229,230,231,232,233
168,170,172,174,176,177,178,179,180,181,182,183,185,188,189,190,191,192,193,194,198,199,200,201,202,203,204,207,208,210,211,212,215,216,217,218,222,223,224,225,226,228,232
169,170,171,173,174,175,177,178,179,181,183,184,185,186,187,188,189,191,193,194,197,199,200,201,202,206,207,210,211,214,215,217,218,220,221,225,226,228,230,231,232
170,171,172,173,175,178,182,183,185,187,188,190,191,192,193,194,195,197,200,201,202,203,204,205,207,208,209,211,212,213,215,218,219,220,221,229,230,231,232,233
171,172,173,175,176,178,179,180,182,183,184,185,186,189,190,192,193,195,196,197,198,199,200,203,205,206,207,208,209,211,212,214,215,216,217,218,221,223,225,227,228,231,232,233
172,173,174,175,176,177,178,184,187,189,190,191,193,194,195,197,198,199,201,202,204,206,207,210,212,213,214,215,221,224,225,226,229,230,232,233
173,175,176,180,181,182,184,186,188,189,192,193,194,196,197,200,201,202,203,209,210,211,214,215,216,217,221,222,223,224,225,226,228,229,230,231,232,233
174,176,177,181,183,184,185,186,190,191,193,194,196,197,198,200,201,204,207,208,209,210,214,215,216,217,220,222,223,224,225,226,227,229,232,233
175,176,178,179,182,184,185,188,190,191,192,193,195,196,197,198,201,202,203,204,205,206,207,208,210,211,212,213,214,215,216,218,219,221,222,224,225,227,228,229,233
176,177,179,181,183,184,186,187,188,189,190,191,192,193,195,196,197,198,199,202,203,205,206,207,209,211,213,214,215,216,218,219,220,221,222,223,224,225,227,228,231,232,233
177,178,179,180,182,184,187,189,190,192,193,194,195,197,198,199,200,202,203,204,205,208,209,213,214,215,216,217,218,222,223,225,226,229,231
178,179,181,182,184,185,189,192,193,195,196,199,200,202,203,204,205,206,207,208,211,212,213,218,219,220,221,223,224,226,227,229,232,233
179,180,182,183,184,185,186,187,188,189,190,191,192,193,194,195,196,198,199,200,202,206,207,208,209,210,214,216,217,218,220,221,224,225,226,227,229,231
180,181,182,183,184,188,189,190,191,193,194,195,196,197,200,203,204,205,207,208,211,215,216,217,220,221,222,223,224,225,227,229,230,231,232
181,185,187,188,190,191,192,193,194,195,196,197,198,199,201,202,203,204,205,208,212,213,214,215,216,217,219,221,223,224,226,227,228,229,230,232,233
182,183,184,185,187,190,191,192,193,194,195,197,200,202,203,204,205,206,208,209,210,211,212,213,214,215,218,221,223,225,226,227,228,230,231,233
183,184,186,188,189,190,191,193,194,196,197,199,200,201,202,203,205,206,208,209,210,212,214,215,216,217,220,221,222,223,225,226,227,230,231,232,233
184,186,187,188,190,192,193,194,198,199,200,204,205,206,208,209,210,212,213,215,216,217,218,219,220,223,225,226,229,231,232,233
185,186,189,190,191,192,193,194,196,200,201,202,204,205,208,209,210,211,212,213,214,215,216,217,219,220,221,222,223,224,225,226,228,232,233
186,187,191,194,195,200,204,209,211,213,214,215,216,217,218,219,221,222,225,231,233
187,189,190,191,192,194,195,196,197,198,200,201,202,203,204,205,206,207,213,216,217,219,221,222,223,225,227,228,229,231,233
188,189,190,194,197,198,200,202,207,208,209,210,211,212,213,215,216,217,219,220,222,225,227,228,229,231,232
189,191,193,194,195,196,197,198,199,203,206,208,210,211,212,213,215,217,218,220,223,225,226,227,228,230,231,232
190,191,193,194,195,196,197,198,199,200,201,202,204,205,206,207,209,210,211,212,214,215,218,219,221,222,223,226,227,228,230,232,233
191,192,193,198,200,201,202,205,207,209,211,215,216,218,219,220,222,223,224,227,228,229,230,231
192,193,194,195,197,199,200,201,202,203,204,205,206,207,209,212,213,214,215,217,218,222,226,227,228,229,232,233
193,194,195,196,197,198,200,202,204,205,206,207,208,209,210,211,214,217,219,221,222,223,224,225,226,228,229,232,233
194,195,196,198,199,200,203,204,205,206,209,212,213,217,218,219,220,221,222,224,226,227,230,231
195,197,198,200,201,202,203,206,208,209,210,211,212,213,217,218,219,220,221,222,223,227,228,229,230,231,232
196,197,198,201,202,203,204,205,206,207,208,211,213,215,216,217,218,219,220,222,223,224,226,230,231,232
197,198,200,204,205,206,207,208,209,213,214,215,217,218,220,221,222,224,225,226,227,229,230
198,199,202,203,204,205,206,208,210,211,213,214,216,219,220,222,223,227,228,229,231,232
199,200,203,204,205,206,207,208,209,213,214,217,218,219,220,221,225,226,227,232,233
200,201,205,206,207,208,210,211,212,213,216,217,218,219,221,224,225,227,228,229,230,231
201,202,204,205,206,209,210,211,212,213,217,219,221,223,224,227,228,230,233
202,203,204,206,208,209,211,212,213,214,215,216,217,218,220,221,222,223,224,225,227,228,230,231,233
203,204,206,207,208,209,210,212,213,214,215,216,217,218,219,220,224,227,228
204,205,206,207,208,211,212,213,214,216,217,219,220,221,223,225,227,229,230,231,233
205,207,208,209,211,212,215,217,218,219,220,221,222,225,229,230,231,232,233
206,207,208,209,210,211,212,213,214,216,218,219,221,222,223,225,230,231,232
207,208,209,210,212,213,214,216,217,220,223,224,225,227,228,229,232,233
208,209,210,211,212,213,215,217,219,221,222,223,226,227,230,231,232
209,211,212,213,214,216,217,218,219,220,221,226,228,230,231,232,233
210,211,215,219,220,221,224,225,226,228,229,230,231,233
211,212,213,214,217,218,221,222,225,227,230,231,232
212,214,215,216,217,218,220,221,222,223,224,225,226,228,229,230,232
213,215,216,218,222,223,224,225,227,228,229,230,231,232
214,215,217,219,220,223,224,225,226,229,230,232
215,216,219,220,222,223,224,227,229,232,233
216,219,223,225,226,229,233
217,219,221,222,223,224,225,226,227,228,230,231,233
218,220,222,223,224,226,228,229,231,233
219,221,222,223,224,225,226,227,232
220,222,223,225,229,230,233
221,222,223,226,227,229,230,233
222,224,225,227,228,231,232
223,225,226,227,229,230,231,233
224,225,226,227,228,231,232
225,226,228,230,232
226,228,229,230,231,232
227,228,229,230,231,232,233
228,229,230,232
229,230,231,232,233
230,231,232,233
231,232,233
232
233
