n_nodes:174
n_edges:8390
density:0.55744
0,1,4,5,7,8,9,11,13,16,17,18,27,29,30,31,32,33,34,35,39,42,44,45,47,49,51,53,55,56,57,58,59,62,65,66,67,68,70,71,73,75,76,78,79,81,82,85,86,89,92,93,94,97,99,100,101,102,104,107,109,110,111,114,115,117,118,119,123,124,125,127,128,130,133,134,137,138,140,144,146,147,151,152,153,154,156,157,159,160,161,164,165,167,169,173
1,3,8,10,14,17,19,20,23,24,25,26,27,28,29,30,31,33,34,37,38,45,47,49,50,51,52,54,55,56,58,60,61,62,63,66,67,68,70,72,73,74,75,76,77,78,80,81,83,84,86,87,89,90,91,92,94,97,98,99,100,102,105,106,108,109,110,111,113,116,117,119,124,126,130,131,133,134,136,137,138,140,141,142,143,146,147,151,152,153,156,158,159,161,164,165,166,168,169,170,172,173
2,5,7,9,12,14,17,20,21,22,23,26,28,33,38,39,42,43,47,48,49,51,52,53,55,56,57,58,59,60,62,66,67,68,70,71,72,76,79,83,85,86,87,89,90,92,94,95,98,99,100,102,104,105,106,109,110,112,115,116,117,118,119,121,124,125,126,130,132,133,134,137,138,139,141,142,143,145,147,148,149,150,151,153,155,156,159,160,161,162,163,164,166,167,169,170
3,4,6,8,9,11,12,13,14,15,16,17,18,20,21,22,23,24,27,28,34,36,37,39,40,42,43,44,45,48,49,50,51,52,53,57,59,60,62,64,65,66,67,68,69,70,72,74,75,76,78,80,81,83,85,87,88,89,90,91,92,93,94,95,96,97,103,105,108,109,115,116,117,119,121,122,123,125,127,128,129,130,133,134,135,140,141,142,143,144,145,149,151,153,156,157,159,161,164,166,167,170,171
4,6,8,9,12,13,14,17,19,20,22,24,27,29,30,34,35,36,40,41,42,43,44,45,47,50,52,53,54,57,58,59,60,63,66,67,69,70,71,72,73,74,75,76,77,78,79,80,82,84,85,90,91,92,95,98,99,100,101,102,103,108,109,110,111,115,118,120,122,123,125,126,127,128,130,131,132,135,136,140,147,149,150,153,159,160,165,167,168,170,172
5,6,8,9,10,11,14,15,18,19,23,24,25,26,27,31,32,34,35,37,39,43,45,47,48,49,50,51,53,55,57,58,60,61,64,65,66,67,70,71,74,75,76,78,80,81,82,83,84,87,89,90,95,96,98,99,100,106,109,110,111,113,114,115,116,117,118,120,121,122,123,126,127,128,129,130,131,132,134,135,136,138,141,142,144,145,146,149,150,154,155,156,160,161,162,163,164,167,168,169,170,171
6,7,11,13,16,17,19,20,21,22,23,26,30,32,34,38,39,40,41,43,45,47,49,51,54,55,57,58,61,62,64,69,70,71,73,75,78,80,81,82,83,84,85,87,89,90,91,92,93,95,96,97,98,99,101,103,104,105,106,107,108,109,111,114,115,116,117,120,121,122,127,131,132,133,135,136,138,140,141,144,145,146,148,151,152,154,155,159,160,162,163,167,168,169,170,171,172
7,8,9,10,11,12,15,18,22,24,26,28,29,30,32,33,34,36,37,38,41,42,45,47,48,50,51,55,56,58,60,62,66,68,73,74,76,78,80,83,84,85,90,92,94,96,98,99,100,101,102,103,105,106,108,113,115,117,125,126,127,128,129,130,131,134,135,138,139,141,142,143,144,147,148,150,151,154,155,156,157,160,162,164,166,168,170
8,9,11,12,13,14,16,21,22,23,24,27,28,29,31,33,35,36,40,42,43,45,48,49,52,56,57,61,63,64,66,67,68,70,71,74,75,77,79,80,82,83,84,85,86,89,92,97,99,102,103,106,107,108,115,116,118,119,122,124,128,129,133,135,137,138,139,140,141,144,145,147,148,149,151,153,154,155,156,157,159,160,162,163,164,167,170
9,129,10,135,12,130,14,143,144,145,147,20,21,22,23,24,25,26,27,28,158,31,33,34,155,139,38,39,40,169,43,44,173,46,47,49,153,56,159,138,62,63,64,67,69,70,71,72,73,74,75,77,80,81,84,86,87,89,91,92,94,95,96,97,100,165,106,108,111,112,113,140,119,120,148,122,123,124,126
10,11,14,16,17,18,20,22,24,26,28,29,30,32,33,34,37,38,39,40,41,43,44,46,50,52,53,58,59,60,62,67,68,69,70,72,73,74,75,78,79,80,82,85,87,90,93,94,95,96,97,98,100,101,102,104,107,109,111,112,113,114,115,119,121,122,123,125,126,127,129,131,136,138,142,144,145,146,148,149,150,151,153,157,160,162,165,169,170,171,173
11,12,14,16,17,18,19,21,23,25,27,29,30,31,32,34,35,36,37,41,43,45,46,47,49,51,52,53,54,55,59,63,66,68,70,71,72,73,75,76,77,78,79,80,81,83,85,87,88,89,91,92,93,95,97,98,99,102,103,109,111,113,114,115,116,119,120,125,127,129,130,132,135,137,138,140,141,142,145,146,149,150,152,153,156,157,158,159,166,167,168,169,171,172,173
12,13,14,16,18,19,21,24,25,26,28,31,33,36,37,38,41,42,44,47,49,51,53,54,55,58,59,61,62,63,64,66,67,68,69,70,72,74,75,79,83,86,89,92,93,95,96,97,100,102,103,104,106,108,109,110,112,113,114,116,117,118,119,120,121,122,125,126,127,130,132,133,134,138,140,142,143,146,147,150,151,152,153,156,158,159,160,161,163,167,168,169,171
13,15,18,19,24,25,28,32,34,40,42,43,48,52,53,54,56,59,60,62,63,66,68,71,73,75,77,79,84,85,87,88,89,91,96,100,102,103,104,105,107,108,109,110,111,112,114,115,116,118,119,120,121,122,123,125,126,127,128,130,131,132,133,134,135,138,139,141,142,144,145,146,147,148,153,154,155,157,158,159,160,162,164,165,167,168,170,171
14,16,17,18,19,25,26,28,29,30,31,32,33,35,36,37,38,39,40,43,44,45,46,47,48,49,50,51,53,54,55,56,58,59,63,64,66,67,68,71,72,73,75,78,79,80,81,83,84,86,87,88,89,94,98,102,103,106,109,111,112,114,115,116,118,119,120,122,123,125,127,128,129,134,135,139,141,142,143,145,150,154,155,156,158,159,161,164,165,166,170,171,172,173
15,16,17,19,20,23,24,25,26,27,29,30,31,32,35,36,39,42,43,46,49,50,53,54,55,58,59,66,67,68,69,70,71,72,73,74,75,78,79,80,87,91,92,93,94,96,97,98,99,105,107,110,111,112,113,114,115,117,119,120,125,126,129,130,133,137,138,139,141,142,144,145,148,149,150,151,156,157,158,159,161,162,163,165,166,168,170,171,173
16,18,19,22,24,26,27,28,30,31,32,33,36,38,39,41,42,44,45,46,51,52,53,55,57,59,62,63,66,68,69,71,72,73,75,76,77,79,80,81,82,83,84,85,87,93,94,95,98,102,105,106,107,108,110,112,116,117,120,122,124,129,130,131,134,137,141,143,144,147,151,152,154,155,157,158,162,168,170,172,173
17,18,19,20,21,22,23,24,28,30,33,35,41,42,44,45,47,49,51,52,53,56,57,58,61,63,64,66,69,70,73,78,80,83,85,86,87,89,91,92,93,94,97,98,100,101,103,104,105,106,108,110,111,115,116,117,118,120,121,122,123,124,125,127,130,132,133,134,136,140,141,142,144,145,146,147,148,150,151,152,155,156,157,158,161,163,165,166,168,169
18,19,20,21,22,26,31,32,33,34,36,38,39,40,41,42,43,44,48,50,51,55,56,57,59,62,63,64,67,68,69,70,71,73,74,75,76,78,81,82,84,85,86,87,92,94,99,100,102,103,104,105,106,108,110,112,113,114,117,120,124,129,131,132,133,134,136,139,140,141,142,143,144,146,152,153,157,158,163,164,165,168,169,171,172,173
19,21,23,25,26,29,31,32,33,34,36,37,38,39,41,43,44,45,46,48,50,51,53,57,64,66,67,68,73,74,75,77,78,81,82,84,86,88,89,90,92,93,94,95,96,100,101,104,105,108,109,110,111,115,116,117,119,120,121,124,125,126,127,130,131,132,133,135,137,138,141,142,143,145,148,150,151,153,154,155,156,158,159,160,161,166,169,170,171,172
20,129,136,140,158,148,21,150,152,132,154,159,28,30,31,32,33,34,36,38,167,138,41,42,44,45,47,50,51,52,53,54,55,57,58,59,60,61,63,65,67,69,71,160,76,162,78,80,81,156,83,170,85,90,143,93,94,95,96,104,112,113,114,115,116,117,119,120,125,127
21,22,23,26,27,29,31,33,34,36,37,38,42,44,45,46,48,49,52,55,57,58,61,66,67,68,69,70,72,75,76,77,79,80,81,82,86,88,90,91,92,93,94,96,100,102,105,108,110,111,112,114,115,117,119,120,121,122,123,127,129,135,137,139,141,142,143,144,152,153,154,155,156,157,158,161,162,163,164,167,169,170,173
22,27,28,29,30,31,33,35,36,37,39,40,41,42,45,46,48,52,55,56,57,58,59,60,61,62,63,64,65,67,68,69,70,71,72,73,74,75,76,79,83,84,85,87,89,91,94,95,100,103,104,108,109,112,113,114,120,121,122,124,128,129,130,131,134,137,138,139,140,141,143,144,146,147,148,149,150,153,155,157,159,162,163,164,165,166,167,169,173
23,25,27,28,30,31,32,35,36,38,39,40,43,46,47,49,52,54,56,57,58,60,61,62,64,65,66,67,69,70,71,72,75,81,82,83,84,85,86,87,88,90,92,93,94,95,96,97,98,99,100,101,102,103,104,105,106,107,111,112,113,114,115,116,117,119,120,122,123,127,128,130,134,136,137,138,139,143,144,146,148,150,152,153,154,155,156,157,158,162,163,165,167,171,172
24,25,26,27,28,32,34,35,36,37,38,39,42,46,47,48,50,51,54,55,58,59,60,65,66,67,69,70,72,74,76,77,79,82,83,84,86,87,88,90,91,92,93,96,97,99,100,101,102,105,106,108,114,115,117,120,121,123,126,127,129,130,131,132,133,134,135,136,140,142,143,145,146,150,151,152,153,155,157,158,164,165,166,167,172,173
25,128,132,134,138,146,148,142,150,153,154,27,28,157,30,159,160,161,162,35,164,37,166,167,40,42,171,45,46,47,49,50,155,53,54,55,57,58,59,60,61,62,63,66,139,69,71,158,143,79,173,163,85,87,91,92,93,97,151,99,100,101,102,103,109,110,112,113,114,147,116,117,122,124,170
26,27,29,30,33,35,39,40,43,44,46,52,53,54,55,56,57,59,60,61,62,64,65,66,67,68,69,70,71,72,76,78,79,80,81,82,83,86,88,89,90,91,92,94,95,97,98,100,101,103,104,106,108,109,110,116,117,118,119,123,124,127,128,133,135,138,143,144,145,146,147,149,150,151,152,153,154,155,157,159,160,161,162,163,164,165,166,167,168,169,171,172,173
27,29,30,37,38,39,44,47,51,53,54,55,56,59,60,66,67,68,71,72,73,74,79,81,82,83,84,86,87,88,89,90,91,93,94,95,96,97,98,100,101,103,105,106,110,113,114,115,119,124,125,126,127,128,129,131,132,135,138,139,144,145,146,149,152,153,154,155,157,163,169,173
28,29,31,32,33,35,36,37,41,42,44,46,49,51,52,53,54,55,60,61,63,64,65,66,68,69,72,76,77,78,79,80,83,87,89,91,92,94,96,97,99,101,102,103,104,106,108,109,110,113,114,117,119,120,121,122,124,125,126,130,132,133,134,135,136,138,140,146,147,149,151,152,153,157,160,161,163,167,168,170,172,173
29,30,31,32,33,37,39,40,44,47,48,55,57,59,61,62,63,64,65,66,68,69,70,71,74,75,77,79,82,92,95,97,98,99,100,102,103,104,106,108,109,110,112,114,116,117,119,121,123,124,125,126,129,130,131,132,134,135,139,141,142,143,144,145,147,149,150,151,152,153,156,159,160,161,162,163,165,166,170,171,172
30,31,35,37,38,39,40,41,42,45,47,48,50,51,57,58,59,60,62,63,65,66,67,68,70,71,74,76,77,80,81,82,83,85,86,89,92,94,95,97,98,104,105,107,108,109,110,111,112,116,117,118,119,121,123,126,128,129,130,133,134,135,136,137,138,143,145,146,147,151,152,153,154,156,158,160,161,162,164,167,168,171,172,173
31,35,36,37,38,40,42,44,46,51,53,55,56,57,60,62,67,69,70,71,74,75,76,79,80,81,82,87,88,90,91,92,93,94,95,96,97,98,103,105,106,107,109,111,113,114,115,116,118,121,122,124,125,127,129,131,132,133,134,136,137,140,142,145,146,147,148,150,151,152,155,156,157,158,160,161,162,165,168,170,171,173
32,35,36,38,40,41,45,46,50,51,53,54,56,57,60,63,64,65,68,74,75,77,78,80,82,83,84,90,92,93,94,95,96,98,99,101,102,104,105,106,107,108,109,112,113,114,115,117,121,122,124,130,131,132,134,135,137,139,144,146,147,148,149,151,153,155,158,161,162,164,165,168,169,170,172,173
33,35,38,39,44,45,46,48,49,59,61,62,63,64,65,67,68,69,71,72,73,76,77,78,79,80,81,82,83,92,97,98,99,100,102,103,105,109,111,115,118,119,120,122,123,125,126,128,129,131,132,133,135,136,137,141,145,146,147,149,150,151,152,155,158,159,160,161,162,165,169,170,173
34,36,37,40,41,44,47,48,50,52,53,54,57,58,59,60,61,63,64,66,69,70,74,75,76,78,79,80,81,84,85,87,89,90,91,93,94,95,96,102,103,104,105,106,109,110,115,120,121,125,127,128,130,131,133,135,136,139,140,141,142,144,145,146,147,148,149,151,152,154,155,156,158,161,162,163,166,170,171,172
35,37,39,42,47,48,50,51,52,54,55,56,58,61,62,63,64,65,66,67,69,70,72,74,76,77,78,79,84,85,86,89,91,92,93,94,96,98,104,105,106,107,108,109,110,111,113,115,116,117,118,120,122,123,124,125,126,127,129,132,134,135,136,140,144,145,148,150,151,153,154,156,157,158,160,163,164,165,168,169,173
36,37,39,42,43,45,47,48,49,51,53,54,56,58,59,60,61,63,64,65,67,68,70,71,74,77,78,82,85,87,90,92,93,95,99,100,101,102,103,104,117,118,119,120,123,124,127,128,129,133,135,137,139,141,142,143,147,150,151,153,154,156,158,159,162,167,168,172
37,38,41,42,43,44,45,47,51,53,54,57,58,59,65,67,69,71,72,74,77,79,84,85,87,89,91,99,102,103,104,106,108,112,113,116,117,119,122,123,124,125,127,128,130,131,132,135,140,141,142,143,144,145,146,147,148,149,153,154,155,157,158,159,160,162,163,164,165,166,167,172
38,41,44,45,46,48,49,50,52,54,57,58,60,63,65,66,67,68,70,71,72,73,74,76,77,79,80,82,83,86,87,88,89,90,92,94,95,98,99,100,103,104,106,107,109,110,111,112,114,116,117,121,122,123,124,128,129,130,136,137,141,142,143,144,145,151,152,154,155,156,157,159,160,164,165,170,172,173
39,40,42,43,46,47,48,51,53,54,55,56,57,60,61,62,65,66,68,69,70,71,73,74,75,78,80,81,82,83,84,85,86,89,90,92,93,94,96,97,98,100,102,105,106,107,108,111,115,116,117,118,120,121,122,124,125,126,128,129,130,133,134,135,136,137,138,140,141,143,146,148,149,150,154,155,157,159,160,162,164,165,166,167,170,171,172,173
40,41,42,44,45,46,48,49,51,52,55,56,57,60,61,62,63,64,65,66,67,69,70,72,73,74,75,76,77,78,79,80,83,84,85,86,87,90,93,95,96,101,102,103,107,109,113,115,117,118,121,124,125,127,129,130,131,133,134,137,141,142,144,145,146,147,148,149,150,152,153,154,155,157,159,160,161,162,165,166,168,171,172
41,47,50,51,52,53,54,57,58,60,61,64,66,67,71,73,74,75,76,77,79,80,82,83,86,87,90,91,92,93,94,95,96,97,98,99,102,104,105,107,108,109,113,115,118,119,120,123,124,125,132,133,135,136,137,138,139,142,144,145,146,147,149,152,153,155,157,158,159,163,164,167,168,169,171
42,44,45,49,50,52,54,56,57,63,64,65,66,68,70,71,73,76,78,80,82,84,86,88,93,95,99,100,102,103,104,106,107,108,109,110,111,112,117,118,119,124,126,127,129,132,134,135,136,137,138,139,142,144,145,146,148,149,151,154,155,157,158,159,160,161,162,163,166,168,170,171,172
43,44,45,47,50,51,52,53,55,57,58,59,61,62,64,65,66,67,68,69,70,71,72,74,76,77,80,81,82,83,86,87,88,89,91,92,93,94,96,97,98,99,101,102,103,104,110,112,113,114,115,116,118,120,123,124,126,127,128,130,131,134,135,136,137,138,140,141,145,146,147,148,150,154,155,156,157,158,159,163,165,168,170,172
44,46,50,52,53,55,56,57,58,59,63,66,67,70,71,72,74,75,80,81,83,84,85,86,90,92,93,95,97,99,101,102,105,110,111,112,115,116,118,119,120,121,124,125,126,127,128,129,131,132,135,136,137,141,149,151,152,154,157,158,160,162,164,165,166,167,168,169,172,173
45,46,47,51,52,55,56,57,59,60,61,62,64,66,67,69,73,75,76,77,79,81,84,85,86,87,89,90,91,92,93,94,95,96,97,98,100,102,103,104,105,106,107,109,110,112,113,115,117,118,119,120,121,124,130,131,132,134,135,137,138,142,144,147,149,152,154,157,158,161,165,167,170,171,173
46,48,53,54,55,56,61,62,65,67,68,69,70,71,72,73,76,77,79,80,81,82,83,85,86,88,89,90,91,92,94,95,96,97,98,100,101,102,103,105,107,108,110,112,113,116,117,118,119,120,125,126,131,133,135,136,137,138,140,141,147,148,150,151,152,153,154,155,156,158,160,161,163,164,166,168,170,171,172
47,48,53,54,58,63,64,65,66,67,68,69,72,78,79,81,83,84,86,88,89,91,92,94,96,98,100,101,105,107,109,110,111,112,113,114,117,118,119,120,121,123,124,126,129,133,134,135,140,141,143,144,146,148,149,150,152,155,159,165,167,168,170,171,172,173
48,51,52,53,54,56,57,58,62,63,67,68,71,73,75,77,78,80,81,82,85,86,87,89,90,92,93,95,96,97,101,103,104,105,106,109,110,111,112,118,119,121,123,124,126,127,129,130,132,133,134,138,140,141,142,144,146,149,153,154,157,158,159,160,161,162,163,164,166,167,170,172
49,50,51,52,54,55,56,57,60,61,62,63,64,65,69,71,73,74,75,77,80,83,84,85,87,88,89,92,94,97,99,100,103,104,105,107,108,109,112,114,118,119,120,124,126,127,128,129,130,131,135,137,138,139,141,142,144,145,146,147,148,149,150,154,155,157,158,159,160,161,163,164,165,166,168,169,171,172,173
50,51,55,62,63,64,65,66,67,70,71,72,76,77,79,80,83,84,85,88,89,90,91,93,94,96,98,100,101,102,105,106,108,114,115,117,119,124,125,126,128,129,130,131,132,134,136,137,138,140,142,144,145,147,150,154,156,157,159,163,164,166,167,169,170,171,172,173
51,53,54,55,56,59,60,62,63,65,66,68,70,72,74,75,77,78,79,84,89,90,94,95,96,97,98,100,102,104,105,106,108,109,110,114,116,117,120,121,122,126,127,129,132,133,135,141,144,150,151,152,157,159,161,162,163,164,165,166,167,168,169,170,172
52,55,56,58,61,62,65,67,73,74,78,80,82,83,84,86,87,90,91,92,93,94,96,99,100,104,108,112,113,116,117,118,119,120,121,125,126,127,128,129,132,135,136,138,140,142,144,145,146,147,148,149,150,151,152,153,154,158,159,160,161,162,163,164,165,166,169,170
53,54,58,61,63,64,65,67,69,70,71,73,75,76,79,80,83,84,85,86,88,89,93,94,101,104,107,110,111,115,116,117,118,120,121,125,127,128,130,132,133,134,135,136,139,140,141,142,144,145,147,148,150,151,152,153,154,155,156,157,159,160,162,166,167,168,169,170,171,173
54,59,60,63,65,66,68,70,71,72,75,78,79,80,82,83,85,86,88,89,90,91,92,93,94,99,102,104,105,108,109,110,111,112,113,114,115,116,119,120,121,123,124,126,127,128,129,131,133,135,139,140,141,144,145,146,147,148,149,151,152,153,154,155,156,158,159,163,164,165,169,172,173
55,57,59,61,63,71,72,74,75,77,81,82,83,87,88,89,90,91,93,94,95,96,100,101,102,103,105,107,108,110,111,112,113,114,115,116,122,126,129,130,131,134,135,136,137,138,139,141,145,146,147,149,150,151,153,154,155,156,158,159,162,165,169,170,172
56,57,60,61,65,66,68,70,71,75,77,78,82,83,84,86,87,88,89,90,91,93,94,96,97,98,100,103,104,105,109,110,112,113,114,116,117,118,119,120,121,124,125,126,127,128,132,133,134,135,136,137,138,139,140,141,142,143,144,146,148,150,151,152,153,157,158,161,163,164,167,168,171,173
57,60,62,64,65,67,68,70,73,77,78,79,80,83,85,88,89,90,91,93,94,95,98,99,100,101,102,104,105,106,112,113,115,116,118,120,121,122,123,126,128,129,130,131,132,133,135,136,137,138,139,140,142,143,144,145,147,151,153,154,155,157,159,161,163,164,166,167,168,170,171,173
58,59,60,61,63,65,66,67,69,72,73,74,75,78,79,80,82,83,87,88,91,96,97,99,102,104,105,106,107,108,111,114,115,117,118,119,122,124,125,130,132,134,138,140,141,142,143,144,145,148,149,152,154,155,156,157,159,160,161,162,164,165,166,167,168,170,172
59,63,65,66,68,69,76,77,86,87,88,92,93,94,96,98,99,100,102,103,104,105,106,107,108,109,110,111,113,115,117,120,121,122,125,128,133,134,136,137,139,140,141,143,144,145,147,150,152,156,157,158,159,160,163,165,170,171,173
60,61,62,63,65,66,68,69,70,71,74,75,76,78,79,80,82,84,86,88,92,96,97,98,101,102,103,107,108,110,111,112,113,119,120,122,123,124,126,127,128,129,131,135,136,138,140,142,144,145,146,147,150,152,153,157,158,160,162,164,166,168,169,170,171,172
61,65,66,68,69,72,73,74,77,78,81,82,83,87,88,89,90,91,92,93,95,96,98,100,101,102,105,106,108,110,111,113,114,115,117,120,124,127,130,131,132,133,135,136,139,140,141,142,144,145,148,150,154,156,158,162,163,164,166,167,168,170,172
62,65,66,67,69,70,71,74,76,77,79,80,81,85,86,88,91,94,98,99,101,102,103,104,106,108,109,110,111,113,114,115,116,118,119,120,121,123,125,128,129,131,132,133,137,138,139,140,141,143,144,145,146,147,148,150,153,154,155,157,162,163,167,169,170,171,172,173
63,65,66,67,68,71,77,78,79,84,87,89,90,91,94,95,97,98,99,101,102,104,105,106,107,112,114,116,119,120,122,124,126,128,129,131,133,137,138,141,142,143,144,145,146,150,152,156,157,158,160,165,166,168
64,65,67,68,70,71,72,73,74,75,77,79,81,82,84,85,86,88,90,91,92,94,96,97,98,99,100,102,103,105,106,109,111,113,115,116,118,119,120,123,124,125,126,129,130,135,136,137,139,140,141,142,145,148,150,154,155,159,160,161,162,164,165,166,167,169,170,173
65,67,70,74,78,79,81,82,83,84,85,86,88,89,92,94,95,97,100,101,107,109,111,112,113,115,116,117,118,119,120,122,123,125,128,129,132,139,140,142,143,148,149,150,152,155,156,157,158,159,160,161,162,164,170,173
66,69,70,73,78,79,81,83,86,90,91,92,93,95,97,100,101,102,107,109,110,114,117,122,123,125,127,128,129,131,132,133,134,135,137,141,142,143,144,146,147,148,149,150,151,154,156,158,161,164,165,167,170,171,173
67,69,70,71,72,73,74,77,81,84,85,90,94,96,97,98,99,100,101,102,104,107,108,109,111,113,114,115,118,119,120,121,122,126,127,128,130,131,132,134,135,136,137,142,145,147,150,151,152,154,155,156,159,160,163,164,168,169,170,173
68,69,71,72,74,77,78,79,81,82,83,84,90,91,93,95,99,103,106,107,110,111,113,115,117,119,121,122,123,124,126,127,129,130,131,133,137,138,140,142,145,147,151,152,154,155,157,161,165,168,172,173
69,70,71,74,75,78,82,84,85,86,89,90,91,95,98,101,102,103,104,105,107,108,109,111,112,115,118,120,123,124,126,128,132,136,137,139,140,144,145,147,148,149,150,151,152,153,157,159,160,162,163,165,168,169,170,173
70,71,72,73,74,78,81,82,83,85,86,88,90,92,94,99,102,103,104,107,108,111,113,114,118,121,122,124,125,129,130,131,133,134,137,139,140,141,142,144,145,146,150,151,152,153,154,158,162,163,165,167,169,170,172,173
71,72,74,75,76,78,80,82,84,85,87,88,89,92,93,94,95,100,103,106,107,108,109,110,112,113,115,116,117,123,128,130,131,132,133,137,138,140,142,143,145,147,148,149,150,154,156,159,161,162,165,166,167,168,170,171
72,77,79,81,85,86,88,89,90,91,92,94,96,99,100,101,102,104,105,108,109,110,111,113,114,115,116,122,123,124,125,127,128,130,132,133,134,135,136,137,140,141,142,145,146,147,148,149,151,152,154,156,157,158,160,161,162,163,165,166,169,171,172
73,74,77,83,85,91,92,93,96,100,101,102,103,104,105,106,112,113,115,116,117,118,119,121,122,123,125,126,127,129,131,133,134,135,137,138,140,143,145,146,148,151,153,154,156,157,161,162,165,169,171,172,173
74,75,76,78,79,81,82,83,84,85,86,88,90,92,93,95,96,97,98,101,102,104,105,108,113,115,116,117,119,120,123,124,125,127,128,131,133,134,136,138,139,140,141,145,146,147,150,152,153,155,156,158,159,160,163,164,165,166,169,170,171,172,173
75,77,78,79,81,84,85,86,88,89,92,93,94,95,98,100,104,105,106,108,109,111,113,114,117,118,119,121,123,126,127,128,129,132,133,135,136,137,138,139,140,142,143,144,147,149,151,153,154,157,158,161,162,163,164,171,172
76,149,136,141,158,143,145,131,155,154,133,164,163,170,139,77,78,81,83,84,87,88,90,91,93,97,148,99,100,101,104,105,108,146,110,173,116,117,119,121,166,125,126,127
77,78,83,85,86,89,91,92,93,94,95,96,97,98,99,100,101,104,105,107,108,109,112,114,116,117,118,119,120,121,122,123,124,127,129,130,132,134,137,140,144,145,146,147,149,152,153,154,155,156,157,159,160,161,162,164,165,168,171,172,173
78,80,81,82,83,84,86,90,94,96,97,101,104,107,110,111,116,120,123,126,127,128,129,130,138,139,140,146,147,149,151,153,155,159,160,161,162,164,165,168,170,171,172,173
79,81,82,83,86,87,89,95,96,97,100,102,103,105,106,111,112,114,115,116,117,121,122,123,124,127,128,129,130,133,135,138,139,141,146,147,148,149,150,155,158,160,162,163,167,168,169,171,172,173
80,82,85,90,92,93,94,95,97,98,99,101,102,103,105,106,107,108,109,110,111,112,114,117,121,123,128,131,133,135,136,137,141,143,144,148,149,150,151,153,154,155,156,157,163,168,171,172
81,82,87,90,91,92,93,96,97,98,99,101,102,103,104,105,106,107,110,112,114,115,116,117,118,119,120,122,123,124,125,127,129,130,132,133,135,136,137,138,139,141,143,145,148,149,152,154,157,163,166,168,172
82,83,85,86,87,88,89,91,92,93,94,96,97,98,102,105,107,110,113,115,116,119,120,123,124,125,127,129,130,134,136,138,139,140,142,143,144,145,148,149,150,154,155,156,157,158,160,161,162,164,166,167,170,171,172
83,84,88,89,93,94,95,97,103,104,106,107,108,109,110,111,112,113,114,115,116,120,123,125,126,127,128,129,131,133,134,137,140,143,144,146,151,155,156,158,160,164,167,168,173
84,85,87,88,89,90,91,92,96,97,98,99,101,103,104,107,109,110,113,115,116,121,122,124,126,131,132,135,136,140,142,143,144,145,146,150,151,152,157,158,163,164,167,173
85,86,90,91,93,95,96,97,98,99,100,101,103,104,105,106,107,108,112,115,117,118,119,120,122,124,125,126,127,128,130,133,134,136,139,140,141,142,144,146,147,150,151,152,153,155,156,157,159,160,163,164,166,167,168,170,172
86,90,93,95,99,100,102,104,106,108,110,112,113,114,115,116,118,119,120,123,124,125,126,127,128,129,130,131,132,134,135,136,137,138,139,141,143,144,148,150,151,153,154,162,166,169,170,172
87,88,91,92,93,96,97,98,100,102,104,107,108,110,111,113,115,118,119,121,122,123,124,125,127,128,129,132,133,134,135,138,139,141,142,143,145,146,147,150,151,152,154,155,157,160,163,164,165,166,167,168,169,170,172
88,128,130,135,172,144,152,148,156,154,160,161,162,155,164,163,169,159,90,91,92,94,95,96,97,100,101,102,104,105,171,107,108,109,113,147,116,117,118,120,121,125,126
89,90,91,93,94,96,98,99,100,101,102,103,104,105,107,112,113,117,118,119,122,123,124,127,128,132,133,134,136,137,141,142,144,146,147,148,149,150,151,152,153,155,157,159,161,162,164,165,167,170,172
90,92,94,95,96,97,100,101,102,105,106,107,109,110,112,114,117,118,120,122,123,125,127,128,129,130,131,132,133,134,135,136,137,138,139,146,148,150,151,152,153,155,156,157,158,161,163,164,165,167,169,171,173
91,92,93,94,98,99,100,101,102,103,105,107,108,109,110,112,113,118,121,126,128,129,132,133,134,136,137,139,141,143,144,145,147,148,150,151,153,154,155,156,157,158,159,161,162,166,167,168,169,170,172,173
92,93,97,99,105,106,107,108,111,112,113,116,120,121,122,123,125,126,127,132,137,138,139,140,141,142,144,145,147,149,150,151,152,154,155,157,161,163,164,167,168,169,171,172,173
93,95,98,103,104,106,107,108,109,110,111,112,114,116,118,119,123,125,126,127,129,131,132,133,134,136,139,140,142,143,144,145,146,150,152,154,156,160,161,162,163,165,167,168,169,172
94,98,101,103,106,107,108,109,110,113,114,116,117,124,125,128,129,130,133,134,137,142,145,149,150,152,157,159,160,162,163,164,166,167,168,170
95,96,97,101,103,105,108,109,110,111,113,114,117,118,119,120,122,123,124,125,127,128,132,133,136,137,138,139,142,144,146,148,150,152,153,155,156,157,159,160,163,164,165,167,168,170,171,173
96,97,99,100,102,104,105,107,108,109,111,117,121,124,125,126,127,128,130,134,135,136,137,138,139,142,143,144,148,151,153,154,155,156,157,159,160,161,162,165,166,168,169,171,173
97,98,99,100,102,104,107,108,110,113,115,117,118,120,121,125,127,128,129,130,131,135,137,142,143,146,147,150,151,152,153,156,157,158,161,162,165,166,167,169,170,171,172,173
98,99,101,102,103,104,105,106,107,108,111,112,113,115,116,117,120,121,122,125,127,129,130,131,133,134,135,136,138,139,140,142,143,144,145,149,151,152,153,154,155,157,158,159,160,164,165,168,169,171
99,100,101,103,104,105,106,107,108,110,112,114,116,117,119,121,122,123,126,127,128,129,130,131,133,136,137,138,139,140,141,142,146,147,149,150,152,153,154,155,158,159,161,162,163,164,165,166,167,170,171,172
100,103,104,105,106,107,108,110,111,112,113,114,115,116,117,119,120,121,122,124,126,127,128,130,134,135,136,137,138,139,141,144,145,146,147,149,150,151,153,158,159,161,163,165,167,169,171
101,103,105,106,108,109,112,113,114,118,119,120,123,124,125,126,129,130,133,135,136,139,140,141,142,145,146,148,150,153,155,156,157,160,161,167,169,172
102,103,104,106,108,109,110,112,116,118,120,121,124,125,126,127,128,131,132,135,137,138,139,140,142,144,145,146,147,148,149,150,151,152,153,154,156,159,161,162,164,166,167,170,172,173
103,105,106,108,112,114,118,120,121,122,124,126,127,128,131,132,134,135,136,137,138,140,141,146,147,148,149,151,153,159,160,161,162,163,164,165,170,172
104,106,110,111,112,115,116,117,118,119,120,121,122,124,125,126,127,129,130,131,133,134,135,136,138,140,141,142,143,144,145,146,148,149,155,156,158,166,167,169,170,173
105,113,114,115,116,117,118,120,123,124,126,129,133,134,135,136,137,139,140,141,143,145,146,148,151,152,153,155,157,158,159,160,164,165,166,167,168,170,172
106,107,108,109,112,113,115,117,118,120,121,123,124,125,127,128,130,134,135,136,137,139,142,144,145,146,147,148,151,153,154,156,157,158,159,160,161,163,164,165,169,170,172,173
107,108,110,111,112,113,114,116,117,119,121,125,126,127,130,131,132,135,136,137,140,141,144,145,147,152,155,156,157,158,160,161,164,167,172,173
108,110,111,112,113,116,117,118,119,120,122,125,129,130,135,139,142,143,144,145,146,149,151,152,154,156,158,160,165,167,169,170,171,172,173
109,110,111,113,116,117,118,119,120,121,125,129,130,131,132,133,137,138,140,143,144,149,150,151,152,153,155,157,160,161,162,165,169,170,171,172,173
110,111,112,114,116,117,119,120,121,123,124,128,132,134,135,136,137,139,140,142,143,145,146,148,152,153,155,156,157,158,161,163,164,165,166,167,169,170,171,173
111,112,113,116,118,120,121,124,125,126,128,129,132,133,134,137,138,139,140,142,143,144,151,154,155,157,159,161,162,163,165,166,168,169,170
112,113,116,117,119,123,124,127,128,129,130,131,132,135,136,137,139,144,145,147,149,150,153,154,155,156,157,158,163,164,167,168,169,170,172,173
113,114,115,116,119,121,122,123,124,127,130,131,134,136,137,145,147,148,151,154,157,158,159,162,165,166,167,168,169,170,171,172,173
114,128,171,129,136,137,145,162,134,156,170,172,159,160,138,142,143,135,165,116,119,149,121,166,126,127
115,116,117,118,120,121,122,123,124,126,129,130,132,134,135,136,137,140,141,142,144,145,146,149,150,152,154,155,157,163,165,166,168,171
116,117,118,119,120,121,123,124,128,129,130,134,135,137,138,140,141,147,149,150,151,152,153,154,156,160,161,162,165,167,168,169,171,172
117,123,131,133,136,143,144,145,146,147,149,150,152,153,154,160,161,162,164,166,168,169,170,171,173
118,119,120,122,124,125,126,128,129,131,133,134,135,137,140,141,142,144,146,148,154,156,157,159,161,162,163,166,169,171,172,173
119,120,123,124,125,127,128,129,130,134,135,138,140,141,144,146,149,151,152,155,156,157,158,159,161,164,165,166,167,168,170,171,172
120,121,123,125,128,129,130,131,132,135,136,137,138,139,140,143,144,146,148,150,152,156,159,161,162,164,165,166,168,170,171,172
121,123,125,126,128,129,133,134,135,138,139,140,141,143,144,146,151,152,154,159,160,161,162,164,165,170,172
122,128,129,135,139,173,146,131,148,137,155,157,150,162,156,172,151,142,158,138,160,161,149,163,144,140,153,124,127
123,124,125,126,127,128,129,132,133,134,135,136,138,139,141,144,149,152,153,154,155,157,163,165,166,167,168,169,171,172
124,128,129,131,132,133,134,136,138,142,143,145,149,150,151,152,153,154,155,156,157,159,160,161,162,164,165,166,168,169,170,172
125,126,127,132,134,136,144,147,148,150,151,152,153,154,155,156,158,161,163,164,165,167,168,169,170,171,172,173
126,130,131,133,134,135,136,138,140,144,145,146,147,148,149,152,154,155,157,159,160,161,162,165,167,169,173
127,128,133,134,135,136,137,138,140,141,142,144,145,146,147,149,150,153,154,155,158,160,162,164,167,169,171,172
128,129,131,139,141,143,147,149,150,151,152,153,155,157,158,159,161,162,164,170,171,172,173
129,130,131,132,133,135,136,139,141,142,144,145,146,147,148,149,150,155,156,159,160,161,162,163,165,166,168,169,171,172,173
130,131,134,136,137,139,141,144,147,149,151,153,154,155,156,158,161,163,165,166
131,133,134,137,138,139,143,149,151,152,153,154,157,159,160,162,163,164,166,167,171,173
132,133,135,136,138,139,140,142,144,145,147,148,149,150,152,153,154,156,157,159,160,161,164,166,168,169,170,171,172,173
133,134,138,140,143,144,145,147,151,152,153,154,155,156,159,160,162,164,165,166,169,171,173
134,135,137,139,140,145,147,149,150,153,154,158,159,161,162,163,164,165,166,167,168,170,172,173
135,136,137,144,145,147,148,149,150,152,156,157,158,159,160,163,168,170,172,173
136,137,138,141,143,147,148,149,150,151,152,154,156,158,163,164,165,166,167,168,169,170,172,173
137,139,140,143,144,146,150,153,155,156,157,159,163,164,165,166,167,168,169,172
138,140,141,142,143,152,154,155,156,157,162,163,164,165,168,169,170,172,173
139,142,144,145,149,150,151,153,156,161,164,167,168,169,170,171,172,173
140,141,142,143,144,146,150,153,154,156,159,160,163,164,165,166,168,169,171
141,143,144,146,147,148,151,152,153,154,155,157,158,160,161,163,165,166,167,168,171,172,173
142,143,149,151,152,153,154,155,156,157,159,162,165,173
143,145,159,160,171,173,158,167,153,152,166,148,157
144,145,146,147,148,149,153,155,158,159,161,163,164,165,167,168,170,171
145,146,147,148,149,153,156,158,159,160,161,162,163,164,165,169
146,151,155,157,158,160,161,166,168,169,170,171,172
147,149,150,155,156,157,159,164,165,168,169,171,172
148,171,151,154,155,156,157,164,166,172,159,162,165
149,150,153,157,159,163,165,166,168,171,172
150,151,152,155,158,161,163,164,166,167,169,172
151,154,156,157,158,159,160,164,165,166,167,168,170,173
152,156,157,159,161,163,165,171
153,155,157,158,159,161,162,163,164,165,167,168,170,172
154,155,156,157,158,159,160,161,162,164,168,171
155,157,161,163,164,166,169,170,171,172,173
156,157,160,161,162,163,166,168,170,171,172
157,159,160,161,162,163,164,166,168,169,170,172
158,159,162,163,165,167,169,170,173
159,160,162,163,166,168,172,173
160,161,163,169,170,171,173
161,162,163,164,168,171,173
162,163,166,168,170,171,173
163,164,165,166,167,168,169,173
164,165,166,168,170,171,172
165,167,171,172,173
166,167,168,169,170
167,168,169,170,172
168,169,170,171
169,170,172,173
170,171
171,173
172,173
173
