n_nodes:59
n_edges:998
density:0.58328
0,1,4,5,8,10,12,15,17,18,21,22,24,25,26,29,30,31,33,34,36,37,38,39,41,42,45,46,47,48,51,55,57,58
1,2,3,4,6,7,8,9,10,11,14,15,16,19,20,21,22,23,24,26,27,28,32,33,34,35,36,37,38,39,40,42,43,46,47,48,50,51,52,53,58
2,5,7,8,9,13,14,16,17,18,22,23,24,25,26,27,31,32,34,35,37,38,39,47,50,52,53,56,58
3,4,5,13,14,17,19,20,23,26,27,29,31,34,36,37,41,44,45,47,52,53,54,56,58
4,5,6,8,9,11,12,16,19,20,23,26,27,29,30,31,32,33,35,38,41,46,47,48,49,50,51,52,55,56,57
5,8,10,11,12,14,16,20,21,25,26,27,32,35,37,39,42,43,45,46,47,49,52,56,57,58
6,7,8,11,13,15,17,19,20,21,27,28,29,30,31,35,38,40,41,43,45,46,47,48,49,52,54,56,58
7,9,10,11,12,13,14,15,17,19,21,22,24,26,27,28,29,30,31,32,34,37,38,39,41,42,43,44,45,46,47,51,52,53,54,57,58
8,9,10,11,13,14,15,16,17,18,19,21,23,25,27,28,30,34,35,37,38,39,40,43,44,46,47,48,50,51,52,53,54,55,57
9,10,11,17,18,19,20,21,23,24,25,26,28,29,30,32,33,34,35,37,38,39,41,44,45,46,47,48,49,54,56,58
10,11,12,14,18,19,21,22,23,24,25,26,29,31,34,35,36,39,41,43,45,46,49,50,51,53,56,57,58
11,14,15,17,18,23,25,30,33,34,35,36,37,41,42,45,47,49,53,54,57
12,14,18,19,20,22,24,25,26,27,29,30,32,33,35,36,38,39,41,42,43,44,45,48,49,52,53,54,55,56,57
13,14,16,18,19,20,23,24,25,26,28,30,32,33,35,37,38,39,41,43,44,45,47,48,50,51,52,53,54,56,58
14,17,20,22,25,26,27,28,29,31,33,35,36,39,40,41,44,46,47,48,51,52,53,54,55,56,57
15,17,21,23,24,25,29,33,35,36,37,40,43,45,47,48,52,53,54,55,57
16,17,18,19,20,23,24,25,30,32,33,34,35,36,37,38,41,43,45,46,47,48,52,54,55,58
17,21,22,24,27,28,30,33,35,36,37,38,39,42,43,44,45,47,48,50,53,55,56,58
18,19,20,21,23,27,28,31,32,33,34,39,44,45,47,48,50,51,52,53,57,58
19,20,21,22,23,24,25,28,30,32,38,40,41,42,44,47,48,51,52,53,55,56
20,21,22,24,26,27,28,29,30,32,33,34,35,36,39,40,41,42,43,44,45,47,50,51,52,53,55,58
21,22,23,24,25,27,29,30,31,32,33,36,37,38,39,42,45,48,50,51,52,53,54,56,57
22,23,24,26,28,31,36,37,38,39,41,43,44,47,49,51,53,54,55,56
23,25,28,29,30,31,33,40,41,42,44,45,46,47,51,52,55,56,58
24,25,26,27,28,29,31,33,34,35,37,38,39,41,45,47,48,50,51,52,53,57
25,26,27,28,30,32,33,34,35,39,42,43,45,47,48,49,50,52,53,54,56,58
26,29,31,32,33,37,40,42,44,48,49,50,51,52,54,58
27,29,30,31,33,34,38,41,42,43,44,45,46,47,48,49,50,51,52,54,55,56,57
28,30,31,34,35,37,38,46,47,48,49,52,53,54,55,56,58
29,33,34,35,36,37,39,40,43,45,49,50,52,53,54,55,56,57
30,31,33,35,38,39,40,42,46,48,49,50,51,52,53,54,57
31,32,33,34,35,36,37,41,42,44,47,48,51,52,55,58
32,33,34,35,37,38,39,40,42,43,48,50,51,53,55,58
33,35,36,38,39,42,43,44,45,47,48,50,51,55,56,57
34,36,37,38,41,44,46,47,48,49,52,53,54,55,56
35,39,41,42,43,45,46,52,56,58
36,37,38,40,41,42,43,44,45,47,49,50,51,53,55,57,58
37,38,40,43,44,45,48,50,51,52,53,54,55,56,57,58
38,40,41,42,43,44,49,50,52
39,40,45,46,47,48,49,50,51,52,53,55,57,58
40,41,45,46,47,49,50,53,54,57
41,43,44,45,48,49,50,51,52,54,55,57,58
42,43,45,46,47,48,49,50,51,53,54,56,58
43,44,47,48,49,51,52,53,54,55,57,58
44,47,50,51,52,53,54,55,58
45,46,47,50,52,55,57,58
46,47,48,50,52,53,56,57
47,48,49,50,52,53,54,56,57
48,50,53,54,55,57
49,50,51,52,54,55,56,58
50,51,52,53,55,56,57,58
51,53,54,55,56,58
52,53,58
53,54,55,56
54,55,57
55,58
56,57,58
57,58
58
