n_nodes:185
n_edges:4637
density:0.27244
0,129,132,5,6,136,172,10,12,13,142,149,22,179,27,157,158,159,161,163,36,134,40,171,44,48,178,51,30,54,183,57,59,138,62,53,69,70,76,82,85,176,94,95,165,105,109,168,116,120,125,127
1,133,6,9,139,140,14,16,19,21,23,151,29,31,147,34,134,38,42,43,45,49,50,179,52,183,184,58,60,61,64,68,72,75,162,81,83,84,85,88,89,90,93,98,99,103,106,107,111,114,115,116,120,121,122,123,124,149
2,3,132,5,135,11,140,14,143,16,145,20,149,23,156,157,31,162,164,37,167,170,45,178,53,182,55,57,63,64,65,70,71,73,78,81,142,89,181,95,98,99,105,106,107,109,111,114,118,148,122,21,127
3,128,171,5,7,184,140,141,145,18,22,153,26,27,156,150,159,161,34,35,165,40,43,45,174,175,48,56,57,64,66,69,70,72,73,75,162,80,81,87,89,90,98,101,103,107,108,146,111,112,119,125,126
4,130,133,10,140,13,15,152,18,19,22,24,157,30,159,37,38,169,172,173,49,52,181,183,56,180,58,61,75,143,77,85,88,91,92,97,100,102,105,108,109,114,115,119,120
5,128,134,135,136,137,14,17,18,19,27,156,157,30,159,160,176,35,36,38,40,172,46,48,183,59,62,65,67,68,69,72,76,78,82,84,142,87,92,96,98,100,102,103,105,108,111,113,114,131
6,134,7,10,139,13,143,16,21,173,155,29,158,160,37,41,170,45,46,157,181,182,56,138,32,66,70,76,79,80,141,85,86,87,88,91,165,96,99,100,101,104,110,61,169,120,126,149
7,133,184,8,11,140,141,173,145,20,179,155,28,31,39,40,156,42,171,172,45,176,51,180,53,56,58,159,62,64,65,66,67,70,71,77,78,81,82,84,85,86,87,88,94,102,103,105,106,168,115,116,117,118,169,148,123,124,127
8,128,130,132,134,136,10,140,141,147,149,151,153,154,29,30,34,163,37,167,42,172,173,46,47,48,49,51,182,183,56,60,138,62,63,72,74,77,81,84,91,92,93,95,98,99,100,101,102,105,108,157,113,116,117,119,124,127
9,128,145,12,14,15,17,18,147,21,22,152,25,154,175,28,31,33,162,35,36,163,41,170,159,178,46,47,50,51,59,61,65,66,68,76,80,156,83,84,85,87,90,91,93,99,100,102,142,105,146,111,119,121,124,125,149
10,130,135,18,19,149,150,151,26,27,29,159,33,35,164,134,38,169,174,175,176,136,51,155,184,57,146,65,66,67,69,161,73,78,82,83,84,88,93,95,100,103,105,106,107,108,109,180,63,126
11,128,129,137,12,14,15,144,147,21,154,153,26,156,29,31,160,164,165,39,40,28,42,171,44,174,157,178,172,181,56,59,63,65,68,71,83,86,87,89,96,103,106,167,108,110,112,118,41,124
12,129,134,128,13,14,143,20,24,154,155,28,159,34,163,36,39,168,41,42,174,47,49,179,52,181,55,184,59,60,61,63,65,69,74,75,76,77,79,121,91,93,108,110,112,115,120,148,123,126
13,130,171,133,137,132,141,145,146,19,20,178,150,23,152,25,154,27,158,159,163,36,37,39,168,42,43,173,175,49,50,179,53,182,183,56,59,181,64,65,140,80,81,87,89,93,165,98,103,104,105,106,107,111,112,113,153,122,124,125
14,128,131,135,130,142,15,145,18,147,148,149,22,154,155,28,150,159,32,33,34,163,156,170,176,44,46,48,177,178,179,57,59,64,66,67,69,70,72,73,80,81,84,91,93,95,96,97,99,106,107,108,110,140,117,118
15,128,132,134,136,138,145,149,23,24,154,157,160,176,36,165,38,167,40,41,42,172,173,48,57,60,61,65,164,70,75,76,81,83,84,142,89,90,94,97,102,104,110,168,115,118,122,123
16,128,131,132,135,172,139,140,130,142,17,153,30,33,163,134,39,169,43,44,173,47,49,51,54,55,56,61,62,67,68,72,78,84,85,86,92,93,99,100,101,102,103,112,117,123,126,127
17,64,100,130,70,97,72,74,98,161,143,80,81,83,84,22,105,88,89,179,28,150,128,96,34,36,134,39,92,135,173,136,19,52,162,73,116,122,138,169,63
18,129,130,139,146,148,150,152,26,27,156,154,31,161,162,35,37,166,167,172,45,48,178,52,137,59,62,63,67,70,55,76,77,83,85,89,91,93,94,97,100,101,104,113,117,120,121,183
19,136,137,139,140,147,149,151,26,157,158,160,161,162,38,39,168,41,170,43,173,46,48,54,183,184,62,63,68,72,77,82,83,88,90,94,98,100,106,113,119
20,129,131,133,136,151,130,171,149,23,153,27,28,157,158,159,161,35,164,166,39,42,135,172,178,46,47,176,49,50,52,30,58,62,71,76,80,163,85,79,93,100,106,112,117,119,121,127
21,132,136,140,141,144,25,154,157,159,34,37,38,39,41,170,43,44,174,175,49,179,180,181,60,62,63,64,68,74,75,79,80,82,84,86,88,89,91,165,96,98,100,101,103,108,112,116,118,119,123,125,127
22,129,136,138,139,141,143,167,149,150,157,34,163,164,37,166,39,41,44,50,181,55,184,60,61,62,65,66,74,162,80,83,84,142,90,93,94,95,98,99,102,103,104,107,108,110,115
23,68,133,101,76,66,141,147,84,85,150,87,182,90,79,28,157,95,96,34,155,37,38,105,42,171,46,174,113,178,179,117,54,55,160,163,170,62,127
24,129,130,131,133,137,139,142,152,25,26,156,158,159,32,163,36,39,168,169,170,171,46,177,50,56,58,62,64,160,70,73,75,80,84,93,97,99,100,101,103,104,105,110,116,124
25,128,129,130,133,136,173,147,148,152,154,28,158,161,165,38,168,169,42,43,172,45,46,180,181,183,58,60,62,66,78,141,83,87,89,90,91,92,93,94,96,98,101,103,110,174,112,117,119,120,124,149
26,129,130,133,142,152,151,157,161,36,38,39,40,41,170,171,178,46,47,176,50,52,54,184,57,138,169,63,65,139,68,69,71,73,78,79,82,84,147,88,89,182,95,98,100,102,103,106,110,115,131,118,119,121,122,125,126,127
27,128,139,131,149,152,154,155,156,29,30,133,161,37,38,177,40,43,173,46,175,176,49,51,52,181,182,183,56,76,77,78,141,82,84,165,97,99,100,166,104,105,108,111,112,115,116,117,121,126
28,128,131,132,149,150,154,29,32,33,36,165,177,171,46,49,179,180,53,137,57,59,151,61,67,72,55,79,84,87,89,93,100,101,108,110,112,115,117,120
29,131,132,133,140,146,157,158,31,160,161,36,177,40,170,173,47,49,180,184,138,65,32,73,75,76,81,86,93,96,101,102,103,107,111,112,114,117,121,122
30,135,172,139,141,142,145,150,151,152,153,157,31,32,133,36,38,42,44,45,50,179,52,53,183,61,62,181,65,67,72,160,78,82,93,100,102,109,111,113,115,148
31,131,136,143,144,145,148,152,153,156,32,36,37,166,39,42,171,45,174,157,176,177,178,52,158,54,137,56,60,61,181,75,81,82,85,121,88,89,94,165,96,97,106,110,119,55,123,170
32,128,131,133,44,141,145,147,153,155,159,160,112,134,38,172,175,51,54,183,56,65,182,71,74,78,79,81,86,91,95,99,102,107,157,59,117,125,126
33,160,130,69,70,72,143,148,149,88,89,155,167,94,159,96,97,34,123,36,39,170,107,44,173,177,176,108,114,172,116,158,180,59,60
34,130,135,140,141,147,153,155,156,162,35,169,42,172,178,46,47,48,177,50,55,58,59,64,175,70,71,74,163,86,87,89,92,95,96,98,100,101,102,145,105,106,107,112,113,119,121
35,129,136,139,140,145,131,156,157,161,165,39,173,177,51,54,137,57,58,60,61,66,68,73,183,76,162,78,81,83,84,88,90,92,148,100,106,112,114,116,121,124,127
36,129,130,142,161,163,164,165,39,168,169,170,174,47,48,157,179,56,57,59,65,73,77,79,85,87,92,94,96,100,101,103,167,108,111,112,125
37,51,131,138,143,147,148,149,157,166,39,42,43,175,179,182,55,64,69,72,73,76,77,79,81,84,89,95,96,109,113,115,117,127
38,130,131,135,132,141,142,146,133,155,166,167,41,42,45,174,47,52,53,54,57,58,60,65,139,68,69,72,74,76,78,79,80,173,82,163,84,85,86,91,182,97,98,99,101,104,108,109,110,116,121,149
39,142,143,153,157,158,167,170,44,45,176,183,163,59,61,63,139,161,72,76,141,164,82,83,84,85,89,90,91,92,94,95,98,99,100,102,145,104,110,115,117,119,123,124,125
40,129,132,141,146,131,148,153,154,155,156,159,133,167,171,44,48,49,178,54,59,61,66,182,71,74,75,82,83,86,91,96,97,107,108,110,111,112,116
41,75,68,69,135,72,162,78,144,179,146,83,153,88,89,143,159,97,98,163,104,43,168,111,112,49,137,136,123,183,126
42,128,130,131,134,144,145,147,150,152,175,157,163,43,46,47,176,180,55,56,58,59,151,64,65,139,71,74,184,83,89,143,92,166,102,112,117,118,119,125
43,179,129,137,143,145,147,154,158,161,155,164,44,178,47,49,50,172,52,54,58,59,62,64,175,67,182,71,72,82,83,84,85,86,87,94,98,100,103,131,120,125,127
44,130,131,134,136,137,140,145,146,148,154,159,164,166,173,46,49,178,158,182,183,58,168,63,67,80,81,83,87,94,96,100,103,104,113,114,115,125,126,127
45,132,137,138,139,148,151,154,155,156,163,166,167,171,174,182,67,72,75,135,87,88,153,91,92,93,109,111,116,117,120,122,123,125,127
46,179,132,140,144,145,154,167,169,171,173,174,48,177,178,115,52,55,57,68,70,77,79,80,81,152,91,92,94,96,99,100,105,107,147,120,126,127
47,130,132,134,143,145,137,153,154,163,157,54,55,184,67,182,72,73,76,83,84,89,91,144,105,106,109,112,117,118,136,123,124,127
48,64,130,135,137,138,76,173,148,165,99,101,169,125,109,111,113,147,116,182,120,122,60,61
49,131,132,133,134,146,153,152,159,167,170,157,50,51,52,53,54,183,184,180,62,64,67,68,182,77,78,87,91,92,103,108,110,113,116,120,148,124,149
50,132,133,135,136,138,142,145,149,153,155,160,162,165,129,172,178,51,53,55,57,63,64,65,66,152,73,183,77,81,84,90,92,95,148,101,104,107,108,112,118,120,121,124,126
51,129,140,141,142,143,149,151,153,166,172,173,128,54,137,59,160,66,71,74,75,78,81,86,87,92,94,96,144,99,104,105,109,110,112,113,121,127
52,128,130,135,136,144,157,160,162,155,165,175,181,54,58,159,60,61,64,65,71,73,74,79,84,85,86,87,89,91,94,95,100,101,102,106,108,115,118,123,124,127
53,128,68,130,72,73,140,66,77,145,146,148,86,151,88,90,91,162,99,164,104,170,107,172,112,180,118,120,122,168,61,62
54,179,134,137,143,145,148,150,152,154,160,161,162,164,177,170,176,178,183,56,59,63,65,68,80,184,82,85,86,92,105,107,108,168,115,120,124,125,126
55,129,132,133,136,137,151,142,145,178,152,153,155,157,158,161,163,164,169,171,173,177,179,58,60,61,68,69,75,76,77,78,85,96,100,103,106,114,170,121,125
56,129,130,144,162,177,173,174,136,159,62,64,68,78,80,82,87,88,164,91,93,95,96,102,103,106,107,111,113,116,119,121,124,126
57,135,144,147,150,152,157,158,159,162,168,175,177,180,184,59,138,69,70,75,76,80,83,84,90,97,98,102,105,107,109,113,114,115,116,120
58,130,131,133,136,138,139,140,141,152,149,151,157,159,160,165,179,64,66,67,70,71,85,89,91,99,100,101,171,108,109,113,117,118,119,153,122,123,125,126,166
59,130,138,144,150,152,155,157,183,63,64,160,69,140,76,89,182,96,106,167,110,111,112,114,115,118,122
60,132,137,148,153,154,162,164,167,169,170,176,173,180,183,62,63,66,69,70,140,74,75,79,81,89,93,94,95,98,99,100,107,108,110,112,114,121,123,125,126,127
61,130,133,138,148,149,153,154,158,170,69,70,79,82,163,92,95,97,99,100,167,108,109,110,117,118,121,126,127
62,138,140,143,152,151,159,162,165,166,170,172,174,175,178,179,63,64,68,73,80,86,89,90,94,95,101,104,105,111,113,147,150,120,148,125
63,131,69,177,130,136,84,87,175,182,133,176,99,139,102,168,106,146,111,112,72,122,125
64,138,140,151,153,155,159,161,164,166,168,172,173,181,67,68,71,75,77,78,79,80,82,86,87,165,96,98,100,178,107,113,117,118,120,123,125
65,131,132,141,145,149,155,162,168,171,179,158,66,69,70,75,76,77,78,79,82,88,89,94,97,166,103,105,144,107,110,112,114,116,117,119,123,127
66,151,140,141,162,164,169,172,177,69,79,85,87,88,89,91,92,93,94,95,96,101,102,108,110,114,116,123,126
67,128,129,134,141,143,144,145,147,148,150,153,175,163,165,177,168,156,135,180,181,182,74,76,80,83,84,142,86,91,102,104,106,146,111,112,121,124
68,128,129,140,141,143,148,152,158,160,161,164,167,170,171,175,73,75,76,81,82,84,85,88,89,90,95,100,166,109,116,117,169,120,183
69,129,130,132,148,151,152,153,156,160,162,174,175,177,128,181,182,74,77,142,86,89,92,98,105,117,122,124,127
70,129,141,153,155,158,159,163,164,134,169,170,171,173,183,73,74,78,80,83,142,86,87,152,94,97,99,103,104,108,109,110,111,112,113,117,124
71,128,179,132,150,162,144,147,84,86,148,153,92,157,159,97,100,103,156,111,112,114,118,119,127
72,128,130,138,131,148,133,164,177,179,184,73,77,80,87,92,144,100,103,104,105,167,108,112,117,119,121,125,126
73,132,135,137,140,144,149,154,159,162,166,167,173,174,184,163,75,79,80,83,86,87,165,97,105,108,110,111,113,119
74,129,130,134,137,138,139,143,144,148,152,163,164,173,175,136,178,140,77,78,79,82,87,90,95,99,102,103,106,113,115,117,119,122,125,149
75,130,133,134,146,131,148,152,154,158,161,166,167,175,159,183,78,81,82,90,95,97,98,104,107,110,147,120,124,125,127
76,131,139,141,176,169,173,178,155,181,182,137,184,163,134,175,143,77,83,87,91,165,97,148,104,105,167,108,146,118,120,121,123,124
77,129,130,131,141,151,152,158,162,155,175,176,177,184,140,79,88,91,100,106,107,109,114,115,119
78,129,171,132,137,147,148,154,159,165,168,135,172,174,175,176,97,88,90,95,144,101,106,111,113,115,160,122,166,127
79,132,87,146,89,90,100,163,103,168,105,170,171,114,102,179,181,130,180,140,126,85
80,136,138,139,147,150,156,158,159,160,168,173,172,180,137,184,84,85,89,93,96,99,103,109,115,119,148,149
81,134,151,156,162,164,165,168,178,142,175,177,181,182,95,84,85,87,89,143,94,96,98,101,102,103,105,149
82,128,134,143,146,148,159,161,162,170,172,177,178,138,182,83,88,89,94,101,105,119,122,125,127
83,128,171,133,140,151,160,164,165,174,176,178,180,147,163,89,90,96,98,100,101,105,167,108,114,115,116,117,118,153,122,123,126,127
84,128,131,146,147,157,160,170,173,174,180,179,182,138,86,91,135,94,99,171,167,110,155,113,114,115,122
85,131,128,151,152,137,153,154,155,129,172,173,175,159,86,88,91,93,94,100,102,104,109,111,113,148,123,125,126,127
86,130,132,137,138,175,146,147,151,155,164,139,167,169,157,176,183,184,134,162,88,91,97,99,100,166,108,111,118,119,120,125,127
87,128,130,132,138,144,171,150,152,133,161,168,169,175,181,137,159,139,183,162,90,91,92,93,97,98,100,101,106,107,123,126
88,130,133,137,139,142,173,148,155,129,135,179,183,138,97,99,103,104,111,114,169,121,122
89,137,131,152,163,164,172,173,177,178,139,130,161,143,92,95,165,98,103,105,167,109,113,147,117,169,121
90,178,133,140,144,131,149,152,158,159,165,171,173,175,184,91,92,99,100,103,104,111,114,115,153,122,123,124
91,128,130,135,138,141,143,132,175,157,163,176,179,137,177,94,97,98,99,166,167,108,110,112,168,124
92,135,141,142,146,151,159,161,163,166,167,172,174,175,181,184,96,98,178,112,116
93,134,129,139,152,149,150,151,156,173,142,178,144,145,105,174,113,114,117,118,120,148,125
94,140,142,154,155,156,158,162,165,170,181,184,95,98,100,102,104,106,167,113,114,122,124
95,132,133,135,138,140,130,145,146,149,172,160,141,96,97,105,167,108,118,119,122,123,125
96,179,135,144,150,154,169,172,173,157,176,180,183,165,99,104,110,174,117,153,123
97,171,153,157,167,135,173,109,174,111,177,179,116,119,120,149
98,135,138,140,144,145,153,152,150,133,160,165,170,174,180,184,102,171,169,122,123
99,131,132,133,129,138,140,130,145,146,157,172,173,183,142,166,104,106,167,114,116,122
100,140,142,132,154,159,147,157,177,179,138,152,144,167,108,112,115,119,120,137,122,126,127
101,132,135,145,148,150,159,167,169,170,171,181,103,105,106,109,110,115,118,119,120,123,124,125
102,138,142,146,149,153,184,156,163,171,182,103,104,107,109,110,116,119,120,122
103,132,134,135,137,143,131,161,173,178,172,141,104,111,113,121,122,149
104,130,136,139,144,145,148,151,153,156,158,161,165,173,174,175,176,177,167,113,114,117,123
105,129,139,143,144,146,148,163,171,173,177,180,184,138,110,116,121,122,123
106,136,150,175,154,158,161,162,164,129,181,180,138,163,131,108,157,168,114,115,120
107,132,118,120,153,154,143,158,182,145,124,135,157,169,123,183,126,117
108,129,135,137,145,154,155,160,163,167,156,183,138,164,165,119,125
109,179,161,136,137,139,141,145,150,152,143,173,163,178,169,176,125,110,120,123,166
110,128,130,131,136,141,144,153,161,165,181,182,184,114,117,120,124,126,166
111,128,139,145,146,147,153,159,160,167,170,178,158,137,141,184,114,115,116,119,123,125
112,138,142,149,150,151,152,177,182,184,175,140,160,162,156,119,120,127,170,126
113,132,134,143,148,151,152,179,155,157,158,160,161,164,171,183,181,165,121,124,126
114,128,134,136,137,175,144,184,176,135,159,163,167,161,179,120
115,137,138,146,151,162,155,166,156,174,177,158,183,140,117,127
116,130,131,133,134,138,141,143,156,160,161,162,163,167,129,170,135,174,175,155,182,183,168,126
117,130,133,134,137,138,166,168,171,172,181,183,184,148,124,125,127
118,130,141,145,155,135,158,160,180,168,169,174,176,147,119,184,121,127
119,133,143,156,159,165,175,179,182,147,131,124
120,130,131,133,129,132,173,147,151,155,158,161,162,165,146,177,179,180,182,140,124,127
121,128,130,182,141,143,131,149,154,151,158,164,165,172,178,174,181
122,132,136,138,139,140,145,147,148,151,162,172,175,177,179,182,123
123,134,142,151,152,154,158,164,165,166,170,178,161
124,128,132,133,144,152,146,150,175,156,157,158,159,162,164,165,129,172,181,183,180,141,136,126
125,132,135,136,138,139,140,143,154,159,161,163,168,169,137,141,171,167
126,130,137,141,145,147,150,151,156,154,159,162,165,171,173,180,183,138,140,178
127,137,130,143,146,149,152,158,169,178,181,180
128,146,148,150,157,159,139,167,156,172,173,176,178,144
129,137,152,133,162,177,146,142,168,170
130,132,162,137,140,155,156,154,160,163,169,178,161,184,148
131,132,145,152,158,162,164,156,176,169,160,183
132,133,135,137,142,145,148,150,151,153,154,161,136,143,144
133,139,146,147,155,164,173,157,179,160,175,141,178
134,135,172,139,146,150,152,153,155,162,167,171,174,181,183,184,145,136,170
135,137,139,140,145,149,157,163,167,170,174,177,183,138,144
136,139,140,146,151,155,156,157,166,176,177,138,143,153
137,143,145,148,161,165,166,168,170,180,184,139,147,141,163,169
138,148,149,151,161,162,164,169,172,174,179,180,183
139,143,154,159,162,164,168,181,184,173,166
140,143,146,152,161,162,169,173,175,142,144
141,144,148,152,154,159,155,172,174,177,181,183,160,153,149
142,154,150,163,169,173,179,180,182,184,181,144
143,179,144,145,146,158,162,181,183,184,182,170
144,153,165,168,177,182,159,149
145,148,171,150,153,154,156,161,164,165,179,181,158,174
146,149,150,152,179,155,156,158,163,165,177,171,173,172,180,182,183,181,168
147,155,156,157,167,168,169,175,178,160
148,173,150,153,156,162,177,175,180,178
149,157,162,164,167,169,178,175,176,181,161
150,151,155,161,163,168,172,174,176,178,182
151,173,155,158,164,166,170,171,172,180,184,181,183
152,157,160,162,155,168,159,176,166
153,173,167,154,157,161,165,174,180,160
154,155,164,165,170,175,173
155,157,176,182,184,180,168,166,178
156,173,160,170,171,174,178,162
157,167,166,169,172,173,158,182,181,160,177
158,172,159,166,168,177,181
159,162,173,183
160,163,164,165,172,174
161,162,172,176,183,164
162,166,167,172,176,181,180
163,176,177,179,180,183,166,169
164,172,184,165,166,173,174,180,181,182
165,167,170,173,181,180
166,172,176,171,183
167,172,178,180,182
168,181,174,178,184
169,179,184,183,174
170,178,179,183
171,175,179,183,184
172,173,174,175,180
173,180,181,182
174,179
175,180,176,177
176,183,180
177,179,181,183,184
178,182,183
179,183
180,184
181,182,184
182
183
184
