n_nodes:136
n_edges:3042
density:0.33137
0,1,4,7,8,11,13,14,15,17,18,19,21,22,132,26,29,32,39,40,41,43,44,45,49,52,53,57,58,61,63,64,66,68,69,71,72,77,78,80,82,83,88,92,93,95,97,99,103,104,113,115,117,125
1,129,5,11,14,18,19,20,22,23,26,27,30,35,38,44,51,52,56,59,60,64,65,67,72,77,79,81,82,83,84,85,89,92,95,97,102,104,107,109,115,116,119,124,125,127
2,128,7,8,11,12,13,20,26,27,30,32,35,37,38,41,42,43,48,49,50,51,53,56,57,58,61,68,71,74,79,82,86,88,90,135,98,100,101,103,105,110,112,113,117,119,120,121,124,127
3,129,4,8,11,14,15,16,17,19,20,23,132,26,27,28,30,31,34,35,38,40,42,50,56,59,62,66,69,75,78,81,84,87,91,92,93,109,114,118,120,121,124,125,126
4,128,130,132,7,10,13,14,16,17,131,20,21,30,32,39,41,46,49,52,53,54,56,64,65,68,72,73,74,76,78,79,80,84,100,101,103,104,105,107,108,109,113,116,118,126
5,11,97,6,71,75,12,78,16,115,82,86,23,124,28,29,30,95,33,98,101,39,41,135,44,47,49,51,53,118,105,120,58,60,125,117
6,128,65,130,107,132,7,9,131,75,12,77,14,16,88,19,20,85,24,25,71,91,90,69,96,33,34,36,101,133,113,40,105,43,44,109,80,76,49,115,117,118,123
7,131,9,17,18,19,20,23,24,25,27,34,36,134,38,41,42,44,46,50,56,57,63,64,67,70,76,77,80,83,84,86,87,90,94,95,96,97,99,101,102,111,114,115,116,118,120,121,124,125,127
8,128,135,19,21,22,23,25,26,27,31,35,36,37,40,41,42,43,44,52,53,54,55,56,60,62,67,69,74,79,80,83,84,85,87,88,89,91,95,96,103,105,106,110,112,113,115,117,120,122
9,67,72,73,74,12,80,82,85,30,95,96,35,101,38,103,41,107,18,111,112,49,123,53,121,63,21
10,128,132,133,13,14,16,18,19,21,22,23,24,25,27,28,29,31,32,33,35,36,43,44,47,51,61,63,64,70,74,77,78,79,86,89,90,95,99,102,106,116,122,123,125
11,132,134,135,128,130,14,15,18,19,22,23,24,27,28,29,33,38,42,44,45,46,47,50,52,54,55,56,59,60,65,67,69,75,79,88,89,95,98,102,105,106,108,109,110,113,114,116,119,122,125,127
12,64,128,67,72,74,126,76,77,79,83,86,23,127,89,98,29,94,96,34,100,101,103,124,43,45,111,117,54,134,122,123,60,125,62,63
13,128,133,134,71,74,75,76,130,15,82,83,20,86,88,132,79,29,94,95,32,33,101,103,40,42,135,45,49,106,116,53,55,120,57,123,124,61,117
14,129,19,21,22,25,27,30,32,35,134,135,44,45,47,128,52,53,54,58,61,62,66,71,74,75,79,82,83,84,90,91,92,97,99,102,103,105,110,111,117,123,125,127
15,64,66,68,69,134,129,73,128,109,79,82,84,22,89,27,29,30,95,96,97,123,101,38,119,44,45,111,49,50,115,52,55,116,59,125
16,128,65,71,72,77,103,79,80,124,19,21,68,26,27,90,31,67,35,100,37,102,39,41,43,44,114,111,99,49,91,83,54,55,57,70,74,134,63
17,64,66,105,72,73,128,78,19,84,86,87,68,71,28,31,32,107,99,100,101,38,104,41,43,96,47,52,131,54,55,127,125,126,63
18,132,20,21,25,37,40,42,44,47,49,50,128,52,53,56,61,63,71,72,73,74,77,78,79,80,82,84,85,87,94,96,102,103,108,114,121,123,126
19,133,21,23,24,27,29,34,35,40,41,43,44,48,49,128,53,55,56,59,65,67,71,73,75,76,80,81,90,94,95,97,98,100,109,112,113,117,118,123,124
20,131,22,23,29,32,134,39,48,52,62,63,65,66,68,69,130,71,74,75,77,79,84,86,88,89,90,92,96,99,102,104,109,114,119,120,121,122,124,126
21,66,70,97,75,76,130,79,81,86,25,26,91,92,93,95,96,33,36,114,39,40,42,45,80,111,112,50,115,119,74,127
22,131,132,133,128,24,26,27,28,30,32,36,40,41,45,48,59,62,65,66,67,68,69,71,77,79,81,84,86,90,93,94,97,98,102,117,121,125
23,24,26,28,31,32,33,34,35,133,42,45,49,52,53,55,56,57,58,60,68,70,71,73,74,78,80,81,82,84,87,91,92,93,94,95,97,100,102,103,104,106,107,110,118,122,123,125,126,127
24,128,83,67,77,78,115,81,84,85,92,93,130,122,33,99,36,70,38,39,40,106,71,46,113,114,51,118,55,57,121,123,60,61,62,127
25,130,131,133,37,42,43,44,45,47,53,54,56,60,61,62,63,67,70,71,81,85,86,87,93,94,95,96,97,99,100,102,104,106,108,111,112,123,126
26,132,86,134,71,77,82,83,84,89,90,30,95,96,35,36,37,102,39,124,42,43,44,45,49,50,54,57,123,60,125,126,127
27,132,133,134,32,33,36,129,43,45,47,49,53,55,57,58,65,69,74,78,80,82,83,84,87,90,91,92,93,100,103,105,106,109,110,131,117,118,120,122
28,135,29,31,133,34,40,48,50,51,52,54,55,58,59,60,61,63,68,72,73,74,77,78,79,88,91,93,95,96,101,104,108,113,114,116,117,123
29,130,134,135,30,31,32,33,36,39,40,41,42,48,51,54,57,58,67,69,85,86,89,91,94,97,98,100,106,107,114,120,121,123,126
30,128,134,132,33,35,37,42,48,52,56,57,63,65,73,75,77,78,82,86,87,91,93,95,96,100,105,106,108,115,118,119,121,123
31,133,71,108,98,79,67,84,90,34,36,37,40,105,106,44,45,46,93,50,51,52,120,63
32,129,107,130,135,87,109,77,80,99,110,132,90,91,38,81,41,43,45,46,125,114,115,52,117,54,55,121,123,74,62,63
33,130,131,135,133,34,35,37,38,41,42,44,46,48,49,50,52,56,57,58,60,62,67,75,76,77,78,80,81,87,88,91,92,95,97,98,104,107,116,120,123,126,127
34,129,132,133,35,37,41,42,135,44,45,47,49,52,55,56,58,61,62,68,69,77,81,83,85,88,90,91,95,99,100,101,107,112,113,114,118,122,127
35,64,68,69,65,87,130,81,86,67,90,133,99,102,39,104,42,43,108,109,47,52,118,57,58,124,125,126,127
36,130,131,133,39,40,41,42,44,47,48,60,63,67,68,75,79,80,82,85,86,88,90,94,95,96,99,101,102,103,106,110,115,116,121,123,127
37,128,131,132,130,39,40,44,46,55,56,57,58,59,60,62,63,64,67,70,71,76,79,84,88,91,92,93,95,99,100,101,102,103,104,105,109,111,112,114,119,125
38,64,97,69,130,76,66,82,83,87,71,79,93,94,98,91,131,101,102,81,41,42,43,108,46,113,73,58,61,63
39,128,130,131,129,132,133,40,43,46,50,52,58,59,62,68,69,70,71,72,75,80,84,86,92,97,98,102,107,108,111,113,118,123
40,64,69,135,74,119,78,81,89,90,107,67,102,104,92,42,103,110,48,49,115,131,55,127
41,65,115,70,132,66,78,82,85,87,68,90,86,69,102,81,111,112,51,116,73,56,57,122,60,127
42,134,46,47,49,52,54,58,59,66,68,130,71,72,73,74,76,86,88,92,94,96,97,98,101,103,104,105,111,113,114,117,122,123,127
43,64,69,65,73,119,79,86,87,118,81,104,103,106,71,110,111,112,113,114,123,116,53,54,105,59,61,127
44,132,133,46,49,128,52,54,55,56,59,134,66,68,71,72,73,77,78,79,80,82,84,86,88,89,96,99,100,102,105,108,109,115,116,117,126,127
45,65,115,132,128,76,79,80,81,83,97,123,96,106,103,78,109,46,112,51,126,56,87,95,60,125,62,63
46,64,129,107,118,134,76,135,80,87,91,101,98,123,100,104,71,47,49,117,54,57,59,124,106,63
47,132,134,133,49,50,51,52,53,58,59,60,61,63,66,71,72,75,76,80,83,88,92,97,102,103,104,107,108,109,112,114,118,121,123,125,126,127
48,64,100,69,130,71,129,74,66,78,89,92,96,123,134,102,97,108,109,93,112,113,116,117,105,58,59,125,62,127
49,132,50,51,52,53,64,66,130,75,77,80,82,83,84,87,88,90,93,94,98,101,102,103,108,115,116,117,120,121,122,123,125,127
50,128,129,54,57,59,63,64,65,66,67,69,70,71,73,74,75,82,84,87,88,90,94,95,98,100,106,108,112,113,114,117,123,124
51,134,113,72,73,111,76,126,78,82,84,85,91,94,97,103,95,125,112,52,117,56,59,106,62
52,130,131,128,54,55,56,63,67,70,75,76,78,80,83,87,89,90,92,98,99,100,103,104,106,107,108,110,112,114,115,116,119,121,125
53,135,132,130,133,54,55,57,58,61,69,71,77,82,83,85,86,87,90,95,98,99,100,102,103,106,107,118,121,124
54,64,65,66,67,70,71,108,74,130,79,78,95,97,102,109,113,115,135,132,127,85,63
55,128,131,134,135,57,60,61,64,66,68,72,74,75,81,82,84,88,90,92,93,96,102,106,109,114,116,117,121,122,124,127
56,131,133,70,108,74,130,101,123,82,103,104,67,94,89,59,124,63
57,64,133,70,74,75,112,81,84,122,86,98,103,71,109,87,114,116,58,126,117
58,67,71,73,74,126,79,125,131,121,85,69,112,104,105,108,114,123,119,59,106,62,63
59,135,67,129,134,65,73,77,80,81,75,120,71,91,94,107,102,104,92,117,105,121,119,124
60,128,67,100,65,73,78,79,75,86,111,90,69,133,104,135,76,113,115,116,121,122,134,127
61,64,67,98,70,129,72,109,80,82,89,90,93,128,99,100,134,103,112,113,114,115,116,118,121,125,127
62,96,130,68,69,70,97,74,98,115,67,89,92,101,102,106,108,111,119,84,124,125,126,63
63,129,131,133,64,74,79,86,88,91,97,104,110,112,113,114,117,118,119,124,126,127
64,131,133,132,65,66,67,70,72,73,74,75,76,77,78,80,82,84,86,89,90,91,135,94,95,98,99,100,102,105,129,111,112,113,115,120,121,122,123,124
65,130,69,128,75,81,82,88,89,90,86,80,98,131,101,111,99,113,105,120,114,134,127
66,130,69,135,118,74,82,67,87,90,111,86,93,96,98,100,103,114,110,128,116,117,120,122,127
67,128,131,133,70,72,76,77,79,85,86,90,91,93,102,107,108,110,111,114,118,120,122,125,126
68,71,119,76,98,78,83,89,93,107,92,115,105,120,106,127
69,129,130,71,72,73,84,87,88,95,97,99,101,104,108,109,112,114,118,126
70,128,73,75,76,88,121,92,95,100,102,104,71,114,111,112,115,117,105,123
71,132,72,77,78,81,82,83,85,86,93,94,99,102,103,105,106,110,113,118,119,121,122,123,127
72,130,133,129,132,73,74,75,76,80,81,87,90,91,92,93,94,95,98,100,101,106,110,111,114,124,125
73,134,75,76,78,81,87,88,90,91,93,95,102,104,106,108,111,116,118,120,121,123,126
74,135,75,76,78,79,84,88,89,91,92,94,96,97,98,102,103,105,106,111,114,117,119,121,123,124,127
75,135,134,78,79,80,83,85,86,87,90,95,96,131,101,108,109,113,115,116,117,119,120,123,126,127
76,132,79,115,82,86,121,91,92,94,99,97,107,108,120,116,123,109,85
77,130,86,131,125,93,102,129,110,111,112,118,119,120,122,94,126,127
78,129,83,84,85,89,91,92,93,97,99,101,102,104,106,113,114,116,117,118,123,125
79,135,130,80,83,84,86,88,90,93,94,98,102,106,107,108,109,117,125
80,131,118,128,81,84,111,125,99,101,107,112,108,119,122
81,133,129,85,87,135,95,96,98,101,103,104,105,107,109,110,111,112,113,116,120
82,131,129,135,130,85,86,87,92,98,99,103,111,113,117,121,124,125
83,130,134,113,84,86,132,100,103,104,105,108,116,109
84,130,133,134,131,132,129,91,92,97,100,101,108,109,111,112,115,117,118,119,120,122,123
85,86,90,91,92,94,134,103,129,106,107,113,127,126,117
86,128,131,135,130,92,94,95,96,103,104,108,113,118,119,120,126,127
87,96,100,103,110,122,95,98,102,104,111,112,114,123
88,125,130,98,93,95,96,99,133,124,127,118,120,122,119,106
89,132,92,95,97,90,103,105,135,109,114,115,118,119,116,122
90,134,91,93,95,97,98,104,109,111,112,115,117,120,121,126
91,96,97,115,113,103,105,107,93,112,114,134,102
92,130,134,131,95,98,104,110,112,114,115,116,117,118,119,122
93,128,134,112,131,105,107,125,114,115,124
94,100,115,134,120,95,97,98,102,103,104,108,111,116,113,121,117
95,134,96,103,109,110,111,112,113,117,120,121
96,97,98,99,103,110,125,114,116,124,106
97,128,99,103,104,106,109,114,115,116,117,118,127
98,135,130,99,103,104,108,113,114,119,120,121,123,124,127
99,129,130,102,105,107,109,110,112,113,115,118,119,120,122,124,125,127
100,128,102,103,105,107,109,132,116,122,126,117
101,110,130,105,111,112,116,117,119,124,125
102,131,132,129,107,108,110,113,114,116,121,126
103,128,130,107,108,109,111,112,114,120,122
104,130,129,128,132,106,118,119,120,121,122,124,126,127
105,131,135,130,134,107,108,113,120,122,123,124,126
106,128,115,131,135,123,122,111,116,119
107,128,130,129,111,134,108,119,120,124,125,127
108,129,130,133,109,112,114,115,118,122,124,125,127
109,128,132,133,112,135,111,124,126
110,132,133,127,122,113,117,118,116,123
111,132,119,113,128
112,128,129,132,117,119,120,121,122
113,135,130,115,117,124,127
114,134,131,118,122,127
115,131,133,129,116,120,121,122,124,126
116,130,134,129,117,123,125,127
117,128,129,135,120,121,124,126
118,128,130,131,120,122,127
119,134,129,126
120,131
121,129,131,122,125,135
122,130,131,132,135,123,127
123,131,132,125
124,128,130,133
125,134,129
126,130
127,131,133,134,130,129
128,135,132
129,130,134,135
130
131,135,133
132,133
133,135,134
134
135
