n_nodes:213
n_edges:6496
density:0.28771
0,130,7,9,13,17,205,19,149,22,137,153,28,157,160,36,165,38,40,170,171,44,46,49,178,182,55,184,58,59,60,61,190,191,198,193,203,196,70,72,73,202,75,77,141,82,212,85,88,164,91,186,97,101,145,106,108,109,189,168,117,119,120,126
1,5,134,135,8,9,139,13,14,15,150,151,152,201,157,159,160,34,163,164,165,40,169,171,45,178,179,180,53,137,185,64,32,70,71,73,78,81,82,35,84,89,90,37,95,98,209,109,211,116,117,118,124
2,130,196,5,7,137,10,11,13,15,144,20,21,150,23,153,26,155,156,154,158,31,133,164,37,38,168,41,135,44,45,46,177,178,52,181,186,139,68,197,75,205,78,80,81,82,85,88,143,93,94,98,166,209,108,109,112,113,116,122,125
3,129,4,5,138,140,17,18,19,149,22,23,24,175,30,160,33,34,35,36,163,168,174,46,47,178,209,182,58,187,62,191,66,196,198,199,200,74,75,204,162,78,190,81,83,86,87,88,89,152,205,186,95,96,165,98,101,145,107,108,146,110,111,113,211,117,121,122,123,125
4,128,192,132,5,135,9,138,140,13,15,16,18,131,171,151,25,154,27,157,158,133,33,163,39,168,43,173,46,175,52,58,187,60,61,62,64,194,203,196,70,72,73,75,204,77,208,83,167,95,96,188,98,105,106,107,108,110,111,113,211,117,125,127
5,128,134,135,8,9,139,12,14,143,17,146,131,149,150,23,26,27,154,30,31,161,162,163,39,41,170,172,174,157,200,50,51,53,59,151,190,64,71,72,204,78,79,210,84,86,88,167,93,187,158,101,104,188,106,107,113,19,124
6,149,134,135,138,11,16,145,18,147,21,22,151,153,26,27,156,29,158,159,160,34,155,164,166,168,41,170,172,174,48,50,209,180,58,188,189,62,63,72,73,76,78,207,81,210,83,84,85,90,91,93,96,99,212,17,108,111,112,113,211,118,119,121,123,127
7,131,150,134,12,141,142,143,16,17,146,147,20,149,22,23,157,32,33,162,164,169,42,44,173,51,181,54,55,184,59,60,62,191,66,67,196,199,194,201,75,76,205,79,209,82,83,86,87,90,92,96,99,102,104,188,106,109,112,204,187,170,121,125,195
8,131,135,136,137,143,144,17,205,19,20,24,154,155,33,34,164,165,38,168,41,171,44,178,55,58,188,61,66,196,71,201,162,206,79,210,87,93,95,98,99,166,145,107,108,112,113,114,147,169,124
9,134,129,11,141,14,16,17,21,150,24,25,174,156,29,33,35,164,167,41,42,171,172,46,48,49,180,182,56,57,58,60,189,191,192,70,161,200,177,203,204,206,13,184,82,83,84,86,88,79,93,199,99,102,103,110,111,211,120,124,127
10,129,132,134,130,14,18,20,153,157,158,197,160,33,34,164,167,168,43,172,46,49,178,54,55,59,189,62,195,68,182,198,71,200,74,205,211,212,85,87,88,199,96,97,187,100,105,106,107,112,113,116,119,120,122,124
11,128,131,196,133,184,139,140,13,158,16,152,18,19,20,21,24,25,154,155,30,31,32,34,35,37,171,174,177,50,52,53,54,55,56,180,187,188,61,63,192,181,68,197,200,183,76,162,79,141,82,212,89,92,98,101,209,106,107,110,112,117,137,191
12,130,131,196,137,14,143,144,43,147,171,150,23,152,25,156,29,161,162,35,164,37,166,40,135,172,49,180,181,55,186,189,192,203,68,69,198,72,73,74,75,78,79,208,209,82,83,212,89,94,95,165,101,102,106,107,108,110,168,183,118,119,200,125
13,131,133,134,143,16,145,18,150,23,29,30,31,32,34,163,164,165,177,40,169,170,43,44,173,176,49,178,52,158,54,55,56,180,58,159,60,190,63,192,160,200,73,187,203,162,80,84,90,94,95,97,98,99,100,188,144,108,110,112,116,117,119,121,124
14,131,139,146,195,20,149,150,152,153,154,29,30,33,162,36,38,167,171,47,49,50,179,158,182,137,184,187,191,193,67,196,69,140,55,76,78,79,81,82,83,84,86,90,207,95,97,98,101,108,110,115,116,117,212,123
15,128,43,137,132,45,144,17,18,131,148,23,25,156,159,160,161,162,163,167,40,41,171,173,177,50,182,55,57,187,61,67,200,75,78,83,153,91,93,100,101,178,39,112,168,120,183
16,129,130,171,133,142,143,146,147,148,21,132,28,157,158,31,32,33,35,36,134,40,169,42,43,172,173,48,49,180,53,54,201,185,188,190,64,65,67,161,73,208,81,82,211,84,87,92,99,101,102,103,104,210,117,120,121,122,195,125,149
17,138,141,144,145,18,19,150,152,153,175,30,32,163,164,134,38,168,42,135,45,47,50,158,54,187,189,190,63,65,181,200,204,80,173,82,83,212,87,96,98,178,107,113,170,120,125
18,133,136,137,144,205,19,148,196,24,132,29,33,162,163,38,167,169,170,171,174,48,181,56,57,58,191,152,147,211,199,201,204,77,141,208,209,35,85,185,90,79,186,96,99,100,102,104,110,112,115,118,123
19,129,132,128,140,131,20,21,151,24,26,155,29,30,133,160,34,165,38,39,172,45,46,176,177,179,54,183,57,59,60,138,190,63,64,139,197,198,204,162,207,208,210,87,88,94,95,96,97,98,166,109,113,117,118,119,123,127
20,128,129,133,140,143,205,23,153,179,155,29,31,161,37,166,39,168,184,43,45,175,48,49,50,51,52,56,185,58,187,60,138,64,65,194,195,197,70,72,73,203,204,198,79,80,81,82,212,142,87,176,89,90,92,93,165,100,102,178,104,177,112,113,200
21,128,133,135,142,146,23,152,26,29,160,36,134,39,40,43,47,176,50,52,182,55,202,58,60,61,62,193,66,68,69,74,76,206,79,80,210,212,86,207,92,96,101,106,112,113,115,190,118
22,128,139,140,143,144,145,147,148,150,25,155,156,29,159,32,162,36,165,166,167,168,41,170,43,173,46,177,192,179,58,59,61,190,64,193,71,201,79,83,84,85,86,87,89,90,95,97,99,100,106,109,110,112,116,169
23,128,129,132,136,138,139,142,201,147,153,26,30,133,160,161,197,163,164,166,40,41,42,173,176,200,178,51,180,59,55,184,31,189,192,196,69,199,72,73,74,206,210,83,86,99,131,103,105,107,113,116,121
24,132,138,140,143,175,159,160,161,36,169,171,172,173,44,179,180,57,31,60,66,33,73,74,203,76,207,80,81,212,185,88,90,92,93,95,99,105,108,146,115,204,187,119,121
25,130,133,135,138,194,142,145,147,148,151,196,201,27,32,163,164,40,43,172,48,49,178,51,180,55,56,57,188,191,192,66,67,68,198,73,204,205,206,80,85,87,89,143,92,100,105,106,110,111,116,117,119,124,126,127
26,128,136,137,140,141,142,146,175,133,160,34,35,166,177,40,172,46,47,49,179,52,185,58,193,70,72,74,76,208,82,87,88,90,93,95,107,108,109,112,113,120,122,123,124,125,127
27,51,132,135,139,145,147,154,158,33,34,168,41,42,46,175,50,179,52,57,182,201,202,185,58,188,189,191,192,198,72,73,74,203,211,86,87,89,98,116,169,153,63,125,126
28,130,133,136,140,142,143,152,153,154,30,160,161,163,36,166,167,40,42,171,44,176,177,51,180,182,57,188,189,32,49,197,70,71,201,202,203,76,206,207,209,83,90,91,94,38,114,122
29,128,130,131,138,155,156,31,32,161,38,39,44,45,175,178,179,52,53,137,180,59,60,192,160,196,197,198,199,76,209,210,84,85,87,90,91,159,94,98,99,212,166,105,146,111,112,113,121,125
30,142,143,148,149,155,159,161,165,44,46,177,51,52,53,55,61,64,198,70,201,141,81,83,212,87,90,207,95,97,99,100,209,104,108,109,114,120,121,122,123,124,126,85
31,132,134,137,140,173,178,153,179,155,160,162,35,164,38,43,45,48,50,51,53,56,61,192,194,68,197,70,199,72,201,203,76,141,80,184,163,207,94,96,97,166,103,105,106,107,110,189,113,114,204,117,148,122,123,126
32,130,131,132,136,190,143,146,149,151,152,33,129,169,176,46,47,48,50,179,55,185,186,59,60,61,62,63,196,197,73,202,75,76,77,79,86,90,205,93,94,100,101,106,113,114,115,116,117,125,126
33,139,175,143,152,154,157,159,155,36,177,40,41,193,173,174,47,206,136,179,207,138,137,56,187,61,62,64,65,196,69,198,76,78,190,208,81,83,85,87,89,91,182,95,144,99,102,108,110,113,116,117,169,121,123,125
34,133,129,146,147,149,152,154,156,35,36,37,166,39,169,174,47,50,55,185,190,191,192,194,198,71,72,75,77,79,80,209,163,84,90,91,93,165,96,205,167,109,157,114,118,120,212,122,127
35,128,133,136,141,143,149,152,155,157,160,176,163,44,45,46,48,51,181,54,137,185,58,60,192,66,67,69,70,194,74,204,78,207,80,82,83,139,206,86,88,90,92,186,94,96,97,99,101,103,104,105,110,174,113,114,115
36,128,130,133,134,129,136,141,143,152,175,150,162,38,169,170,176,44,47,48,49,179,54,183,185,58,187,60,61,193,66,67,68,182,70,161,72,73,75,76,77,78,79,100,101,194,110,113,116,117,121,123,126
37,145,146,150,151,155,156,159,161,163,164,48,197,45,174,47,176,177,178,51,180,181,182,60,189,62,53,193,66,196,54,201,203,76,205,207,80,209,82,97,99,101,111,117,63,124
38,209,141,173,145,150,153,191,165,167,169,44,45,47,50,181,54,55,184,58,62,63,64,195,196,182,198,199,183,77,81,89,92,98,99,101,39,146,147,121,123,124,126,127
39,128,129,137,138,139,141,146,196,154,156,158,159,133,176,163,170,172,174,48,49,51,180,53,182,55,184,57,58,187,63,193,194,68,197,70,201,75,76,205,81,212,85,185,166,107,108,111,119,121,191,124,125,127
40,130,135,137,139,145,146,148,150,152,155,157,160,165,168,41,42,199,173,46,47,176,49,179,182,55,56,59,61,63,198,193,175,68,70,161,77,189,156,212,89,90,205,97,187,100,104,105,110,111,118,170,121,125
41,129,131,132,135,130,144,145,149,152,154,158,159,162,165,167,170,45,174,136,52,53,54,56,60,191,192,193,67,68,69,70,199,73,202,75,78,82,83,212,86,94,96,102,106,110,112,114,115,116,119,125,126,127
42,128,132,138,141,142,143,145,147,152,153,154,157,158,197,160,176,166,169,44,45,175,48,177,172,180,53,61,190,66,67,196,69,198,201,76,81,82,86,88,89,93,95,144,98,100,103,210,110,189,114,116,118,127
43,130,131,135,136,153,152,154,155,161,165,168,170,172,45,47,53,58,159,61,62,181,64,65,68,69,198,200,204,202,75,76,206,79,83,90,143,92,94,96,187,104,196,108,112,211,118,120,122,126,149
44,129,137,139,195,150,151,197,160,162,165,135,172,47,177,50,51,180,158,54,55,59,61,190,63,64,65,66,67,68,69,70,199,72,183,182,205,209,82,212,85,87,88,90,92,95,96,187,166,194,107,189,114,118,120,121,122
45,179,134,129,137,141,142,146,171,150,151,152,185,161,168,135,159,174,157,48,172,180,55,57,59,60,198,65,197,70,200,204,211,79,163,85,121,176,89,92,165,188,187,145,104,105,113,147,116,148,126
46,135,136,140,144,146,156,164,177,49,50,51,53,55,184,185,59,190,181,192,147,74,77,79,81,212,88,207,92,95,96,97,101,104,111,113,115,118,119,121,123,124,126
47,146,131,149,150,156,154,158,159,164,170,173,175,177,180,56,185,58,168,188,61,62,192,193,68,72,203,208,82,84,85,87,92,187,212,166,103,105,111,113,119,120,121,123,200
48,129,130,131,132,133,193,140,141,173,145,144,149,156,157,158,161,162,169,49,50,179,182,137,57,58,159,63,65,164,68,197,198,71,187,205,79,80,209,83,85,89,90,93,94,165,96,97,99,100,195,106,116,117,120,122,191,124
49,130,132,134,143,146,153,152,157,161,163,178,177,50,52,182,185,168,60,189,191,67,198,200,202,78,207,81,84,142,87,164,90,92,94,99,100,102,103,105,107,113,115,118,148,122,124,127
50,172,131,137,140,144,145,148,179,157,161,155,167,169,170,175,51,183,57,61,66,67,196,197,198,77,163,139,88,97,98,101,105,106,103,108,112,117,121,127
51,128,131,132,134,136,137,141,144,145,147,174,148,157,160,168,178,179,180,53,182,57,163,189,65,195,69,198,200,75,78,207,208,81,82,83,212,185,88,186,94,98,101,103,104,107,211,153,121,123,126
52,131,133,136,143,145,159,161,165,167,168,178,53,55,57,61,181,192,139,68,69,201,74,77,78,211,206,121,88,94,102,104,105,106,111,116,118,148,123,149
53,128,134,135,151,152,159,163,164,166,175,178,185,60,61,191,65,194,195,97,203,77,81,84,87,144,59,101,103,104,107,108,189,120,212,125,126,127
54,128,192,132,133,136,173,150,152,154,156,161,167,168,193,61,174,189,178,179,180,182,57,58,138,63,64,65,194,67,211,71,75,204,205,80,83,212,185,164,91,93,96,98,166,102,103,105,108,110,111,147,122,125,126
55,149,130,171,134,172,144,148,154,157,159,170,135,176,178,179,158,56,185,58,60,202,62,181,65,195,197,71,201,74,160,204,162,78,80,184,211,212,142,87,89,91,93,98,105,106,151,206,117,153,124,127
56,130,131,133,135,142,149,157,160,162,166,167,172,173,176,178,180,64,139,69,73,204,77,78,205,86,92,95,96,105,113,115,116,118,169,148,125,126,127
57,128,130,134,135,139,142,145,185,159,162,168,169,170,197,177,180,59,60,61,62,63,64,66,69,70,73,202,75,143,207,79,208,83,84,87,91,92,93,94,188,187,102,103,105,108,204,118,121,127
58,128,133,129,138,140,143,171,152,132,150,160,134,170,173,179,181,188,61,63,65,175,67,196,182,200,74,75,77,206,141,80,81,82,193,84,85,203,164,207,94,165,209,104,105,106,108,210,189,112,211,117,119,122,125,126,127
59,129,130,132,134,137,192,194,142,174,153,150,161,162,163,164,165,169,170,135,175,176,178,128,180,189,191,64,65,66,203,158,74,160,76,206,208,81,82,211,84,86,87,88,95,97,98,107,113,114,119
60,128,130,201,133,149,139,140,150,153,154,158,161,174,179,180,187,61,62,181,192,66,70,200,73,202,75,76,77,80,210,163,84,85,185,88,164,90,91,208,99,101,102,104,105,109,110,112,114,117,169,120,212,122,125,127
61,131,141,158,201,146,147,185,196,154,156,163,167,178,176,183,189,63,65,194,68,69,70,71,72,73,74,206,208,211,87,88,91,92,186,104,161,110,111,112,168,121,123,125
62,129,130,133,137,143,145,152,154,155,157,162,168,169,173,179,202,138,134,191,192,160,194,197,70,201,74,75,76,81,210,83,87,88,198,95,165,98,101,103,107,113,114,116,121,166,183,127
63,135,136,137,148,152,156,197,139,173,174,177,178,183,190,67,68,69,198,199,73,74,76,205,78,141,211,84,92,96,166,104,112,147,118,119,120,123,125,127
64,128,138,146,149,132,150,161,163,165,167,168,170,174,186,67,198,72,73,202,80,211,86,93,208,98,101,105,106,110,147,119,123,166,127
65,128,129,130,135,136,209,140,141,146,195,149,150,155,156,157,160,168,175,200,178,190,193,67,68,161,72,201,74,75,77,79,80,81,82,87,89,90,92,96,187,101,145,107,110,118,119,148,124,125,126
66,139,140,156,162,135,174,179,189,190,68,69,70,74,76,205,207,163,84,85,90,95,165,98,187,101,103,104,106,108,110,115,118,119,122,124,170,126,127
67,130,140,141,145,150,152,153,155,164,165,177,178,176,183,202,196,197,198,204,74,143,79,208,209,82,211,85,88,90,91,92,98,101,103,111,114,121,127
68,128,129,132,193,172,175,142,146,195,148,153,155,157,176,163,177,184,187,138,190,192,139,196,200,73,74,75,206,79,164,81,87,89,90,91,93,97,99,167,110,113,140,169,202,149
69,171,132,134,135,136,138,144,152,153,155,185,159,166,173,174,176,177,178,182,183,187,188,197,200,73,204,77,79,208,81,82,83,87,91,92,96,97,99,101,102,209,189,105,111,112,117,118,123
70,134,129,136,138,140,141,143,150,160,162,165,166,135,176,187,192,196,197,198,74,81,83,84,85,86,95,100,209,107,109,110,111,114,121,125,127
71,128,130,131,140,147,149,152,202,154,155,158,164,166,173,175,181,184,188,190,193,196,204,73,74,76,205,206,207,81,82,85,91,93,95,96,98,99,101,106,109,110,113,114,116,119,121,124
72,138,139,147,150,152,154,133,164,165,168,169,170,173,179,183,184,186,151,196,197,198,201,75,77,78,205,208,210,84,206,88,89,94,96,100,102,104,111,115,122,123,124,125
73,130,133,138,196,158,159,162,163,134,170,171,172,174,175,178,209,193,195,204,76,77,141,81,210,211,87,89,90,91,97,99,102,103,188,112,121,191,125,127
74,151,152,156,157,165,166,172,189,183,201,77,207,79,80,209,211,212,85,203,91,96,208,109,111,113,114,119,191,126
75,130,142,131,148,149,163,135,200,178,180,183,194,147,81,210,86,186,102,103,105,108,110,111,113,115,116,120,122,127
76,130,131,136,138,140,194,142,148,162,159,176,180,184,189,192,200,206,207,80,209,212,90,165,98,101,188,110,111,112,119,121,123,124,85,127
77,134,135,138,140,144,148,174,155,159,166,167,169,170,177,183,180,194,198,162,80,209,82,90,94,98,104,105,109,210,111,168,119,122,127
78,136,130,144,145,131,155,159,163,167,170,171,174,182,192,196,161,203,141,209,83,85,87,88,90,91,92,199,104,107,108,111,114,115,116,118,191,124,126
79,128,141,143,144,147,151,155,150,133,163,170,135,174,178,179,181,137,187,188,190,201,160,162,206,207,80,81,210,193,212,203,88,89,92,99,101,102,106,108,109,173,183,122,124,125
80,192,132,133,143,144,146,150,153,154,167,174,177,184,190,195,183,82,86,88,152,186,97,98,101,102,210,111,113,118,119,120,121,124,125
81,135,139,141,143,146,147,155,160,169,175,180,182,183,184,189,203,200,206,83,86,207,92,94,95,187,101,110,114,115,116,117,170,126,127
82,179,172,136,128,151,158,161,167,171,182,137,194,202,183,206,205,193,139,203,87,186,199,95,212,102,104,105,120,121,123,125
83,128,129,130,136,139,144,146,149,164,166,167,168,173,137,184,188,191,196,202,207,208,156,211,84,185,89,90,91,93,94,95,97,100,104,110,115,116,190,118,212,122,124,126,127
84,128,130,129,149,152,155,156,159,163,198,177,135,172,137,193,195,196,194,202,162,141,212,85,88,90,101,105,107,157,116,117,123,126
85,135,140,149,156,160,134,168,169,177,181,182,185,192,193,197,204,203,205,209,87,92,97,100,101,104,111,115,124
86,141,143,154,150,133,166,173,177,179,183,189,190,191,203,196,201,187,204,207,163,88,93,94,96,208,99,103,105,106,107,110,111,117,123,124,125,126,149
87,128,130,150,137,142,156,162,155,166,145,170,173,180,195,198,202,203,209,88,96,97,131,103,144,110,154,114,147,116,189,121
88,128,134,140,130,143,145,156,185,172,160,161,168,169,173,176,177,182,184,180,192,193,198,199,204,205,211,206,91,93,95,96,97,131,195,178,108,109,110,189,112,115,117,212,122,125
89,142,143,201,152,154,158,159,160,162,155,163,172,175,176,177,179,182,186,187,188,194,195,202,203,204,205,206,208,209,90,207,94,165,103,106,108,168,119,200,127
90,133,137,140,144,151,193,162,134,166,170,173,178,180,163,191,192,199,194,202,203,205,164,210,93,95,97,98,99,101,103,104,105,110,111,116,117,120,121
91,129,133,141,142,144,145,146,188,149,160,165,167,170,185,187,203,205,208,212,206,143,95,97,99,161,110,117,120,124
92,134,137,138,142,145,147,150,151,155,156,197,165,181,192,194,199,200,202,203,205,139,152,93,94,97,195,103,104,106,110,189,112,117,148,122,126,149
93,132,142,150,151,156,134,169,199,172,173,180,187,188,189,191,193,197,200,162,206,205,185,94,95,96,165,98,100,101,102,104,105,107,114,115,117,120,122,124
94,171,134,139,140,130,144,147,153,161,162,163,172,175,182,159,188,190,191,192,193,197,208,210,99,106,108,110,112,121,122,124,126
95,132,159,162,166,172,181,182,184,185,188,194,208,98,103,114,120,121,170
96,128,133,145,141,152,155,156,185,161,165,167,210,193,177,179,181,183,176,192,204,206,208,184,174,199,131,101,103,109,110,111,112,117,118,126,127
97,131,134,140,154,156,159,162,169,172,173,180,182,184,185,163,188,193,194,195,198,204,212,101,104,106,108,168,114,118,119,121,122,127
98,128,140,130,143,141,148,152,153,154,197,160,162,164,169,171,172,175,181,184,189,139,182,194,204,202,183,206,209,211,144,166,102,103,108,109,110,113,190,170,122,192,124,125,127
99,128,130,131,145,149,153,156,160,162,167,171,172,173,186,189,192,193,198,141,210,212,165,100,166,103,107,109,111,114,124
100,129,130,133,142,144,145,147,154,156,161,163,169,170,171,178,184,185,186,190,199,201,205,209,106,111,121,122,125
101,130,134,135,137,145,131,150,153,155,157,193,169,170,177,184,191,196,201,203,163,207,195,209,188,106,115,116,120,124,125,149
102,128,133,143,147,150,156,157,160,180,167,168,135,172,181,201,187,190,191,192,198,202,204,182,208,148,103,188,106,108,210,110,111,113,117,121,126
103,132,135,139,141,143,145,146,147,154,155,156,157,161,162,177,171,189,196,199,204,207,210,105,109,111,113,114,121,125,127
104,130,134,136,137,141,152,155,159,163,167,169,170,177,180,192,181,199,203,205,209,212,186,207,118,123,200
105,192,132,186,151,143,146,147,184,160,166,167,176,179,116,193,203,202,208,173,182,106,180,117,119,120
106,134,135,137,139,142,144,145,151,161,168,172,178,181,182,184,180,188,190,193,198,208,176,207,113,120,124,126
107,135,143,144,149,156,154,161,165,166,170,157,176,182,183,185,188,189,192,194,139,140,203,201,193,209,108,112,212,125
108,133,138,139,140,145,149,175,156,154,197,160,162,164,134,169,157,179,183,187,188,190,181,198,182,130,200,210,142,185,109,110,116,117,122,191
109,132,130,157,159,160,161,167,170,172,174,183,186,190,193,195,203,206,208,209,210,147,118,123
110,133,193,131,149,157,198,176,177,178,185,159,139,182,194,140,141,146,111,114,115,189,122,123,124,126,195
111,132,136,138,146,154,158,159,160,162,197,176,177,178,184,187,188,193,194,199,209,112,206,115,117,119,121,122,123,124,127
112,128,131,132,140,142,151,153,156,159,191,164,167,168,178,157,176,177,180,193,139,196,206,207,208,210,146,113,115,189,169,148,123,124,125,126
113,139,130,146,154,165,145,176,138,160,203,201,204,206,208,114
114,129,133,172,209,139,142,146,149,150,152,153,156,164,165,166,171,176,179,183,184,189,193,196,119,208,163,203,188,116,187,124
115,136,137,140,141,144,152,147,149,154,184,156,157,161,162,171,176,179,186,187,192,193,195,197,207,208,142,203,146,119,121,124,127
116,133,134,129,143,146,148,156,159,165,166,168,176,172,178,179,180,188,191,194,195,197,200,142,164,206,169,153,122,125
117,130,129,137,143,146,148,149,157,169,175,179,180,184,160,139,198,199,201,183,165,121,124,195
118,130,171,172,139,140,194,144,147,149,151,157,197,160,161,134,177,173,186,198,199,200,203,204,207,185,165,123,174,119,121,127,124,125
119,192,130,193,137,143,145,150,163,166,172,184,138,195,196,198,200,201,209,212,167,120
120,130,134,136,139,140,141,142,144,146,156,159,161,168,169,174,180,185,187,196,199,200,201,143,205,206,209,191,124,126
121,132,179,137,143,147,149,199,155,156,159,180,165,169,135,176,189,184,186,198,196,203,190,212,166,161,208,185,126,195
122,133,134,135,137,146,131,148,153,155,176,163,169,174,178,172,189,191,195,197,199,201,186,188,144,126
123,128,192,130,133,136,141,143,144,149,150,155,160,165,168,169,170,172,184,185,186,188,194,196,207,164,125,127
124,131,207,139,143,141,146,148,174,151,154,159,160,162,163,170,199,173,157,180,158,187,191,198,204,202,205,210,211,144,167,200
125,133,136,137,139,143,167,150,151,158,159,162,164,177,178,179,183,185,187,196,161,204,205,145,191,210,200,127
126,141,148,151,164,165,167,159,189,191,196,194,201,205,207,206,166,169,202
127,130,131,135,136,142,143,148,149,153,137,155,160,163,164,187,189,196,206,210,212,185,188,167,204
128,131,142,153,150,159,163,168,190,198,200,204,165,158,167,154,212,170
129,130,134,139,173,146,150,196,156,158,162,164,165,166,167,168,171,177,172,181,182,151,192,194,199,202,205,186,144,187,188,212,148
130,131,137,145,195,163,157,179,186,138,191,196,207,184,160,144,189
131,144,146,148,171,132,154,175,162,135,172,173,181,183,188,191,194,139,196,201,184,209,189,204
132,192,134,136,140,141,145,148,150,151,154,156,161,155,164,146,168,173,178,183,188,160,195,200,210,212,182,187
133,134,184,137,143,155,170,171,151,175,178,181,183,194,139,182,199,173,210,163,212,188,146,211,149
134,151,137,153,201,162,165,169,193,172,174,182,192,160,194,199,141,207,198,168,190
135,137,138,194,144,205,171,150,153,197,198,166,175,177,182,203,184,207,187,183
136,193,139,144,145,154,165,166,170,180,177,184,185,192,201,202,207,209,206,198
137,138,150,162,165,181,182,183,184,185,186,189,139,198,199,200,201,205,173,142,143,159,187,212,178
138,192,140,141,146,196,150,155,156,159,197,164,198,169,172,173,175,180,181,191,193,194,195,203,206,208,209,212,152,186,167,204,190,153,148
139,146,154,158,162,164,163,166,197,175,176,179,181,180,183,168,193,195,182,199,204,206,212,187,211
140,193,144,145,149,158,176,166,167,168,171,172,179,180,182,187,189,190,191,201,206,152,210,195,148
141,207,209,148,156,157,161,162,165,169,177,180,158,201,184,190,192,196,203,208,164,181,167,146
142,196,143,145,152,154,175,197,161,162,166,174,157,176,180,158,188,193,185,198,209,211,144,170
143,209,152,147,149,151,157,167,172,176,178,188,191,196,201,202,207,163,212,186,148,208,180
144,178,156,159,160,165,172,173,184,187,190,194,161,203,209,212,208,145
145,149,153,156,185,176,162,180,182,184,186,192,194,197,200,209,206,169
146,151,155,161,163,164,193,209,185,168,188,195,198,200,210,187,157
147,192,151,152,157,161,155,169,171,200,181,183,185,186,187,188,190,193,198,201,202,204,210,173
148,209,150,151,153,184,156,161,181,186,198,206,173,212,178,191
149,154,175,161,167,168,193,172,173,178,181,186,191,195,197,198,200,202,204,205,206,184,212
150,171,173,195,151,152,153,154,161,193,174,180,185,189,194,203,209,207,198,188,168
151,153,155,156,160,161,162,164,169,179,182,185,187,196,199,203,205,173,209
152,158,159,175,178,180,184,188,192,160,181,162,209,156,163,164,186,208,195,161,169,212,170
153,195,196,162,163,168,156,173,182,194,200,202,206,165,188,169,166
154,195,167,160,163,165,172,173,176,180,185,191,198,202,203,205,209,211,212,188,171,200,189
155,171,207,196,164,166,170,178,176,209,180,182,184,191,192,194,200,202,204,208,163,205,195
156,211,167,159,170,157,198,194,201,204,162,206,165,168,191,200
157,178,184,159,193,165,171,172,180,185,186,188,194,199,200,201,203,204,162,206,207,208,173,163,168,170
158,201,159,160,161,162,166,168,176,179,193,194,200,183,203,187,169
159,170,186,188,189,190,192,199,183,208,209,210,206,185,176,204
160,179,193,171,176,178,182,198,194,196,204,163,186
161,192,209,176,162,163,174,175,183,184,197,198,199,207,173,206,165,178
162,209,165,166,167,170,200,181,182,196,197,194,184,205,169,212
163,193,169,170,174,175,201,185,181,203,199,205,173,210,165,188,167,177,212,191
164,195,174,199,179,184,190,197,203,208,210,212,165,188
165,179,172,182,202,190,191,196,203,212,166
166,168,169,173,176,180,186,187,195,196,203,209,182
167,196,168,172,173,189,190,193,195,197,198
168,171,169,172,174,176,184,186,187,194,196,182,198,199,209,210,212,185,177,189,211
169,172,177,191,193,199,203,204,206,212,188
170,171,201,178,176,200,179,180,181,188,195,199,175,208,211,187,183
171,197,172,181,190,191,192,194,195,196,199,200,207,211,212,187
172,175,174,176,181,182,185,186,190,195,197,200,204,206,173,211,212
173,197,200,181,183,192,193,205,207,211,190
174,197,199,179,180,201,189,195,200,206,205,208,211,190
175,201,176,177,180,183,185,189,191,198,203,206,193,186
176,193,196,177,178,179,190,191,198,199,200,183,189
177,196,181,182,187,188,189,190,192,193,194,209,210,208
178,193,195,179,190,196,198,205,210,183,191
179,200,190,196,182,199,203,210
180,205,185,186,189,182,198,204
181,187,191,193,197,198,200,204,212,199
182,190,193,196,198,205,211,210
183,184,187,192,194,198,206,190
184,200,186,189,192,193,195,197,204,207,203
185,195,196,198,200,212,211
186,200,188,203,199,201,206,209,208
187,197,198,194,201,203,205,208,210,195
188,207,189,195,206,212
189,196,195,199,200,205,207,208,211,212,210
190,194,201,205
191,202,194,207,209,212
192,196,195,197,200,204,202,208
193,197,208,209
194,203,200,204,202,205,207,212
195,197,199,204,206,207,209
196,210,200,206
197,200,202,206,207,209,210,211,212
198,207,211
199,203,205,212
200,204,202,207,210
201,204,209,207
202,204,210
203,205
204,210
205,209
206,211,212
207
208,209,210
209,212
210,212
211
212
