n_nodes:150
n_edges:6770
density:0.60582
0,1,2,3,7,13,16,17,18,19,21,23,24,25,26,27,28,29,30,31,34,35,36,37,39,40,43,45,48,49,50,52,54,56,57,59,60,61,62,63,64,65,66,68,69,70,74,76,77,78,81,82,86,87,88,89,90,93,94,97,99,104,105,106,109,110,113,119,122,123,124,126,127,128,129,130,131,132,133,134,135,136,138,140,142,143,144,145,146,147,148
1,2,3,4,5,6,9,10,11,12,14,16,17,20,21,22,23,26,27,28,29,32,33,34,35,37,38,39,40,44,45,47,50,51,52,54,58,60,61,62,63,64,66,67,68,69,70,71,72,73,74,79,80,83,84,85,86,87,88,89,95,96,98,99,100,101,102,103,105,106,107,110,111,114,115,116,117,118,119,120,123,124,126,127,130,131,132,133,138,139,140,141,142,145,148
2,3,5,6,8,9,10,11,12,13,14,17,18,19,20,22,23,24,25,26,28,29,30,31,33,34,36,37,40,41,42,43,44,45,47,48,49,50,52,53,54,55,56,57,58,59,60,61,64,65,67,69,71,72,73,75,77,78,79,81,82,83,87,88,91,96,98,101,102,104,107,108,109,110,111,113,114,115,116,117,118,119,120,121,122,124,125,126,130,132,133,134,135,136,137,138,140,141,142,144,145,146,148,149
3,6,7,8,9,11,13,14,15,17,18,19,20,22,23,25,27,28,33,34,35,37,38,39,40,41,42,44,45,47,48,49,51,52,54,55,57,58,59,60,62,63,64,65,66,67,68,70,72,74,75,76,78,79,83,84,86,88,90,91,92,93,94,96,98,99,100,101,103,104,106,108,110,111,113,114,115,117,118,119,120,121,122,123,125,128,129,130,131,132,133,137,138,139,140,141,145,146,148
4,7,9,11,12,13,14,17,20,23,24,25,26,30,32,34,38,39,40,42,43,45,46,47,48,53,54,57,59,61,62,63,64,65,66,67,68,69,70,71,73,74,75,77,79,80,81,83,86,87,89,90,92,93,94,96,98,99,100,101,102,103,106,107,108,109,110,112,114,115,117,118,119,122,124,127,128,129,130,131,132,133,134,135,136,137,138,141,142,143,144,146,149
5,7,9,10,11,12,13,14,16,18,19,20,22,23,24,25,26,27,28,30,31,32,33,35,36,37,38,40,42,44,47,48,49,50,51,54,55,56,57,58,62,70,71,72,73,75,76,77,78,81,83,86,87,89,90,91,92,93,94,95,97,99,101,102,103,105,106,111,112,113,115,116,117,119,120,121,123,129,134,135,136,137,138,139,140,141,142,145,148
6,8,9,10,12,13,14,15,19,20,24,25,26,27,28,29,33,34,35,36,37,38,39,40,41,43,45,46,48,50,51,52,53,54,55,56,58,59,60,62,63,64,65,66,70,74,76,77,79,80,82,83,84,86,87,88,90,93,94,95,96,97,98,99,104,105,106,107,109,110,111,113,115,116,120,121,124,128,129,130,131,133,134,138,140,142,144,145,147,148
7,8,12,13,14,16,18,20,23,24,25,28,29,30,31,32,33,34,36,39,40,41,42,43,44,48,49,50,51,52,53,54,58,61,62,63,64,70,71,73,74,75,77,78,79,80,81,82,83,84,88,90,91,92,95,97,98,99,100,101,106,108,109,110,112,115,116,117,118,120,121,122,124,125,126,128,129,130,133,134,135,138,139,140,141,143,144,149
8,9,11,13,14,15,17,18,20,23,24,26,27,29,30,31,32,33,34,37,39,40,43,44,45,47,49,50,51,52,53,54,56,58,61,62,64,65,66,67,69,72,73,74,75,77,78,80,81,82,83,84,85,88,91,92,93,95,96,97,98,99,100,101,103,104,105,106,107,108,109,111,112,113,114,116,117,118,119,122,124,125,127,128,131,132,137,138,139,140,142,145,146,147,148,149
9,128,137,138,139,12,13,15,16,131,148,21,24,132,27,28,29,30,31,32,140,35,36,37,147,39,40,42,43,44,49,50,53,55,57,58,59,60,61,134,64,65,68,69,70,72,73,74,143,77,78,80,81,83,84,85,86,90,91,92,144,98,101,105,106,107,108,110,112,113,114,115,116,117,118,120,136,126
10,12,14,15,16,17,18,19,20,22,23,24,25,28,29,30,32,33,35,36,37,39,40,41,43,44,45,48,49,51,54,56,58,59,62,63,64,66,67,70,72,73,75,76,77,79,80,81,82,85,87,88,89,90,91,92,93,95,96,98,99,100,102,103,104,105,107,108,110,111,112,115,119,121,122,123,124,125,126,128,129,130,131,132,136,139,140,142,144,145,146,147,148,149
11,12,13,14,15,16,17,19,20,22,23,24,25,28,29,31,38,39,40,41,42,45,46,48,49,51,53,54,55,56,57,59,60,63,65,66,67,70,72,73,74,76,77,78,79,82,85,86,88,89,90,92,94,96,97,98,100,102,104,106,108,109,110,113,114,115,116,117,119,120,121,122,123,125,126,127,128,129,131,132,133,135,136,138,142,143,144,145,146,147,148,149
12,13,14,15,17,18,19,21,26,27,28,30,31,33,34,35,36,39,40,41,43,46,47,49,53,54,55,56,58,59,60,65,68,69,70,71,72,73,74,75,76,77,78,79,80,82,83,84,88,89,92,93,96,98,100,102,103,104,105,108,110,111,112,114,115,119,120,121,122,123,124,125,128,129,130,131,132,133,134,135,136,137,138,140,141,142,143,146,147,148,149
13,14,15,16,20,21,24,25,26,27,28,30,31,32,33,34,35,36,37,39,40,41,42,43,44,46,48,49,51,53,54,56,57,58,59,60,61,62,63,64,68,70,72,73,74,75,76,79,80,82,83,84,86,91,92,94,95,99,100,102,103,104,105,106,107,108,109,110,113,114,115,116,118,121,125,127,128,130,131,133,134,137,138,139,140,141,142,143,145,146,148,149
14,16,17,19,20,22,23,24,25,26,27,28,30,31,33,34,35,37,38,39,40,42,43,46,48,50,51,52,53,54,55,57,58,61,62,63,67,68,69,72,75,76,78,79,83,84,85,86,87,88,89,90,93,95,96,97,101,103,104,105,106,108,111,112,113,114,115,117,118,119,120,121,122,123,125,127,128,129,130,133,134,135,138,140,141,144,145,146,147,148
15,18,19,20,21,23,24,26,28,29,31,32,34,35,36,37,38,39,40,41,43,44,45,46,47,48,52,53,54,57,58,59,60,61,62,63,64,65,66,67,68,69,70,71,72,74,75,77,79,80,81,83,84,85,86,90,91,94,96,100,101,102,103,105,106,107,108,109,110,112,113,114,115,117,119,122,123,125,127,128,130,134,135,138,139,140,142,144,146,147,149
16,130,131,132,128,136,140,144,17,19,20,149,23,24,25,137,28,31,34,36,37,129,41,43,44,45,47,49,50,51,52,53,138,55,56,58,59,60,61,62,63,65,139,68,69,70,71,72,75,77,78,79,81,82,87,135,93,94,95,148,100,134,102,103,104,106,108,110,116,118,120,121,122,123,124,127
17,18,19,23,25,27,28,30,31,37,38,39,42,45,46,50,51,52,54,57,58,60,61,64,65,66,67,68,73,77,78,79,80,81,82,84,86,89,90,91,92,93,96,97,98,102,103,106,107,110,111,112,115,117,118,119,120,121,122,123,124,125,130,131,132,133,134,135,136,139,140,141,144,145,146,147,148,149
18,20,22,24,25,26,28,31,34,36,38,39,43,44,45,49,51,52,59,60,61,62,63,64,65,70,71,72,75,76,78,79,80,83,86,88,89,91,92,95,100,104,105,106,108,109,110,111,112,113,114,115,116,118,119,120,121,122,123,124,126,127,130,131,132,133,135,136,137,138,139,141,142,143,144,146,148,149
19,20,21,22,24,25,26,29,30,33,35,36,38,39,42,43,44,46,47,49,50,51,52,54,58,60,62,64,66,67,68,69,70,71,72,73,74,77,78,79,80,81,82,84,86,87,88,89,91,93,96,97,100,102,105,106,108,109,110,112,113,115,116,118,120,121,122,124,126,127,128,131,134,137,138,139,142,143,144,145,146
20,21,23,25,26,27,29,30,31,32,34,35,37,38,39,40,42,43,44,48,49,50,51,55,56,58,59,60,61,62,64,65,67,68,70,72,75,77,78,79,80,81,82,83,84,86,92,97,98,99,100,101,103,104,105,108,109,112,114,116,117,119,121,123,124,126,127,128,130,131,132,134,135,136,137,138,139,140,142,144,145,146
21,131,132,133,129,139,142,141,145,146,149,22,24,25,26,28,29,30,31,32,33,36,37,41,44,46,47,49,50,51,52,53,137,58,59,60,61,65,67,69,70,73,74,75,76,78,79,80,83,86,89,91,92,93,94,95,96,97,100,101,144,107,108,109,113,147,116,117,123,124,127
22,23,26,28,31,32,33,34,36,40,42,43,44,45,46,52,53,54,55,56,58,62,63,64,66,68,69,70,72,73,74,75,76,77,79,81,82,84,86,87,89,92,93,94,96,97,98,100,103,106,107,108,109,110,111,112,113,114,115,116,119,120,121,122,123,125,127,129,132,137,138,139,140,146,147,148,149
23,24,25,26,28,29,30,31,33,34,35,37,38,39,41,45,51,52,54,56,58,59,61,62,64,66,67,68,69,72,73,74,79,80,81,82,83,84,88,90,92,93,94,95,96,97,99,103,104,105,108,109,110,111,112,116,119,120,121,122,123,124,125,126,127,128,131,132,133,136,137,139,140,141,143,144,146,147,148,149
24,26,29,31,32,33,34,36,37,38,39,40,42,45,46,48,49,50,51,52,56,57,58,59,63,64,66,67,68,69,71,73,75,76,77,78,79,80,83,84,85,86,87,94,95,97,99,100,103,104,105,106,108,109,111,112,113,114,116,119,120,121,122,124,125,127,128,129,131,132,134,136,139,142,145,146,147,148,149
25,26,27,28,31,32,35,36,38,40,41,42,43,45,50,51,53,54,57,59,60,62,63,64,65,70,71,72,73,75,79,81,83,84,88,89,90,92,94,96,97,98,99,100,105,108,110,111,112,113,115,116,119,121,123,125,128,129,131,134,135,137,139,140,141,142,143,145,147
26,135,132,28,149,32,33,34,37,38,39,41,147,43,44,45,46,47,52,55,56,57,58,59,61,64,67,68,70,140,74,77,78,141,80,139,142,148,88,94,130,98,99,104,106,107,108,110,111,115,118,119,121,122,123,124,127
27,31,36,38,39,41,42,43,44,46,47,48,50,51,52,54,55,56,57,58,59,60,61,62,65,70,71,73,75,79,80,81,82,83,85,88,89,90,91,92,93,96,98,100,101,102,103,105,108,111,112,113,114,116,117,118,119,120,122,124,125,129,130,131,134,135,136,138,140,142,143,144,145,146,148
28,30,32,33,34,38,40,41,43,44,45,46,47,48,50,53,54,55,57,58,59,61,63,64,65,66,67,68,69,71,72,78,79,80,81,82,83,85,87,88,89,91,93,94,95,96,100,101,103,104,105,107,108,109,110,112,113,114,115,118,121,123,125,126,129,130,132,133,134,136,138,139,141,143,149
29,132,133,140,141,144,146,148,30,32,34,35,36,134,39,40,41,42,43,45,47,49,50,51,52,53,55,58,59,60,61,62,64,68,71,73,74,76,136,80,81,82,86,87,89,90,91,92,94,95,97,98,99,102,103,104,105,107,108,110,112,147,116,118,120,137,122,123,126,127
30,128,145,143,144,146,137,132,133,34,35,36,40,41,42,43,44,46,48,49,50,51,52,53,138,55,59,60,61,62,63,149,69,70,71,72,129,75,76,77,78,79,80,82,85,86,87,88,89,91,92,94,130,142,148,103,104,106,107,109,110,111,115,117,121,124,125,127
31,32,33,34,35,38,39,42,43,45,46,48,49,52,56,57,58,59,60,61,62,64,65,66,67,68,69,73,74,78,79,80,81,82,83,86,87,88,89,94,95,96,97,98,99,100,104,108,109,116,118,120,122,126,127,128,129,131,133,135,137,139,140,141,142,143,144,145,146,147,149
32,33,34,35,38,39,40,42,43,45,46,47,48,49,50,51,53,54,56,59,61,62,63,64,66,67,68,69,72,74,75,77,78,79,82,83,86,89,90,92,93,95,96,98,100,101,102,105,106,109,110,111,112,113,114,115,116,117,118,121,122,123,124,127,128,129,132,133,134,136,137,140,141,144,145,147,148,149
33,34,35,37,38,39,40,42,43,44,46,47,49,50,51,52,53,54,56,60,61,62,64,65,66,67,68,71,73,74,75,76,77,78,79,81,83,84,85,86,87,90,92,93,94,95,97,98,99,100,102,103,109,110,111,112,114,116,117,118,124,127,128,129,133,134,135,136,140,142,143,144,147
34,36,37,39,41,43,44,46,47,49,50,54,56,58,61,63,64,66,68,69,71,72,73,74,76,77,79,80,81,82,83,84,86,87,88,89,91,92,93,94,95,98,104,107,108,110,111,114,115,117,118,119,120,123,127,128,129,135,136,137,139,140,142,144,149
35,130,132,135,136,139,128,36,37,38,140,41,43,44,45,46,50,51,52,57,58,59,60,61,134,133,64,66,67,68,69,71,73,74,75,76,80,82,83,85,87,91,92,93,96,97,99,100,102,105,106,110,111,113,114,115,119,122,143
36,128,132,136,145,148,37,146,39,129,41,42,43,44,46,48,138,56,57,61,62,63,64,69,70,72,74,79,81,82,84,85,87,88,89,143,92,93,95,96,97,98,100,101,102,103,144,107,108,109,147,117,118,120,121,123,125,127
37,38,40,43,45,47,49,52,54,56,57,58,60,61,63,64,66,67,68,69,71,72,73,74,75,76,77,78,82,83,84,85,87,88,89,90,91,92,95,99,100,101,102,103,104,105,106,107,109,110,112,113,115,116,120,122,125,126,127,128,130,131,133,134,135,137,138,141,142,143,144,145,146,147,149
38,39,40,45,46,47,48,49,51,54,55,56,57,59,61,62,63,64,65,66,68,70,71,73,74,75,76,77,79,80,81,82,83,85,87,88,89,90,92,94,96,97,98,99,101,102,103,108,110,112,114,117,120,121,122,123,126,127,128,131,135,136,138,139,140,142,144,147,148
39,41,42,43,44,45,47,50,51,52,55,56,57,58,60,61,62,63,64,65,67,68,70,71,72,73,74,76,78,80,81,82,83,86,87,89,91,92,93,98,100,103,104,106,107,108,110,112,113,115,116,117,119,120,121,123,124,126,132,133,135,138,139,141,142,144,146,147,148
40,41,42,43,44,45,46,48,49,51,52,53,54,55,56,57,58,59,60,61,63,65,66,67,68,69,70,71,72,73,74,75,76,78,79,82,83,85,86,88,89,90,92,93,95,96,97,98,101,102,105,106,110,113,114,115,116,119,120,123,124,126,128,129,130,131,132,135,136,137,139,141,143,144,145,146,148
41,128,129,136,142,131,134,135,44,46,47,49,50,51,53,138,55,56,57,59,60,61,63,66,67,68,69,143,76,77,78,141,80,81,147,87,91,95,97,99,101,102,103,104,105,144,107,108,110,113,114,115,116,117,118,119,120,121,122,124,125,126,149
42,43,44,45,47,49,50,51,53,55,56,57,59,61,63,64,66,67,68,71,72,73,77,81,82,83,86,89,90,91,92,95,97,99,100,103,104,106,109,110,111,112,113,117,120,121,124,126,127,128,129,131,133,136,137,138,139,140,141,142,143,146,149
43,44,46,47,49,50,52,53,54,56,58,60,61,62,64,65,70,71,72,73,74,78,79,80,84,87,88,90,92,94,96,97,98,99,100,101,105,106,107,110,113,114,115,116,120,121,122,125,126,130,131,134,135,136,137,138,139,140,141,147,149
44,45,46,47,49,50,52,53,54,56,57,58,59,62,63,64,65,69,72,73,75,77,78,79,81,82,83,85,87,88,92,94,95,98,101,103,105,108,109,110,111,112,115,116,120,121,122,124,125,126,127,128,130,132,133,135,136,137,138,141,142,143,144,145,146,147,148,149
45,47,49,50,52,55,56,58,59,60,62,63,64,69,70,71,72,73,74,75,76,77,78,80,82,83,84,85,86,88,90,97,98,99,100,101,102,103,105,111,113,115,116,117,119,120,121,122,124,126,127,128,130,132,133,134,135,137,139,140,141,144,145,146,147,149
46,47,48,51,52,56,58,60,61,62,63,64,65,66,68,69,71,72,73,74,75,76,77,83,85,87,91,92,93,95,96,97,98,99,100,102,103,104,105,106,107,108,109,110,112,115,116,119,120,121,124,126,127,128,129,130,131,133,134,137,138,139,141,143,144,148
47,48,49,50,53,54,56,58,60,61,62,65,66,68,70,71,72,74,75,76,77,79,81,82,83,86,87,90,91,92,93,94,95,96,97,98,99,101,103,104,105,106,107,109,110,111,113,114,118,120,121,122,126,128,130,131,132,133,134,135,140,142,145,147,148,149
48,129,137,144,145,146,131,134,135,50,52,53,54,58,143,60,61,62,64,65,66,139,147,69,70,71,72,73,75,138,77,141,80,83,85,86,88,89,90,91,130,93,94,95,101,103,104,105,111,114,115,118,119,120,121,123,124,125,127
49,50,52,53,56,58,59,61,62,63,64,65,66,69,71,73,75,76,79,80,81,82,84,87,88,92,93,94,95,98,99,101,104,106,107,108,110,111,112,114,115,118,119,121,123,124,126,128,129,131,134,135,140,141,142,143,144,145
50,54,55,56,58,59,60,62,63,65,66,67,68,70,71,72,73,74,75,76,78,81,85,86,87,88,89,91,92,93,94,95,96,97,99,100,101,102,104,107,110,111,112,115,116,117,118,119,120,121,122,123,124,125,127,128,130,131,132,134,135,141,142,143,144,146,149
51,53,54,55,57,58,61,63,64,69,70,72,73,74,75,76,78,81,82,83,84,87,89,91,92,93,95,96,97,100,101,102,103,104,106,107,108,109,110,113,115,116,118,119,126,127,130,131,132,134,137,139,142,143,144,145,146,147,148,149
52,53,54,56,58,59,60,61,62,64,67,70,71,73,74,75,79,81,82,83,84,85,86,87,90,91,93,94,96,98,99,100,102,103,105,106,107,108,109,112,113,114,115,116,117,119,120,121,123,124,125,126,128,129,130,135,137,138,139,140,141,143,145,146,148
53,54,55,56,61,62,65,66,68,69,72,73,74,75,76,77,80,81,83,84,85,87,89,90,91,96,97,101,102,103,104,105,106,108,109,111,112,113,115,116,117,118,119,121,122,124,125,126,128,131,132,133,134,135,137,138,139,142,145,146,148,149
54,56,57,58,59,61,63,64,65,66,69,70,71,72,77,79,80,81,82,83,89,90,91,92,93,94,96,97,98,99,100,102,104,105,106,108,110,111,112,113,114,116,118,120,123,124,126,133,135,138,139,141,143,144,145,149
55,128,132,136,143,145,131,133,139,56,57,60,62,64,65,67,147,69,71,140,74,77,80,82,84,142,86,88,91,93,96,97,98,101,102,104,106,107,108,110,112,113,114,115,116,117,118,120,148,122,123,125,127
56,57,59,60,61,63,64,65,69,70,71,74,75,76,79,80,81,82,86,87,89,90,91,93,96,98,100,102,105,109,111,112,113,114,115,116,118,119,120,121,123,124,127,128,129,131,132,133,134,135,136,138,139,141,142,143,144,145,146,147,149
57,58,61,62,63,64,65,66,68,70,71,73,74,76,77,78,81,83,85,87,88,90,91,92,93,95,96,97,101,102,105,107,108,111,112,114,116,117,120,121,122,126,127,129,130,131,132,133,134,136,138,140,142,145,146,147,148,149
58,59,60,62,63,64,67,70,71,72,74,76,78,79,81,84,86,88,89,90,91,96,98,99,101,103,104,107,113,114,116,118,119,120,122,124,126,127,128,130,131,133,134,136,138,139,140,141,142,143,145,146,148,149
59,60,61,62,65,69,70,72,75,76,77,78,79,80,81,86,87,88,89,90,92,94,95,96,99,100,101,102,106,109,111,112,114,115,118,119,120,121,124,126,127,130,131,132,134,135,136,137,138,139,141,142,144,147,148,149
60,62,63,64,65,66,67,68,69,70,72,73,75,77,79,81,82,83,84,87,88,90,93,95,96,99,100,101,104,105,107,112,113,114,115,116,119,121,122,123,125,126,127,128,130,131,133,134,136,139,140,142,147,148,149
61,63,64,70,73,74,75,77,78,79,80,82,83,85,86,88,90,91,92,93,94,95,96,98,99,100,101,102,103,104,106,108,109,110,111,112,114,115,116,118,119,121,122,123,125,126,127,128,129,132,133,137,138,139,140,142,145,148
62,64,65,67,68,70,71,72,75,76,77,78,79,80,81,82,84,85,87,88,89,91,92,93,94,95,96,98,99,106,108,111,113,116,120,123,124,125,127,129,130,131,134,135,136,137,138,139,140,142,144,146,147
63,64,65,68,69,70,71,72,73,75,78,79,80,81,82,84,85,86,87,90,93,94,95,97,98,99,100,101,104,106,109,110,111,112,113,114,117,120,122,125,127,128,130,132,136,137,139,140,141,142,144,146,148,149
64,65,70,71,72,74,75,78,79,80,81,82,84,88,89,93,97,100,102,103,104,105,106,107,108,109,110,113,114,115,116,117,118,119,120,122,123,124,125,128,131,136,137,140,141,142,143,144,145,146,147,148,149
65,66,67,68,71,74,76,77,78,81,82,83,86,87,88,89,90,91,92,93,95,97,100,101,103,104,105,106,107,111,112,115,116,117,118,119,120,122,123,126,129,130,132,133,134,135,136,137,138,140,141,142,145,146,147,148,149
66,130,133,129,142,146,148,149,132,138,134,67,68,70,72,73,75,79,80,81,82,83,139,85,86,87,88,89,91,94,95,96,99,102,105,106,109,110,115,116,119,121,122,123,124,125,126,127
67,149,133,134,145,137,140,130,142,136,139,69,76,78,79,82,83,84,85,86,87,88,89,90,91,92,93,94,96,97,98,100,103,104,105,106,109,110,112,147,116,117,119,121,123,125,126,127
68,70,71,72,73,77,78,79,80,82,83,85,88,89,90,91,92,96,97,98,99,100,102,104,105,106,107,109,110,114,115,118,121,123,124,125,126,128,129,130,131,133,134,135,136,137,138,139,140,141,142,144,145,147,148
69,71,72,73,75,76,77,81,82,83,84,86,87,89,92,95,96,99,101,102,103,104,105,106,108,109,110,111,112,113,115,116,117,118,119,120,121,122,123,126,130,133,134,135,136,138,140,141,142,144,146,147,148,149
70,72,73,74,75,76,79,82,83,84,85,86,88,89,92,93,97,99,100,102,103,104,105,109,110,112,113,114,115,116,117,119,120,121,123,128,130,133,134,136,138,139,140,141,142,143,144,145,146,147,148
71,74,75,76,77,79,81,83,84,86,88,91,92,93,94,98,99,100,101,102,103,109,111,113,114,115,117,118,119,120,122,124,127,128,129,132,135,136,138,139,140,141,142,145,149
72,75,77,79,80,83,84,85,90,92,93,94,96,97,98,101,103,104,110,111,113,114,116,118,119,120,121,122,124,125,126,129,132,133,134,136,137,138,140,141,142,146,147,148
73,134,143,144,146,133,132,139,129,74,75,141,80,81,83,88,90,91,94,96,98,102,103,107,108,110,111,112,114,147,116,117,118,119,136,123,125,126
74,75,77,78,79,87,90,91,92,95,97,98,99,101,102,103,104,107,108,112,115,120,121,122,126,129,130,132,134,135,136,137,138,139,140,141,142,143,145,146,148,149
75,77,79,81,82,85,89,90,91,92,98,99,104,105,107,110,111,113,115,116,117,118,119,121,127,128,129,131,132,136,138,141,142,143,144,145,146,149
76,128,130,142,129,136,141,131,148,149,133,139,134,147,140,79,81,83,84,85,88,89,90,91,92,93,95,144,98,100,103,108,146,110,113,115,119,121,122,124,125,126,127
77,129,131,142,146,135,139,78,79,83,84,85,137,90,92,94,95,96,98,101,103,106,108,110,111,112,113,114,147,116,117,118,119,120,121,134,127
78,79,80,84,86,87,91,92,93,94,99,100,103,105,107,108,110,111,113,114,115,117,118,119,120,122,123,124,125,126,127,128,130,131,132,133,135,136,137,138,139,140,142,143,144,145
79,80,81,83,84,85,86,88,90,94,95,97,98,99,104,106,111,112,113,114,115,118,119,120,121,122,124,126,127,128,129,130,133,136,140,144,147
80,81,82,88,91,93,94,95,96,97,98,99,100,101,103,106,112,113,115,118,119,120,122,123,124,125,126,127,128,129,130,131,132,134,138,139,140,141,142,143,145,149
81,82,84,85,86,90,91,93,94,96,97,98,99,102,103,104,105,106,108,109,112,116,118,119,121,124,125,126,127,129,130,133,134,135,136,137,138,141,147
82,83,84,85,86,87,89,90,91,92,94,95,98,100,101,103,104,107,108,113,114,116,118,119,120,121,123,124,125,128,132,137,138,140,142,146,149
83,84,86,87,88,90,91,92,94,95,97,98,100,101,103,104,105,107,108,109,110,113,115,116,118,119,121,123,124,125,128,130,132,136,137,138,139,141,142,143,144,145,147,148,149
84,130,133,138,135,141,149,136,147,85,87,88,90,143,92,93,137,95,144,98,99,100,101,102,104,148,108,110,111,134,114,115,116,131,118,119,120,121,122,125,127
85,129,144,146,147,148,149,136,138,139,87,88,89,90,92,95,97,98,100,102,110,112,113,114,115,117,119,120,121,122,125,126,127
86,88,89,90,91,93,94,95,96,97,99,100,103,104,107,108,109,110,111,112,115,117,122,125,126,128,129,130,131,132,134,136,137,138,142,143,144,146,147,148,149
87,90,91,93,94,96,98,99,100,101,102,103,104,106,111,112,116,117,119,120,123,125,127,128,129,130,131,132,133,135,136,137,138,140,141,145,147,148
88,90,92,93,95,96,98,99,101,102,103,104,108,109,110,111,112,113,116,117,118,119,122,123,124,125,126,127,129,130,131,132,135,136,137,138,140,141,142,144,145,147,148,149
89,90,92,93,94,95,97,99,100,101,103,104,105,106,107,110,111,115,116,117,120,122,123,124,125,126,128,129,130,131,133,134,135,136,137,139,140,142,143,144,145,146,149
90,91,93,94,95,96,97,98,99,100,101,102,103,104,105,106,107,108,109,110,111,114,116,117,118,119,120,121,123,124,125,127,129,131,132,133,135,137,139,142,143,144,146,149
91,128,129,134,140,142,148,137,133,145,135,130,93,94,98,99,131,101,103,104,108,111,113,114,115,117,118,119,121,124,126,149
92,93,100,101,102,103,104,107,109,110,112,113,115,117,118,119,120,122,123,126,127,129,130,131,132,137,142,144,145,146,149
93,94,95,97,98,101,102,105,107,108,109,112,114,115,119,121,123,126,127,128,129,130,131,132,133,134,135,140,142,143,145,147,148,149
94,95,97,98,99,100,101,105,109,110,111,114,116,117,118,119,120,121,122,124,127,128,131,132,133,137,138,140,141,142,143,145,146,147,149
95,128,137,140,148,135,134,141,96,97,99,100,101,104,144,107,108,110,113,114,115,116,118,122,123,125,126,149
96,97,98,99,100,101,102,104,105,107,108,113,114,115,117,118,119,120,122,124,125,126,127,128,129,130,131,132,133,135,137,138,141,143,144,147,149
97,98,100,101,103,105,106,107,109,112,115,116,118,119,120,121,123,126,127,130,131,132,133,134,137,138,139,140,142,143,145,146,147,148,149
98,99,103,105,107,108,109,111,112,117,118,119,120,122,123,124,125,126,128,129,130,132,134,135,138,139,140,142,144,145,146,148,149
99,105,106,107,108,109,112,114,115,116,118,119,120,122,123,125,126,127,128,129,130,131,132,135,136,139,140,141,142,143,147,148
100,101,103,104,105,106,107,108,110,113,115,116,119,120,122,123,124,126,127,130,132,133,134,137,138,141,142,143,147,148
101,102,103,104,106,107,111,112,113,114,116,117,118,119,120,121,123,124,125,127,128,129,130,131,133,135,137,138,139,141,143,144,145,146,147,149
102,128,131,135,145,146,148,149,133,140,141,143,130,103,104,105,106,108,109,110,112,114,116,118,120,124,127
103,104,105,106,108,111,112,114,115,119,123,125,128,131,132,133,134,135,136,137,138,140,141,142,143,144,145,147,148,149
104,105,106,109,110,111,113,114,115,119,122,123,126,128,130,131,133,134,135,136,137,138,139,140,141,142,145,147,149
105,106,107,109,110,111,112,113,114,115,116,118,119,120,122,123,124,127,128,129,130,134,135,136,137,140,144,145,146
106,107,109,110,111,112,113,118,123,124,125,128,129,130,131,132,135,136,137,138,139,141,142,143,144,145,149
107,128,131,133,129,139,141,144,148,132,149,134,135,136,147,108,109,110,111,112,113,115,116,118,119,121,122,123,125,126,127
108,109,111,113,115,116,117,119,121,123,124,127,128,130,131,132,135,137,138,139,140,142,144,146
109,128,131,137,138,144,132,135,141,147,143,130,111,113,114,115,118,148,122,123,124,127
110,111,112,113,115,116,121,122,126,131,133,134,135,136,137,138,139,142,143,147,148
111,112,113,115,116,117,118,119,120,121,124,126,127,130,131,132,133,134,136,137,138,139,144,145,147,148,149
112,114,115,116,119,120,121,124,126,127,128,129,130,131,133,134,136,140,143,144,146,147,148,149
113,115,116,117,118,119,121,123,124,126,127,128,129,130,132,133,134,136,137,138,140,142,145,146,149
114,134,129,138,141,145,147,132,146,142,139,143,144,140,116,117,136,121,122,123,124,126
115,117,119,121,122,123,124,125,126,128,130,131,132,135,136,137,139,142,143,144,145,147
116,118,119,120,122,124,125,129,130,131,133,134,135,136,138,139,143,144,145,146,147,148
117,134,138,140,130,147,137,129,142,139,145,148,119,120,121,123,124,126,149
118,128,133,134,139,140,143,148,149,141,130,119,121,122,123,125
119,120,121,122,123,124,125,126,131,132,133,134,135,136,138,142,143,145,148
120,121,125,126,131,134,135,136,137,141,144,146
121,122,124,126,127,128,129,130,133,135,136,137,138,140,141,143,147,148
122,125,126,127,131,132,133,134,136,137,139,140,141,143,144,145,146,147,148,149
123,125,126,128,130,133,135,136,138,139,140,141,144,146,147,148,149
124,126,129,130,131,132,134,135,136,137,138,139,141,142,144,145,147
125,128,129,132,133,137,131,147,142,139,130,141,143,135,127
126,128,130,131,133,134,136,138,142,143,146,147
127,130,131,132,134,136,137,138,139,140,142,143,144,145,146,147,148,149
128,129,130,131,132,134,135,138,141,142,145
129,130,136,141,143,146,148,134,133,138,139,142,132,149
130,132,135,138,139,140,141,143,144,145
131,132,135,139,140,141,142,143,147,148,149
132,136,137,138,141,143,144
133,144,147,148,135,142
134,135,137,139,140,142,143,144,145,146,147,148
135,137,139,142,144,146,149
136,147,139,138,148
137,138,145,146,147,149
138,140,141,143,144,145,146,147
139,141,142,143,144,145,146
140,142,143,144,145,148,149
141,142,143,144,145,147,149
142,143,144,148
143,144,145,148,147
144,147,148,149
145,146,147,148,149
146,149,148
147,148
148,149
149
