n_nodes:192
n_edges:6181
density:0.3371
0,128,2,4,8,137,10,140,13,14,146,19,148,21,22,26,27,32,34,35,37,168,42,43,44,45,49,178,172,52,55,180,60,61,62,67,70,72,74,75,76,141,185,90,92,93,95,96,188,103,105,108,110,114,147,117,122,123,124
1,128,129,130,3,5,6,8,9,139,15,17,131,20,21,23,25,26,27,156,158,159,160,161,37,166,169,42,44,47,136,172,54,56,185,59,188,61,62,191,69,70,73,74,75,76,79,81,83,87,88,89,90,143,93,95,99,106,107,109,147,116,170,153,122,124,125,126,127
2,128,3,133,6,7,136,9,10,141,158,15,144,146,131,148,21,22,23,152,25,26,27,28,29,150,160,34,155,36,165,166,167,168,156,42,172,45,46,157,176,178,179,53,183,186,59,60,62,66,69,70,71,73,75,76,162,79,173,84,153,174,94,188,102,105,110,111,115,116,117,169,120,123,149
3,179,4,5,7,137,138,139,13,142,143,144,17,18,20,22,132,26,175,28,154,150,32,161,165,40,156,42,43,45,47,49,178,51,181,54,185,58,187,60,62,65,67,182,71,72,73,74,79,82,83,86,92,93,94,97,98,100,101,103,188,109,111,116,119,121,126
4,129,184,9,10,140,143,144,145,19,148,149,173,152,154,27,28,29,158,159,160,36,165,38,177,156,171,44,45,46,47,49,52,53,137,56,180,188,138,64,74,55,78,81,83,86,164,174,102,17,104,105,107,61,157,116,189,169,120,183
5,130,179,7,8,139,140,14,143,144,18,19,21,23,152,25,26,156,154,32,161,34,163,164,38,167,42,43,157,136,51,52,54,184,57,186,59,188,189,65,68,71,72,177,74,160,76,79,82,83,142,87,88,90,91,135,187,101,105,107,109,110,114,147,116,118,153,121,122,126
6,128,132,133,129,136,9,10,11,140,14,144,151,24,154,155,28,157,158,159,32,33,162,163,164,37,166,167,156,42,43,173,176,49,178,51,180,181,183,184,58,187,60,61,190,191,64,66,177,69,70,72,73,75,76,81,82,83,142,88,91,95,101,106,110,189,114,115,118,119,120,123,124,126
7,8,9,140,15,18,131,148,149,22,152,153,26,27,28,157,30,133,32,161,164,37,166,39,156,171,44,47,48,136,172,158,183,56,57,187,61,63,160,81,165,97,104,105,146,189,113,147,116,118,119,120,122,127
8,137,10,13,145,18,148,149,24,186,27,133,32,35,165,39,168,170,173,46,177,178,179,155,54,183,56,180,58,187,60,61,63,66,67,73,80,82,83,84,86,87,88,89,92,93,96,98,104,167,110,116,119
9,128,131,137,10,11,14,143,16,149,151,152,25,26,27,28,30,34,35,36,163,38,169,135,172,173,46,176,177,155,181,55,184,185,186,183,60,189,190,67,69,70,71,72,75,78,79,80,81,83,164,95,96,165,99,101,104,188,171,109,112,114,117,119,125
10,129,138,11,140,130,14,16,17,18,19,23,24,25,28,29,30,32,33,162,35,37,38,40,42,44,45,175,176,136,52,158,137,184,63,139,71,72,74,75,81,82,142,89,90,91,93,165,98,99,145,107,108,146,112,168,119,124,125,127
11,129,136,13,142,15,20,151,25,155,29,158,31,32,134,39,40,169,42,44,173,47,176,157,54,56,57,159,62,175,68,70,75,76,141,80,85,90,91,94,100,101,105,106,107,109,112,168,117,153,143
12,128,129,131,133,134,136,138,139,13,142,15,150,23,25,30,31,163,36,37,38,177,168,171,172,174,48,49,52,58,188,189,63,65,71,75,83,85,86,87,88,186,94,165,96,97,98,100,166,104,112,113,120,123,124,127
13,128,132,15,18,20,171,150,23,29,30,31,33,163,36,37,169,170,43,45,46,157,48,53,54,56,58,59,60,66,67,69,72,77,80,184,83,84,176,91,93,97,99,100,106,107,174,112,114,115,117,123,124,125
14,129,136,142,143,16,18,20,21,175,28,29,158,161,134,38,177,40,169,45,174,47,176,49,178,52,181,137,57,186,168,60,62,146,66,67,187,75,78,79,82,83,185,91,55,165,144,99,104,106,109,110,157,113,117,118,120,121,191,183
15,128,132,130,142,18,149,22,151,155,29,158,31,161,162,36,37,166,167,168,41,171,44,176,177,50,179,181,185,58,159,61,169,64,68,69,71,73,74,80,84,86,164,92,187,102,146,112,113,116,190,118,119,120,121
16,129,130,131,133,136,140,141,144,145,146,19,149,25,154,27,29,161,155,163,38,167,170,173,46,157,49,178,51,55,56,57,58,59,60,62,191,66,67,69,70,177,74,175,76,81,83,84,85,86,186,90,93,94,165,96,97,187,101,188,106,110,174,116,117,120
17,131,179,175,18,149,150,151,132,155,156,167,31,32,33,162,37,39,40,41,170,43,46,47,177,178,51,53,54,187,189,190,181,160,66,70,71,73,74,75,76,77,85,87,89,90,95,97,100,102,107,191,112,113,147,169,123,127
18,129,130,140,144,147,20,149,152,25,154,27,156,159,33,163,164,39,40,43,44,45,47,50,51,53,138,183,57,58,187,60,61,62,63,68,70,161,72,73,75,77,78,141,80,185,88,90,143,96,108,191,110,112,168,115,116,117,118,119,121,123
19,131,134,172,139,140,146,147,151,132,175,29,158,133,32,165,38,42,171,44,46,157,49,178,180,54,183,185,31,188,62,64,65,69,70,75,190,86,87,88,153,90,96,101,102,104,107,110,116,117,120,121,122,123,125,127
20,128,136,138,143,141,131,174,23,24,167,30,159,33,35,36,37,166,39,168,169,178,46,175,48,177,50,51,181,54,184,57,186,187,60,190,63,66,67,72,73,76,79,81,83,84,85,86,87,88,90,93,165,96,98,100,101,142,188,107,114,185,121,122,126
21,131,178,129,138,143,179,152,24,154,30,31,133,33,34,163,36,165,38,39,41,171,172,45,174,47,50,162,52,53,55,184,185,59,189,191,64,65,70,158,72,77,78,173,83,142,164,94,97,98,99,101,103,161,109,110,112,119,120,121,123,124,166
22,129,139,130,143,145,147,148,149,150,152,25,27,28,31,32,33,34,163,37,38,40,43,172,173,46,175,48,51,52,54,183,159,63,67,69,73,74,86,176,90,92,97,99,131,171,108,187,119,120,122,191,127
23,128,171,132,129,136,143,188,150,153,26,154,158,31,35,36,165,39,41,135,46,157,49,50,52,54,55,180,58,59,60,61,169,68,182,70,72,73,76,78,141,80,82,83,85,88,164,94,130,97,187,102,105,108,109,140,119,123,125,126
24,130,133,140,144,145,150,151,25,26,27,29,32,33,34,35,134,167,168,169,178,46,157,189,50,179,53,55,184,185,58,59,138,62,181,65,66,71,162,78,83,86,87,88,89,91,109,110,61,112,113,190,120,121,191,124
25,172,129,136,130,147,149,27,158,159,161,34,163,164,37,39,176,44,46,47,48,50,51,52,54,137,184,186,59,138,62,63,64,70,183,162,78,141,80,82,87,89,92,94,98,99,100,104,107,108,146,114,190,118,121,123,125,127
26,132,134,136,139,140,141,152,149,150,153,28,158,31,162,163,164,165,38,168,41,170,172,179,52,182,137,56,180,186,187,60,190,66,70,76,77,78,79,184,85,91,94,96,97,99,101,104,105,108,112,115,118,120,122,123
27,134,139,140,142,143,145,147,148,155,28,29,158,32,176,34,165,38,167,40,156,42,43,172,46,157,48,179,52,55,58,59,60,191,152,68,70,73,76,81,82,186,90,135,93,95,188,98,99,101,102,105,107,108,112,113,114,115,118,120,121,122,123
28,155,184,140,175,144,145,149,151,152,156,29,31,160,35,38,39,170,44,46,47,48,157,178,52,181,138,55,56,185,59,188,61,62,67,69,72,177,75,76,182,78,81,82,84,87,88,89,92,95,187,166,102,103,104,108,110,174,112,113,121,124,126
29,179,133,137,152,146,148,174,150,151,132,154,30,31,161,162,155,164,165,166,39,41,42,171,44,178,46,177,50,172,53,183,185,58,159,189,190,191,74,76,141,81,156,142,186,88,93,94,99,103,105,115,116,120,170
30,128,130,132,136,139,143,158,31,33,35,163,167,168,42,174,157,48,50,179,53,54,56,57,187,60,189,181,65,66,67,69,76,83,86,92,95,96,97,102,108,113,114,115,118,120,122,191,126,127
31,135,145,172,138,144,146,148,175,34,164,37,38,40,156,170,44,45,174,47,48,178,51,53,169,57,58,140,189,62,69,70,71,73,74,76,190,173,84,86,88,89,143,186,95,98,101,103,105,106,107,108,110,111,157,168,114,115,117,118,119,120,121,122,124,125,126,127
32,128,140,142,144,148,149,133,160,34,35,164,163,38,129,45,174,176,177,155,54,55,186,187,61,63,66,152,68,74,183,76,79,82,83,85,90,95,96,98,100,166,105,106,108,114,115,116,122,191,124,125,127
33,128,129,130,131,137,142,143,141,188,153,155,156,157,35,177,172,176,49,179,52,53,54,183,56,57,58,187,60,191,70,73,75,78,79,81,163,84,86,185,89,152,91,186,100,101,103,104,105,146,113,114,118,123,126
34,128,131,135,136,140,130,142,147,151,154,156,185,35,164,37,175,178,53,182,56,57,159,188,189,190,64,160,66,67,70,73,74,75,77,79,184,84,85,86,87,153,90,91,100,101,113,115,116,117,120,122,124,126,127
35,130,171,139,144,155,157,37,38,168,156,43,45,46,47,178,55,56,186,59,151,138,190,191,64,65,67,69,70,71,72,74,187,78,84,86,87,90,92,95,96,97,99,166,161,107,108,109,111,115,117,119,120,122,124,126
36,172,129,139,144,146,150,153,159,160,162,165,166,167,168,44,173,46,51,52,181,182,183,185,59,61,67,68,71,140,75,76,77,78,81,143,96,97,187,101,108,109,110,111
37,130,131,133,137,139,146,154,158,160,162,163,39,40,169,170,43,172,45,46,47,48,49,178,181,54,183,56,159,188,190,191,65,66,71,140,74,76,77,78,83,143,135,95,99,101,104,105,106,115,116,118,119,120,121,123,125,126
38,143,148,132,154,166,168,159,176,49,178,55,184,57,58,59,60,61,62,191,64,69,140,183,76,77,80,81,86,87,88,90,91,186,96,102,116,118,119,120,122,125,126
39,138,173,175,161,162,163,166,45,157,179,184,57,186,60,62,63,67,71,74,139,90,92,97,101,102,103,104,108,111,113,114,118,119,120,122,191,126,127
40,129,132,133,136,140,143,131,149,151,157,166,42,171,172,46,47,49,180,53,54,56,185,59,62,139,70,75,76,79,83,86,87,94,98,99,106,107,108,109,110,113,114,187,120,121,123
41,131,132,135,139,146,148,153,155,158,162,168,42,44,174,49,179,181,55,184,57,59,188,61,190,191,67,68,71,74,76,78,81,82,85,86,87,143,93,94,97,99,100,102,103,105,109,110,189,113,115,117,170,120,121,123,125
42,137,140,146,149,133,162,155,165,166,170,44,173,174,157,49,50,52,185,186,59,138,62,64,65,69,71,72,74,75,78,79,88,91,94,97,187,101,105,107,110,111,168,190,123
43,128,135,137,138,144,148,149,153,155,156,157,158,161,173,174,175,49,51,52,182,55,56,58,59,61,134,66,68,187,183,76,77,190,184,163,84,186,89,93,95,96,98,99,100,145,104,108,114,62,118,122,125
44,130,171,133,134,142,152,158,167,135,173,48,49,50,179,53,54,188,138,139,69,70,71,72,177,74,182,78,83,85,86,87,91,92,95,99,104,146,147,117,119,120,121,124,127
45,128,134,129,140,131,151,153,156,157,164,166,172,173,142,176,49,50,179,180,181,54,186,59,160,64,65,66,68,182,75,141,82,84,85,87,88,89,90,92,93,95,165,99,101,105,108,110,174,116,190,118,120,122,126,149
46,129,138,132,140,178,161,166,145,173,174,48,50,180,55,57,58,59,61,62,191,139,68,69,76,80,81,86,87,169,93,97,102,103,104,108,109,116,118,119,126
47,128,132,133,137,138,141,131,153,155,157,161,162,164,129,169,171,174,176,49,50,179,52,53,182,183,56,180,59,189,190,63,64,66,68,70,168,77,83,91,94,95,103,105,106,109,110,116,119,120,123
48,150,134,172,145,152,161,155,166,177,156,171,49,51,180,181,183,58,59,60,189,64,72,73,79,80,159,83,84,86,88,89,93,94,165,98,104,106,108,140,115,116,119,120,122,123,124,126
49,172,184,136,137,139,145,146,150,152,155,160,163,177,178,51,56,185,186,188,62,63,65,161,72,140,74,75,78,79,80,81,83,142,176,90,91,92,95,97,100,165,103,104,105,106,109,168,169,120,124,125
50,128,134,137,140,154,160,164,166,168,172,180,182,57,186,59,60,63,70,72,74,76,80,173,83,84,85,121,91,94,97,104,188,108,109,110,113,115,185,148,124,125
51,128,129,136,138,149,151,157,150,160,161,162,134,168,175,178,52,184,180,58,187,61,190,69,72,74,76,79,82,87,176,89,90,91,92,97,98,100,101,102,103,105,106,107,108,146,112,119,121,122,124
52,128,132,149,139,138,145,154,133,160,162,165,166,167,172,173,177,54,185,186,187,188,61,62,63,64,65,77,79,85,87,89,91,93,95,98,100,103,105,106,108,189,116,117,119,122,123,170,127
53,135,139,147,151,156,159,160,169,170,171,54,183,190,64,65,70,72,162,79,82,86,94,97,99,102,104,105,107,59,114,115,187,123,125,127
54,130,172,149,157,133,166,171,174,175,176,136,178,179,55,56,57,58,187,61,62,181,160,66,139,147,69,75,76,81,83,87,89,90,91,186,99,100,103,104,109,110,115,185,117,118,120,124,183,126
55,129,130,171,133,151,132,157,159,161,163,167,179,155,184,68,72,73,74,83,84,86,90,92,93,96,144,102,105,107,110,174,114,115,117,126,149
56,128,131,137,138,142,147,148,171,152,154,166,167,156,170,173,174,176,180,158,183,59,188,61,64,139,70,71,129,76,84,89,90,91,92,94,165,97,98,99,161,105,144,107,113,116,118,119,122,124,125,126,127
57,129,131,134,143,145,147,171,150,152,153,154,155,156,160,164,165,135,178,175,176,158,60,189,68,69,71,72,74,76,77,81,85,88,90,94,95,98,99,100,188,146,174,116,119,120,122,123,124
58,137,139,142,171,153,154,155,164,134,167,173,175,180,183,184,159,151,61,62,191,64,65,66,67,69,72,143,77,78,80,81,82,176,91,96,97,99,103,105,108,109,114,121,124,127
59,131,129,136,135,140,142,143,159,161,167,177,179,155,60,190,181,67,70,71,72,75,76,77,82,83,86,87,89,90,92,93,97,151,99,101,103,109,168,115,118,119,122,170
60,129,135,138,139,140,150,157,160,162,155,134,168,171,178,174,177,180,181,182,61,63,66,70,72,77,141,80,82,84,142,91,95,97,99,100,101,165,104,109,114,117,118,148,123,125
61,171,137,140,141,142,144,132,156,157,161,163,170,175,183,185,187,62,65,182,70,71,72,75,184,79,81,82,85,87,143,92,101,110,115,118,169,153,121,122,124,127
62,134,137,130,174,158,164,165,156,175,179,183,180,187,190,63,64,65,67,68,72,77,82,84,89,90,93,99,101,104,105,107,108,111,112,117,120,126
63,128,131,150,137,175,171,155,159,161,162,163,164,168,135,172,178,136,181,182,180,186,189,65,69,140,75,78,79,185,89,96,98,100,103,188,146,177,113,114,118,119,148,122,124,125,126
64,128,133,135,142,154,175,157,158,160,161,176,174,182,185,65,67,71,73,74,76,162,79,173,84,87,92,101,105,114,118,119,124
65,135,136,141,173,185,146,151,153,154,155,159,161,162,168,169,172,178,182,180,140,67,68,69,70,71,72,73,74,75,76,80,163,84,85,87,88,90,96,99,100,101,103,106,107,110,111,114,116,187,118,121,126,149
66,132,133,135,151,141,150,155,161,164,167,168,174,136,178,179,184,185,187,190,69,162,79,80,81,82,83,85,86,87,88,89,91,93,165,98,101,106,109,114,117
67,150,135,131,151,159,160,161,166,170,171,174,175,177,182,137,188,189,68,74,78,79,80,81,163,169,92,93,94,99,103,104,107,109,113,147,116,119,148,122,123,126
68,128,171,132,175,145,147,174,150,152,156,157,158,133,155,167,172,176,177,181,159,151,71,183,143,78,190,173,82,83,85,91,92,95,100,188,106,109,111,116,117,118,120,121,124,125
69,128,179,133,138,139,140,148,150,152,153,154,155,164,165,167,168,156,177,178,159,182,71,73,74,75,79,83,84,85,89,91,92,186,94,95,96,97,100,104,144,107,108,112,114,115,116,117,169,191
70,131,132,136,152,156,160,167,169,151,176,155,180,190,147,73,162,87,89,90,92,97,98,145,104,188,144,114,115,116,118,123,125,126
71,136,139,144,146,147,149,150,151,167,160,161,162,174,175,177,178,179,182,186,190,72,78,81,159,83,170,88,93,94,95,97,100,101,103,105,106,107,112,116,119,125,126,127
72,139,145,150,153,133,163,146,168,171,151,174,182,191,73,74,79,80,83,87,90,91,159,96,97,101,106,109,110,113,114,115,118,122,125,127
73,132,138,130,142,131,149,153,154,156,157,160,155,164,165,146,171,173,174,178,179,181,185,159,75,79,81,84,85,143,92,98,101,102,103,104,106,108,109,114,119,122,124,166
74,130,128,145,136,172,146,131,148,153,179,155,150,164,168,178,181,186,187,188,191,177,75,143,78,79,80,86,185,169,90,91,92,97,100,101,102,103,167,144,107,108,113,119,120,121,122,124,125
75,132,129,136,143,149,173,157,160,156,175,176,181,137,186,190,139,161,76,78,80,81,82,84,164,90,91,94,95,98,99,111,112,113,187,169,120,121,125,127
76,179,132,140,130,142,147,154,161,162,170,173,157,139,182,77,79,156,83,85,86,88,164,187,101,102,145,104,106,109,112,113,115,116,117,122,124,126,127
77,171,186,134,137,138,143,144,145,154,155,160,162,163,167,170,172,175,78,80,81,83,185,90,93,94,99,103,105,109,112,114,190,119
78,128,133,134,138,143,154,158,159,160,166,171,173,174,175,176,179,181,188,190,156,170,142,87,93,94,97,103,106,107,109,118,169,124,125,85
79,128,140,130,179,145,146,147,154,158,163,166,169,191,174,157,182,137,186,181,161,82,83,142,90,92,94,95,96,103,105,107,109,168,114,115,148,123,124
80,130,132,134,135,138,140,142,150,154,156,157,158,160,161,165,177,171,151,175,180,182,184,187,189,190,173,82,139,87,88,90,94,95,146,115,117,121,136,123
81,128,133,139,141,142,138,147,150,152,132,159,160,163,167,168,170,135,173,176,180,184,188,143,82,84,164,91,95,98,101,106,108,111,115,116,189,169,120,148,126,166
82,128,139,173,148,152,162,165,168,171,174,176,136,180,184,191,160,83,86,90,186,95,96,97,102,188,107,189,114,119,153,125,126,127
83,151,132,157,133,162,177,169,171,178,174,189,134,140,183,141,84,85,93,182,96,144,100,102,106,110,190,118,121,125,127
84,131,138,130,145,146,171,150,151,152,154,166,169,173,174,180,185,159,189,161,85,176,89,143,93,97,98,100,108,110,111,190,120,122
85,128,131,132,134,135,143,147,149,150,152,153,156,158,164,166,167,171,175,189,186,151,173,87,88,185,95,96,144,98,99,103,110,111,116,117,123,127
86,128,129,141,149,164,173,175,179,182,188,191,168,88,90,143,93,94,95,96,187,100,166,104,108,109,111,113,114,117,122,125
87,131,129,142,146,149,153,179,159,164,165,167,177,188,190,191,152,147,182,156,88,90,93,97,98,101,105,109,110,113,115,116,122,125
88,129,137,141,142,143,144,150,153,154,176,162,134,167,168,174,179,182,188,173,89,90,91,97,148,101,103,106,108,112,114,117,119,121,127
89,132,134,137,142,144,146,147,150,153,157,162,163,166,168,169,170,175,136,178,185,138,182,90,92,94,95,97,102,103,105,108,109,189,115,190,118,126
90,130,129,136,137,142,149,151,153,156,157,185,159,172,175,178,181,186,188,177,184,163,94,96,144,98,100,101,167,109,111,112,113,114,147,117,148
91,129,135,136,172,143,152,146,153,155,133,160,163,164,173,174,185,187,189,190,139,161,141,93,96,98,106,107,108,109,110,114,118,175,125,126
92,128,130,133,134,145,146,131,149,150,159,160,166,170,174,175,176,181,183,163,96,101,106,112,113,114,147,116,117,120,136,125,126
93,133,129,142,173,145,146,171,150,151,148,153,154,160,162,163,164,166,157,177,182,185,188,183,190,152,97,98,99,102,105,106,107,110,113,116,117,118,121,123,126,127
94,149,130,145,148,150,184,163,164,165,178,179,151,141,185,95,144,98,99,102,107,108,109,115,120,170,127
95,132,135,139,175,142,144,188,149,154,157,162,164,167,168,156,170,174,176,180,184,186,159,134,182,96,101,104,105,106,108,109,110,111,113,114,116,122,123,126
96,129,130,171,132,149,150,152,154,167,172,174,136,178,180,184,185,177,186,97,100,101,103,144,166,112,114,147,117,120,121,191,124,126,127
97,128,129,132,133,136,137,138,139,158,131,162,174,178,175,176,180,182,185,141,184,163,98,100,108,109,111,117,124,127
98,149,133,139,142,144,131,151,152,179,157,176,162,167,172,177,178,181,183,187,189,101,112,113,116,117,119,120,148,191,125,127
99,128,130,133,135,136,139,147,148,153,156,158,160,161,162,164,170,157,176,177,178,155,137,138,175,182,190,163,185,102,106,109,189,180,114,117,121
100,129,130,133,134,136,137,138,155,159,167,170,176,178,183,186,187,189,140,160,101,104,161,107,109,110,116,119,121,122,123
101,149,129,130,135,136,167,158,163,169,159,174,178,182,184,191,147,190,188,103,105,107,189,113,115,117,118,120,121,123,127
102,128,129,133,156,137,139,140,142,144,145,167,149,152,153,157,161,155,170,184,186,187,181,107,109,113,115,117,119,191,126,127
103,128,130,175,142,143,145,146,131,151,155,164,165,170,171,173,176,178,184,189,182,161,106,167,109,110,114,119,191,125
104,128,131,133,139,175,143,145,146,174,152,155,154,191,163,173,157,179,180,137,186,181,161,183,142,176,167,165,188,107,109,116,119,122,123,125,126
105,128,136,130,143,145,147,149,150,152,156,158,163,164,180,151,189,181,175,183,165,108,111,115,120,122,124,170
106,132,133,129,136,138,140,143,145,146,151,158,161,164,166,171,173,174,182,180,189,141,185,107,109,168,116,120,127
107,140,142,144,146,150,156,158,161,164,165,169,172,173,177,180,182,186,113,114,147,116,170,122,124,125,126
108,179,150,135,137,140,173,147,154,161,181,180,176,159,188,189,185,187,110,111,112,113,115,116,118,153,121,122,127
109,128,134,140,144,145,147,148,153,154,155,156,157,133,167,173,180,181,137,190,191,182,152,186,110,112,113,117,118,120,127
110,131,137,140,130,173,153,155,158,160,161,134,146,172,176,180,181,141,156,166,111,113,114,115,169,121,122,123
111,128,129,138,141,143,131,149,161,164,168,171,174,177,180,184,185,186,187,189,167,114,117,119,120,123,125,127
112,132,133,135,147,148,150,157,160,168,156,174,176,180,182,184,186,188,191,140,141,146,113,114,116,118,169,121,124,126,149
113,129,133,137,146,148,149,150,151,153,159,160,170,172,173,175,176,177,179,182,140,152,184,169,116,117,118,119,121,123,124
114,128,181,129,138,140,142,143,141,147,150,156,155,165,166,169,170,172,177,184,185,159,190,168,116,191,126
115,128,136,142,144,145,148,149,152,156,161,167,168,170,176,173,157,155,165,187,146,122,124,127
116,134,138,139,130,171,151,132,184,156,158,180,164,168,170,135,157,179,182,187,189,160,144,166,147,185,120,121,123,125
117,129,135,136,148,174,150,153,154,156,157,146,168,171,173,142,175,177,180,159,189,139,130,183,188,144,190,119,120,122,123,166,126,127
118,129,132,184,149,133,162,164,159,175,179,134,182,173,142,187,190,119,122,125,127
119,172,129,133,141,142,144,147,154,155,157,158,176,162,164,170,171,136,182,183,189,134,190,179,163,185,165,187,167,146,122,191,124,125,149
120,131,138,175,145,146,151,132,156,160,161,179,186,187,188,189,163,185,152,143,154,165,122
121,172,143,144,152,150,151,157,158,133,161,162,163,166,178,175,177,168,188,156,165,146,189,153,148,149
122,139,175,149,185,152,156,154,133,157,178,147,187,124,125,127
123,128,132,135,136,142,143,144,156,157,159,160,155,164,167,176,183,184,189,134,140,130,165,188,126,149
124,131,132,133,139,143,141,147,148,150,179,155,158,165,156,174,175,183,187,184,163,185,186,189,191,126,149
125,131,133,135,140,142,148,150,157,158,177,170,178,176,137,186,159,190,141,187,188,153,191,183
126,128,129,137,138,139,140,143,168,169,170,171,177,178,179,181,159,188,182,183,163,165,166,191
127,130,132,133,172,141,155,166,168,169,175,176,189,185,162,184,186,145
128,131,135,136,141,145,149,150,155,156,157,163,164,170,172,174,181,183,180,187,189,190,171,148
129,135,137,141,144,152,175,156,159,162,163,134,167,169,170,177,160,139,161,140,184,142,151,187,183
130,134,136,172,140,145,149,154,155,157,159,166,168,169,191,158,138,181,152,150,163,143,182,144,146,189
131,134,142,143,151,152,155,167,135,180,181,183,161,173,165,187,148,191,149
132,135,151,149,150,155,159,134,167,177,178,158,182,184,187,175,181,189,168,190,183
133,172,143,148,154,161,162,184,189,165,144
134,179,136,138,140,149,150,153,157,158,159,163,170,175,177,181,184,186,171,147,190
135,136,142,145,149,150,153,156,157,161,163,164,166,167,174,177,180,184,189,190,181,162,165,169
136,171,137,143,145,152,156,157,159,167,172,178,181,183,188,138,182,140,162,189,148
137,148,149,150,156,166,178,179,180,182,185,187,188,161,177,142,186,189,170,191
138,143,145,153,162,164,166,173,178,182,185,186,187,191,163,152,146
139,184,141,142,143,144,145,153,156,159,160,170,175,187,140,163,182,177,155,169
140,173,149,158,161,155,177,156,176,175,179,181,184,185,168,162,187,166,147,169
141,184,143,152,154,162,163,174,189,179,180,182,144
142,184,175,152,153,159,165,166,171,157,179,181,185,191,161,162,189,148
143,154,162,167,171,173,176,182,184,190,161,186,187,166,168,169
144,145,147,171,153,155,157,163,166,169,170,172,179,185,159,188,190,164,183,165,187,189
145,152,146,147,149,157,158,167,173,181,184,185,174,189
146,179,149,151,154,156,185,160,167,171,174,186,159,190,187,189
147,148,156,157,161,155,165,168,170,177,180,187,189,190,191,182
148,151,156,161,168,170,172,174,157,179,190,166,188,169
149,153,157,185,162,165,166,169,174,176,180,187,190,182,173,183,170
150,153,160,161,169,173,180,181,183,186,189,152,191
151,179,175,160,167,169,170,174,157,184,190,181,168,162,173
152,153,159,164,165,177,176,173,172,180,158,186,189,181,160
153,171,175,155,159,165,170,178,179,188,191,169
154,160,161,164,178,174,175,176,181,183,187,186,165
155,171,158,191,164,166,177,174,178,182,184,185,176,186,188,187,170
156,185,158,160,169,170,175,177,186,188,181,161,190,189
157,167,162,164,169,172,174,176,177,180,184,185,191,170,188
158,172,159,161,162,164,166,170,175,179,181,183,184,163,185
159,184,167,170,171,175,185,188,183,191,165
160,179,162,174,176,184,191,185,164,165,188
161,164,181,182,185,190,184,163
162,179,171,177,183,184,180,186,169,164,185,181,165,167,189
163,166,170,174,180,187,165,191
164,171,166,168,170,174,179,186,181,184,190
165,185,166,177,168,182,187,189,188,190
166,171,176,169,172,179,183,180,186,188,190,191,187,178
167,171,173,174,175,178,181,182,180,184,187
168,177,181,182,183,184,190,169,191
169,171,183,181,191
170,171,173,179,182,185,186,181,189,191
171,174,177,180,190,181,183,184,189,191
172,173,176,184,185,186,189,190
173,175,176,182,180,190,191,185
174,184,190,186,187,189,191
175,178,180,181,184,187,185
176,179,188,189,190
177,178,179,181,184,185,191
178,181,184,186,189,190
179,185,181,182,187
180,182,190
181,184,185,189,182,187,190
182
183,185,187
184,191,187
185,188,190,189
186,187,188,191
187,188,191
188,190,191
189,191
190
191
