n_nodes:52
n_edges:410
density:0.3092
0,33,43,4,5,38,7,8,9,11,14,15,50,21,22,24,25,26,36
1,32,34,35,4,5,40,9,11,12,45,47,15,16,18,22,36,27,30
2,32,33,35,4,5,7,10,39,44,45,43,17,18,22,24,25,42
3,49,38,39,11,13,46,48,17,20,22,23,28,29,30
4,9,11,12,14,16,17,18,19,27,28,29,30,33,34,37,38,40,41,44,45,48,49
5,36,6,8,10,15,50,51,24,26,27,29
6,33,34,7,10,43,47,17,42,25,26,28,29,37
7,32,37,39,8,47,43,44,45,14,15,18,51,46,23,25,27
8,32,34,40,9,39,44,45,14,15,17,51,20,22
9,38,48,41,46,15,16,40,18,22,24,36,29,30,31
10,33,41,42,43,45,47,19,22,24,25,26,51,29,31
11,22,16,17,33,23,48,19
12,32,34,19,51,41,31,28,14,15
13,33,39,40,41,42,46,45,14,15,18,19,21,25,27
14,16,17,20,21,27,29,32,34,35,36,37,39,40,43,45,47
15,36,38,17,26,28
16,32,33,48,18,51,21,22,23,31
17,51,37,49,42,45,40,18,19,43,24,29,30
18,34,33,35,39,44,46,47,19,20,48,24,36,37
19,33,50,37,41,45,48,24,26,30
20,34,39,40,42,43,48,22,23,28,30
21,34,38,39,41,42,50,46,22,25,27,30
22,47,40,50,43,28,31
23,34,40,43,50,24,25,29,31
24,36,38,43,26,37
25,35,41,45,27
26,34,35,36,39,40,41,44,45,49,47,28,30,37
27,35,37,41,45,48,29
28,34,38,39,40,48,50,36,47,31
29,39,45,47,41,49,42,31
30,32,42,47,36
31,36,41,46,50
32,35,42,34,49,50
33,51,38,44
34,50,41,42,43,45,44,49,51
35,40,41,43,44,50
36,40,45,49,51,37
37,38,41,47
38,44
39,46,45,50,40
40,42,44,47,48
41,43,46
42,49,43,46,48,50,47
43,44,45,50,51
44,46,45,48
45,51
46,47,49
47,49
48
49,51
50,51
51
