n_nodes:45
n_edges:507
density:0.51212
0,1,3,4,7,9,10,12,16,17,19,20,22,28,29,30,31,33,34,36,37,39,41,42,43,44
1,32,2,35,7,8,9,42,11,12,13,43,40,44,20,22,25,28,29
2,34,3,36,37,38,33,41,10,39,13,16,43,18,19,20,26,27,30,31
3,4,8,11,13,14,15,17,20,21,22,23,24,26,28,31,32,35,36,38,40
4,5,6,9,11,13,16,17,18,19,20,21,23,25,26,27,28,31,33,36,37,40,44
5,33,7,40,9,43,12,13,16,17,41,22,23,36,26,29,31
6,7,8,9,13,14,15,16,17,19,20,21,22,23,25,26,28,29,32,38,41,42,43,44
7,9,11,12,14,15,16,18,19,22,26,27,29,31,33,34,36,37,43,44
8,10,11,13,14,16,19,20,21,23,26,27,29,30,31,33,38,39,40,41,44
9,10,11,12,14,17,18,19,22,24,25,26,27,30,31,35,36,38,39,40,41,42,43
10,11,12,16,18,21,22,23,24,25,26,28,29,31,33,35,37,38,40,41,44
11,14,17,18,20,23,24,26,28,29,30,31,33,34,35,36,37,40,41,44
12,15,17,21,23,25,28,29,30,32,34,35,36,37,38,39,41,43,44
13,14,15,18,20,21,24,25,27,30,31,34,35,37,38,41,43,44
14,18,19,20,21,22,23,25,26,27,30,31,32,33,34,35,37,38,39,40,41,42,44
15,32,35,36,40,43,18,19,20,22,26,29,30
16,41,39,34,17,23,25,26,38,28,29,31
17,22,24,26,30,31,33,34,35,39,40,41,42,44
18,20,21,23,25,28,29,31,32,33,34,37,38,39,42
19,20,22,25,26,27,28,30,32,34,36,37,38,39,42,43
20,21,22,26,27,30,35,36,38,39,42,43
21,22,23,25,26,27,28,35,36,37,38,40,43,44
22,24,25,26,28,29,30,32,33,34,36,40,41,42
23,25,26,28,29,32,34,35,36,38,41,43
24,32,33,36,40,42,41,25,26,28,29,30,31
25,27,31,32,34,37,39,41,42
26,28,31,36,37,39,40,43,44
27,33,35,44,41,28,29
28,29,31,32,33,34,35,36,39,43,44
29,30,31,33,36,38,40,42,44
30,32,33,36,37,39,42,44
31,34,35,36,37,39,41,43
32,34,36,41
33,34,35,37,38,41,42,44
34,35,36
35,36,43
36,37,39,43,44
37,39
38,42,39,44
39
40,43,42
41,42,43,44
42
43,44
44
