n_nodes:206
n_edges:17192
density:0.81421
0,1,2,3,4,5,7,8,11,12,13,14,15,16,17,18,19,20,21,22,23,24,25,27,28,29,31,32,33,34,35,36,37,38,39,40,41,43,44,45,46,47,48,49,50,51,52,53,54,55,56,57,58,59,60,61,62,64,65,66,67,68,69,70,71,72,73,75,77,79,80,81,82,83,84,85,86,87,88,89,90,91,92,93,95,96,98,99,100,101,103,104,106,107,108,110,112,114,115,116,117,118,120,122,123,124,125,126,129,130,131,132,134,135,136,137,139,141,142,143,144,145,146,147,148,149,150,151,152,153,154,157,158,160,161,162,163,165,166,167,168,169,170,172,173,174,175,176,177,178,180,181,182,183,184,186,187,188,189,190,191,192,193,195,196,198,199,201,202,203
1,3,4,5,6,8,11,12,14,15,16,17,18,19,20,21,22,23,24,25,26,28,29,30,31,32,34,36,37,39,40,41,42,43,44,45,47,48,49,50,51,52,53,54,55,56,57,58,59,60,61,64,65,66,67,68,70,73,74,75,77,78,79,80,81,82,83,85,86,87,88,89,90,91,92,93,94,95,96,98,99,101,102,103,104,106,108,109,110,111,112,114,115,116,117,118,120,123,125,126,127,128,129,130,131,132,133,134,135,137,138,139,140,141,142,145,146,147,148,150,152,153,154,155,157,158,160,161,163,164,165,166,167,168,170,171,173,174,176,177,178,179,180,181,182,183,184,185,187,188,189,190,191,192,194,196,197,198,200,201,202,203,204,205
2,3,4,5,7,9,10,11,13,15,16,17,18,20,22,23,24,25,26,27,28,29,30,31,32,33,34,35,37,38,39,40,41,42,43,44,45,46,47,49,50,51,52,53,54,55,56,57,60,61,62,63,64,65,66,67,68,70,71,73,74,75,76,77,78,79,81,82,85,88,89,90,91,92,93,94,95,96,97,98,100,103,104,105,106,107,108,109,111,112,113,115,116,117,118,119,122,123,124,125,126,127,128,130,132,134,135,136,137,139,141,142,144,145,146,147,149,150,151,152,153,154,155,156,157,159,160,161,164,165,166,167,169,171,172,173,174,175,176,177,178,179,180,182,183,184,185,186,187,188,189,190,191,192,193,196,197,198,199,200,202,203,204
3,6,7,8,9,11,13,14,16,17,19,22,23,24,26,27,28,29,30,32,33,34,35,36,39,40,41,42,43,44,45,46,47,49,50,51,52,53,54,55,56,57,58,59,60,61,62,63,64,65,66,68,69,70,71,73,74,75,76,77,78,79,80,82,83,84,85,86,87,88,89,90,91,92,93,96,97,98,100,101,102,103,104,105,106,107,109,111,112,113,115,116,117,118,119,120,121,122,123,124,125,127,130,131,132,133,134,135,136,137,139,140,141,142,143,144,145,146,148,149,150,151,153,154,155,156,158,159,160,161,162,163,164,165,167,168,169,170,172,173,174,176,177,178,179,181,184,185,186,188,189,190,191,192,193,194,195,196,197,198,199,201,202,203,204,205
4,5,6,8,9,10,11,12,13,15,16,19,20,21,22,23,24,25,26,27,28,29,30,31,32,33,34,35,36,37,38,39,40,41,42,43,44,46,47,48,49,50,51,52,53,54,56,57,58,59,61,62,63,64,65,67,69,71,72,73,74,75,76,77,78,80,81,82,84,85,86,87,89,92,93,94,95,96,97,98,100,101,102,103,104,106,107,108,109,110,111,112,114,116,117,118,119,120,121,122,123,124,125,126,127,128,129,130,132,133,135,136,138,139,140,141,143,145,149,150,151,153,154,157,158,160,161,162,163,164,165,166,167,169,171,172,173,174,175,176,177,178,179,180,181,182,183,184,185,186,187,188,189,190,192,193,194,195,196,197,198,200,201,202,203,204,205
5,6,7,8,9,10,11,12,13,14,16,17,18,19,20,21,23,24,25,26,27,28,30,31,32,33,34,36,37,38,41,42,43,44,45,46,47,48,50,51,52,53,54,55,56,57,60,61,62,64,65,67,68,69,70,71,72,73,74,75,76,77,78,79,80,81,82,84,87,89,90,91,92,93,94,95,96,97,99,101,102,103,104,105,106,107,110,111,113,114,115,116,117,119,120,121,122,123,124,125,126,127,128,129,130,131,133,134,135,138,139,140,141,142,143,144,145,146,147,148,149,150,151,152,153,154,155,156,157,158,159,160,161,163,165,168,171,172,173,175,177,178,179,180,181,182,183,185,186,188,189,190,191,192,193,194,195,196,197,198,199,200,202,203,204
6,7,9,10,12,13,14,15,16,17,18,20,21,23,24,25,26,27,28,30,31,32,33,34,36,37,38,39,40,41,42,43,44,45,46,47,48,49,50,51,53,54,55,56,57,58,59,60,62,63,64,65,66,68,69,71,72,73,75,76,77,78,79,80,81,82,83,84,85,86,87,88,89,90,91,92,93,94,95,96,97,98,99,100,101,102,103,105,106,109,111,112,113,114,115,116,117,118,119,120,121,122,123,124,126,128,130,131,132,133,134,135,136,137,138,139,140,141,142,143,144,145,147,148,149,150,151,152,153,155,156,157,158,159,161,162,163,164,165,166,167,168,169,170,171,172,173,174,177,178,179,180,181,182,183,184,186,187,188,189,190,192,193,194,195,196,198,199,200,201,202,203,204,205
7,9,10,11,12,13,15,16,17,20,21,22,23,24,25,26,30,31,32,34,35,36,37,38,40,41,42,43,45,46,48,49,50,52,53,54,55,57,58,59,61,62,63,65,66,68,71,72,73,74,76,77,78,80,81,82,83,84,85,86,87,88,89,90,93,94,95,96,97,98,99,101,102,103,104,105,107,109,110,111,113,114,115,116,117,118,120,121,122,123,124,125,126,127,129,130,132,133,134,135,138,139,140,141,142,143,144,145,146,147,148,150,151,152,155,157,158,160,161,162,163,164,165,168,169,170,171,172,173,174,175,176,177,178,179,181,183,184,185,187,188,189,190,191,192,193,194,195,196,198,199,200,202,203,205
8,9,10,11,12,13,14,15,17,18,19,20,21,22,23,24,25,26,28,29,30,32,33,34,35,36,37,38,39,40,41,44,45,46,47,48,49,52,54,57,58,60,61,64,65,66,67,68,70,71,72,73,74,75,77,78,79,82,83,85,87,88,90,91,93,95,98,99,100,102,103,104,106,107,109,110,112,113,114,115,116,117,119,120,121,122,123,124,129,131,133,134,136,137,138,139,141,142,144,145,146,147,150,152,153,154,155,157,158,159,160,161,162,163,164,165,166,167,168,169,170,171,172,174,176,177,178,179,180,181,182,183,185,186,189,190,191,193,194,195,196,197,198,202,203,204,205
9,10,13,14,15,17,18,21,22,24,25,26,27,28,29,30,31,32,33,34,35,36,37,38,39,40,41,42,43,44,45,46,47,48,50,51,52,53,55,56,57,59,60,61,62,63,65,66,67,69,70,73,74,75,77,78,80,81,82,83,84,85,86,88,89,90,91,92,94,95,97,98,100,103,104,105,107,108,109,110,111,112,113,115,116,118,119,120,121,122,124,126,128,129,130,131,132,133,135,136,137,138,139,140,142,143,144,145,146,147,148,149,151,153,154,156,157,158,160,161,162,163,164,165,166,168,169,170,171,172,173,174,176,177,179,181,182,183,184,186,187,188,189,190,191,192,193,197,198,200,201,202,203,205
10,11,12,13,15,16,17,18,19,21,22,24,25,26,27,28,29,30,31,32,33,34,35,36,37,38,39,40,41,42,44,45,46,47,48,49,50,51,52,53,54,55,56,57,59,60,61,63,64,65,66,67,69,70,71,72,73,75,76,77,78,79,80,81,83,84,85,86,87,88,90,92,93,94,95,96,98,99,100,101,102,103,104,105,106,107,108,109,111,112,113,114,115,116,117,118,119,120,121,122,123,124,126,127,128,130,131,132,133,135,136,139,140,141,142,144,145,146,147,148,149,150,151,153,154,155,156,157,158,159,160,161,162,163,164,165,166,169,171,172,174,175,176,177,178,179,181,182,183,184,185,189,190,191,192,193,194,195,196,197,198,199,201,202,203,204,205
11,13,14,15,16,17,19,20,21,22,23,25,26,27,28,29,31,32,33,35,36,37,38,39,40,41,43,44,45,49,52,53,54,55,56,57,59,60,61,62,63,64,65,66,67,68,69,70,71,73,74,75,76,77,78,79,80,82,83,84,85,86,87,88,89,90,91,92,93,94,96,97,98,99,100,102,103,104,105,106,107,108,109,110,111,112,113,116,118,119,121,125,127,128,129,131,132,133,134,136,137,138,139,140,142,143,144,145,146,147,148,149,150,151,152,153,154,155,156,157,158,160,161,163,165,166,167,168,169,170,171,172,173,174,175,176,177,178,179,180,181,182,183,184,185,186,188,189,190,191,192,193,194,195,196,197,198,199,200,201,202,203,204
12,13,16,17,18,20,21,22,23,24,25,28,29,30,31,32,33,34,35,36,37,39,40,41,42,44,45,47,48,50,51,52,53,54,55,57,59,60,61,62,63,64,65,66,67,69,70,71,72,73,74,75,76,77,78,80,81,82,83,85,86,87,88,89,90,92,93,95,96,97,98,99,102,103,104,105,106,107,108,109,110,111,112,113,114,116,117,118,120,121,122,123,124,125,126,128,130,131,133,134,135,136,138,139,140,141,142,144,145,146,147,148,149,151,152,153,155,156,157,158,160,161,162,164,165,166,168,169,170,171,172,173,174,175,176,178,179,180,181,182,183,184,185,186,187,188,189,190,191,192,193,194,195,197,198,199,200,201,203,204,205
13,14,15,16,17,18,19,20,23,24,25,27,28,29,30,31,32,33,34,35,36,37,38,39,40,41,42,44,45,46,48,49,50,51,52,53,55,56,57,58,59,60,61,62,64,65,66,67,68,70,71,75,76,78,79,80,82,83,84,85,86,87,88,89,90,91,93,94,95,96,97,99,100,101,102,103,104,106,107,108,110,112,116,118,119,120,121,122,123,124,125,127,128,129,130,131,133,134,136,137,138,139,140,141,142,143,144,145,146,147,148,149,150,151,152,153,155,156,157,159,160,161,162,163,164,165,166,168,169,170,171,172,173,174,175,177,178,179,180,181,182,183,185,186,187,189,190,191,192,193,194,195,196,198,199,200,201,202,203,205
14,15,16,17,18,19,20,22,23,26,27,28,29,30,31,33,35,36,38,39,40,41,42,43,44,45,46,47,48,49,50,51,52,53,55,56,57,59,60,61,62,63,64,65,67,68,69,70,71,72,74,75,76,77,78,79,80,82,83,85,86,87,88,89,90,91,94,96,97,98,100,101,102,103,104,105,106,108,109,110,111,112,113,115,117,118,120,121,122,123,125,126,127,128,129,133,134,135,136,137,138,139,140,141,144,145,146,147,148,151,152,153,154,155,156,157,158,159,160,163,166,167,168,169,170,171,172,173,174,175,176,177,182,183,184,185,186,187,188,189,190,192,193,194,195,196,197,198,199,200,201,202,203,204,205
15,16,17,18,19,20,21,24,25,27,28,29,31,32,33,34,35,36,37,39,40,41,42,43,44,45,46,48,50,52,53,54,55,56,57,58,59,60,61,62,64,65,66,67,68,69,71,72,73,75,76,77,79,80,81,82,83,84,85,86,87,88,89,91,92,93,94,95,97,98,99,100,101,103,105,106,107,108,110,111,112,113,114,115,116,117,118,119,120,121,124,125,126,127,129,130,131,133,135,137,138,139,140,141,142,143,144,146,147,148,149,150,152,153,154,155,156,157,159,161,162,163,165,166,167,169,170,172,173,174,175,176,177,179,180,181,182,183,184,185,186,187,188,189,190,192,195,196,197,198,199,200,202,203,204,205
16,17,18,19,21,23,25,26,27,28,29,31,32,33,34,35,36,37,38,39,40,41,42,43,44,45,46,47,48,50,51,52,53,54,55,56,58,61,62,63,64,66,68,69,70,71,72,75,76,77,78,79,81,82,83,86,87,88,89,90,91,92,93,94,95,96,97,98,100,102,103,104,105,107,108,109,110,111,113,114,115,116,117,118,119,120,121,122,123,124,125,126,127,128,129,130,131,132,133,135,136,137,139,141,142,144,145,147,148,149,152,153,154,155,156,158,160,161,162,163,164,165,166,167,168,169,174,175,179,181,182,184,185,186,187,188,189,190,191,192,194,196,197,199,200,201,202,205
17,18,19,21,22,23,24,26,27,28,29,30,31,32,33,34,35,36,37,38,39,40,41,42,44,45,46,47,48,49,50,51,52,53,55,56,58,59,61,62,63,65,67,68,69,70,71,72,73,74,75,76,78,80,81,82,83,84,85,86,88,89,90,91,92,93,94,95,96,97,98,100,102,103,104,106,107,108,109,110,111,113,114,116,117,118,120,121,122,123,124,125,126,127,130,132,134,135,136,137,138,139,140,141,142,143,144,146,147,151,152,154,156,157,158,159,160,161,163,164,166,168,169,171,173,174,175,176,177,178,180,181,182,183,185,186,188,190,191,192,194,195,196,197,198,200,201,202,203,204,205
18,19,20,21,22,24,26,27,28,29,30,31,32,35,36,37,38,39,40,41,42,43,45,46,47,48,49,50,51,53,54,55,56,58,59,60,61,62,64,65,66,67,68,69,70,71,72,73,74,75,76,77,78,80,81,82,83,84,85,86,87,88,89,90,91,92,93,96,97,98,99,100,101,102,103,104,105,106,107,108,109,110,111,112,113,117,118,119,121,123,124,125,126,127,128,129,130,131,133,134,135,136,137,138,139,140,141,142,143,144,145,146,147,148,149,151,152,153,154,156,157,158,159,160,161,162,163,164,165,166,167,168,170,171,173,174,176,177,178,180,181,182,183,184,185,186,187,188,189,190,192,193,194,195,196,197,198,199,200,201,202,203,204,205
19,20,22,23,24,25,27,29,30,33,35,36,38,39,40,42,43,44,46,47,48,50,52,54,55,56,57,59,60,61,63,64,66,67,68,69,70,71,72,73,75,77,79,80,81,82,84,85,86,87,88,89,90,91,92,93,94,95,96,97,98,99,101,102,103,104,108,110,111,112,113,114,117,119,120,121,122,124,125,126,127,128,129,130,131,132,133,135,136,137,138,139,140,141,143,144,145,146,147,148,149,150,153,154,156,157,158,159,160,161,162,163,164,165,166,168,169,170,171,172,173,174,176,177,178,179,181,183,184,186,187,188,190,191,192,193,194,195,196,200,201,202,203,204,205
20,21,22,23,24,25,26,27,29,30,31,32,35,36,37,38,39,40,41,42,43,45,46,47,49,51,52,53,55,56,57,58,60,61,62,63,64,65,66,67,68,70,71,72,73,74,76,77,78,79,81,82,83,85,87,89,90,92,93,94,95,96,97,98,102,103,105,107,108,109,110,111,112,113,114,116,118,119,120,122,124,125,127,128,129,130,131,133,135,137,138,139,140,142,143,144,145,146,147,148,149,150,151,152,153,154,155,157,158,159,160,161,162,163,164,165,166,167,168,170,171,173,174,175,176,177,178,181,183,184,185,187,188,189,190,191,192,193,194,195,196,198,199,200,201,202,203,205
21,22,23,24,26,27,29,30,31,32,33,35,36,37,38,39,41,42,43,45,46,47,48,49,50,52,53,54,55,56,57,58,59,60,61,62,63,64,65,66,67,68,69,70,71,72,73,74,75,76,77,78,79,80,81,82,83,84,85,86,87,88,89,90,91,92,93,94,95,96,98,100,101,102,103,104,105,106,107,108,109,110,111,112,114,115,116,117,119,120,123,124,126,127,128,129,130,132,133,134,135,138,139,140,141,142,143,144,145,146,147,148,149,151,152,153,154,155,156,157,158,159,162,163,164,165,166,168,169,170,171,172,173,174,175,177,178,179,180,181,182,183,184,185,186,187,188,190,191,193,196,197,198,199,201,202,203,204,205
22,23,25,26,27,28,29,30,31,32,33,34,35,37,38,39,41,42,43,44,45,46,47,48,49,51,52,53,54,56,57,58,59,60,62,63,64,65,66,67,68,69,70,71,72,74,76,78,79,81,82,83,85,86,88,89,92,94,95,96,100,101,102,103,104,105,106,107,108,109,111,112,114,115,116,117,118,119,120,121,122,123,124,125,126,127,128,129,130,131,132,133,134,135,136,137,139,140,141,142,143,145,147,148,149,150,153,154,155,156,157,158,159,160,161,162,163,164,165,169,170,171,172,173,174,176,177,178,179,181,183,184,185,186,187,188,189,190,191,192,194,196,198,200,202,203,204,205
23,25,26,27,28,29,30,31,32,33,34,35,36,37,38,39,40,41,42,43,44,45,46,47,48,49,51,52,53,54,55,56,57,58,59,60,61,62,63,64,65,66,67,68,69,70,72,73,74,75,76,77,79,82,84,85,86,87,92,93,94,96,97,98,99,102,104,105,107,111,112,113,114,115,117,118,119,120,121,122,123,126,127,128,129,130,131,132,134,137,138,140,141,142,143,144,145,147,148,149,150,151,152,153,155,156,157,158,159,161,162,163,165,166,167,168,169,170,171,172,173,176,177,178,179,180,181,182,183,184,185,186,188,189,190,191,192,193,194,196,197,198,199,200,201,203,204,205
24,25,26,28,30,32,33,34,35,36,37,40,41,42,45,46,47,48,50,51,52,54,55,56,59,60,61,62,63,64,65,66,67,68,69,70,71,73,74,75,76,77,79,80,82,83,84,85,86,87,88,89,90,91,92,93,95,96,97,99,100,103,105,106,107,108,109,110,111,112,113,114,115,116,117,122,123,124,125,127,128,129,130,131,132,136,138,139,141,142,143,144,146,147,149,151,152,154,155,158,159,160,162,163,164,165,167,172,173,174,175,176,177,178,179,180,181,182,184,185,187,189,190,191,194,195,198,199,200,201,204,205
25,26,27,28,29,31,32,33,34,35,36,38,40,41,42,43,44,46,47,50,52,54,55,56,59,60,62,63,64,65,66,67,68,69,70,71,72,73,74,75,76,77,78,79,80,81,82,84,86,87,88,89,90,91,93,95,96,97,98,99,100,101,102,103,104,105,106,107,108,109,110,111,112,113,115,116,117,118,120,121,122,123,124,125,127,128,129,130,131,132,133,135,136,137,138,139,141,142,143,144,145,146,147,148,149,151,152,154,155,156,157,158,159,160,161,164,167,168,170,172,173,174,175,177,178,179,181,182,183,185,187,188,189,190,192,193,194,195,197,198,200,201,203,204,205
26,27,28,29,30,31,32,33,34,36,37,38,39,40,41,43,44,45,46,47,48,49,50,51,52,53,55,56,57,58,60,61,64,65,66,67,69,70,71,72,73,74,75,76,77,79,80,81,82,83,84,85,86,87,88,89,90,92,94,95,96,97,99,100,101,102,103,104,105,106,108,109,110,111,112,114,115,116,118,119,120,123,124,126,127,128,129,130,132,133,134,135,136,138,140,141,142,143,144,145,146,147,148,149,150,151,152,154,155,156,157,158,160,161,162,163,164,166,167,168,169,171,172,173,174,175,178,179,180,181,182,183,184,185,186,187,188,189,190,191,192,193,194,195,196,197,198,199,201,202,203,205
27,28,29,30,31,32,33,34,36,38,39,40,41,42,43,46,48,49,50,51,52,53,54,55,56,58,59,60,61,62,63,64,65,66,67,68,69,70,72,74,76,77,80,81,82,83,84,85,86,87,88,90,91,92,93,94,95,96,97,99,100,101,102,104,105,106,107,108,109,110,112,113,114,115,116,117,119,120,121,122,123,124,125,126,127,128,129,130,131,132,133,134,137,138,139,140,141,142,144,146,147,148,149,150,151,152,153,154,155,156,157,158,159,160,161,162,163,164,165,166,167,168,169,171,173,174,175,176,177,178,181,182,183,184,185,186,187,188,190,192,194,195,198,199,200,201,203,204,205
28,29,30,31,33,34,35,36,37,38,39,40,41,43,44,45,46,47,48,49,50,51,52,53,55,56,57,58,59,60,61,62,63,65,66,67,68,69,70,72,73,74,75,76,77,78,79,81,82,83,84,85,86,87,88,89,90,91,92,93,95,96,97,99,100,101,102,103,104,105,106,107,108,109,110,111,113,114,116,117,118,119,120,121,122,123,124,126,127,128,130,131,132,133,134,135,136,137,138,139,140,141,142,143,145,147,150,151,152,153,155,156,157,158,159,160,161,162,163,164,165,166,167,169,170,171,174,175,176,178,179,180,181,182,183,185,187,189,190,191,192,194,195,196,197,198,199,200,201,202,203,204,205
29,30,31,32,33,34,35,36,37,38,39,40,41,43,44,45,46,47,48,49,50,51,54,55,56,57,58,60,61,62,63,64,65,66,67,68,69,70,71,72,73,74,75,76,77,78,80,81,82,84,85,87,89,90,91,92,93,95,96,97,98,99,100,101,102,103,104,105,107,108,109,110,111,112,115,116,117,118,119,120,121,122,123,124,125,127,128,129,130,131,132,133,134,135,136,137,138,139,140,141,143,145,146,147,148,149,151,152,153,154,157,158,159,160,161,162,163,164,166,167,168,170,171,174,175,176,177,179,180,181,182,183,184,185,186,187,188,189,190,191,192,193,194,196,197,198,199,200,202,204,205
30,31,32,33,34,35,36,38,39,40,41,45,48,49,50,52,54,55,56,57,58,60,63,64,65,67,68,69,70,72,73,74,75,76,77,78,79,80,82,83,84,85,86,87,88,89,90,92,93,94,95,97,101,102,103,104,105,106,107,108,109,110,111,113,114,115,116,117,119,120,121,122,123,124,125,126,127,128,129,130,131,132,133,135,136,137,138,139,140,141,142,143,144,145,146,147,148,149,150,151,153,155,156,158,159,160,161,162,163,165,166,167,168,169,171,172,174,175,177,178,179,180,181,182,183,184,185,186,187,188,189,190,193,194,195,196,197,198,199,200,201,203,204,205
31,33,34,35,36,37,38,39,40,42,44,45,47,48,49,50,52,54,55,56,57,58,59,60,61,63,64,65,66,67,68,72,73,74,75,76,77,78,81,82,83,84,85,86,87,89,90,91,92,93,94,97,98,99,100,102,103,105,107,109,110,111,112,114,115,117,118,119,120,121,123,124,126,127,128,129,130,131,132,133,134,136,137,138,139,140,143,144,145,146,147,148,149,150,151,152,153,154,155,156,157,158,159,160,161,162,163,164,165,166,167,168,169,170,172,173,174,175,176,177,181,182,183,184,185,188,189,191,192,193,194,195,196,197,198,199,201,202,203,204,205
32,33,35,36,37,38,39,40,42,43,44,45,46,48,49,50,51,52,53,54,55,56,57,58,61,62,63,65,67,68,69,72,74,75,76,78,79,80,83,85,86,87,88,89,90,91,92,93,94,95,97,98,99,100,101,103,104,105,106,107,108,109,110,111,112,113,115,116,117,119,120,121,122,123,124,126,127,128,130,133,135,137,138,139,140,142,143,144,145,146,148,150,151,153,154,155,157,159,160,161,163,164,165,166,167,168,169,170,171,172,173,174,175,177,178,179,182,183,184,185,186,187,189,192,193,194,196,199,200,201,203,204,205
33,36,37,39,41,42,43,45,46,47,48,49,50,51,52,53,54,55,56,57,58,59,61,62,65,66,67,69,70,71,72,73,75,77,79,80,81,82,84,86,87,88,89,90,91,92,93,94,97,98,99,101,102,104,105,108,109,110,111,112,113,114,115,116,117,118,119,121,122,123,124,126,128,129,130,131,132,133,134,135,136,137,138,139,140,141,142,143,144,145,146,147,148,149,152,154,155,157,158,159,160,161,162,163,164,165,166,167,168,169,170,172,173,175,176,178,179,180,181,182,183,185,186,187,188,190,191,192,193,194,195,197,199,200,202,203,204
34,35,37,38,39,40,41,42,43,45,46,47,49,50,51,52,53,55,56,57,59,60,61,62,63,65,66,67,68,69,70,72,73,74,75,76,77,79,80,81,82,83,84,85,86,87,89,90,91,92,93,94,95,96,97,98,99,100,101,102,103,104,105,106,107,108,109,110,111,112,113,114,115,117,119,120,121,123,124,125,126,127,130,132,134,135,137,139,140,141,142,143,144,145,147,148,150,151,152,153,154,155,156,158,159,160,162,163,164,166,167,168,169,170,171,172,173,174,175,176,177,181,183,184,185,186,187,188,190,191,192,193,197,198,199,200,201,202,203,204,205
35,36,38,40,41,43,44,46,49,50,51,54,55,56,57,60,61,62,64,65,66,67,68,69,70,71,72,73,75,76,78,80,81,82,83,85,87,88,89,90,91,92,93,95,96,97,98,99,100,101,102,103,106,107,108,109,110,111,112,113,114,115,117,118,119,120,121,122,123,124,125,126,127,128,130,131,132,133,134,135,137,138,139,141,142,143,144,145,146,147,148,149,150,151,152,153,154,157,158,159,160,162,163,164,165,166,170,172,173,175,178,179,180,181,182,183,185,188,189,190,191,192,193,194,196,197,198,199,200,201,202,203,204,205
36,37,39,40,41,42,46,47,48,49,51,53,54,55,56,57,58,59,62,63,64,66,69,70,71,72,73,74,75,76,77,78,79,81,82,83,84,86,87,88,89,90,92,93,94,95,97,98,99,100,101,103,105,106,107,110,111,112,114,115,116,117,118,119,120,121,122,123,124,125,126,127,129,130,131,132,134,135,136,137,138,140,141,142,143,144,146,147,149,150,152,153,154,155,156,157,158,159,160,161,162,163,164,165,166,167,168,169,170,171,172,173,174,176,178,179,180,181,182,183,184,185,186,187,188,189,190,191,193,194,196,197,198,199,200,201,202,204,205
37,38,39,40,41,42,43,44,45,47,48,49,50,51,52,53,54,55,56,58,60,61,62,64,65,66,67,68,70,71,72,73,74,75,77,78,79,80,81,82,83,84,86,87,88,89,90,91,92,95,97,99,100,101,102,103,105,106,107,108,109,110,111,112,113,114,115,117,118,119,120,121,123,124,125,126,127,128,129,130,131,132,133,134,136,137,138,139,140,141,142,143,144,145,146,147,148,149,150,151,152,153,154,155,156,157,158,159,161,162,163,164,165,166,167,168,170,172,173,174,175,176,177,180,181,182,183,184,185,186,187,188,189,192,193,194,195,196,197,198,199,200,201,202,203,204,205
38,39,40,41,42,44,45,46,47,48,49,50,51,52,53,55,56,59,60,61,62,63,65,66,67,68,69,70,71,72,73,74,75,76,77,78,79,83,84,85,86,87,88,89,90,91,92,93,94,95,96,97,98,99,100,102,103,105,106,107,108,109,110,113,114,115,116,117,119,120,121,122,123,124,125,126,127,128,129,130,131,132,133,134,137,138,139,142,143,144,145,146,147,149,150,151,152,153,154,156,157,158,159,160,162,164,166,167,168,169,170,171,172,173,174,175,178,180,181,182,184,185,186,188,189,190,191,193,194,195,196,197,198,199,200,202,203
39,41,42,43,44,45,47,49,50,51,52,53,54,55,56,58,59,60,61,62,64,65,67,68,69,70,71,72,74,75,76,77,78,81,82,83,84,86,88,89,90,91,92,93,94,97,98,99,100,101,102,104,105,106,107,108,109,110,111,113,114,116,117,119,120,121,122,123,124,125,126,127,128,129,130,131,134,135,136,138,139,140,141,142,144,145,147,148,150,151,152,154,156,158,159,160,161,162,163,164,165,166,167,168,169,170,171,173,174,175,177,178,179,180,182,183,184,185,186,187,188,189,192,193,194,196,197,198,199,200,201,203,204,205
40,41,44,45,46,47,48,49,50,51,52,53,54,55,56,57,58,59,60,63,65,67,68,69,70,72,73,74,75,76,77,78,79,80,81,82,83,84,85,86,87,88,91,93,94,95,96,98,100,101,102,103,105,106,107,108,109,110,111,113,114,115,116,117,118,120,121,123,124,126,127,128,129,130,132,134,135,136,137,138,139,140,141,142,143,144,145,146,147,149,150,151,152,153,154,155,156,157,158,159,160,162,163,164,166,167,168,169,170,171,172,173,174,175,176,180,181,182,184,185,186,187,188,189,190,191,192,193,194,195,196,198,199,200,201,202,203,204,205
41,42,43,44,46,47,48,49,50,51,52,53,54,55,56,57,58,59,60,62,65,66,67,68,69,72,73,74,75,76,77,78,79,80,81,82,83,84,85,86,87,88,89,90,91,92,93,94,95,96,98,99,100,101,102,103,104,105,107,108,109,110,111,112,114,115,116,117,118,119,120,121,123,124,125,126,127,128,129,130,131,132,133,134,135,136,137,138,139,141,142,143,144,145,146,147,148,150,151,152,153,155,156,157,159,161,162,164,165,166,167,168,169,170,171,173,174,175,176,177,178,179,180,183,185,186,187,188,189,190,191,192,194,195,196,197,198,199,202,203,204,205
42,43,44,45,46,47,48,49,51,52,53,54,56,57,58,61,62,64,65,66,67,68,69,70,71,72,73,74,76,77,78,79,80,81,84,85,86,87,89,90,92,93,94,95,96,97,98,99,100,101,102,103,104,107,108,109,110,111,112,113,114,115,116,117,118,119,120,122,123,125,126,127,128,129,130,131,132,134,135,136,139,141,142,143,144,145,146,148,149,150,151,152,155,156,157,158,159,161,162,164,166,167,168,169,170,171,172,173,175,178,180,181,182,183,184,185,186,187,188,189,190,191,192,194,196,197,198,199,200,201,202,203,204,205
43,45,47,48,49,50,51,52,54,55,56,58,59,60,61,63,64,65,66,67,68,70,71,72,73,75,76,77,78,79,80,81,82,83,84,85,86,87,89,90,91,92,93,96,97,98,99,100,102,103,104,105,106,107,108,109,110,111,112,113,114,115,117,118,119,120,121,123,124,126,127,128,129,130,132,134,135,136,137,139,141,142,143,144,145,146,148,149,150,151,152,153,154,155,156,157,158,159,160,162,163,164,165,166,167,168,169,170,171,172,173,174,176,177,178,179,183,184,185,186,187,188,189,190,192,193,194,195,196,197,198,199,200,201,203,204
44,45,46,47,48,50,51,52,53,54,55,56,57,58,59,60,61,62,63,66,67,68,69,70,71,72,73,74,76,77,78,79,80,81,82,83,84,85,86,87,89,90,91,92,94,95,96,97,98,99,100,101,102,103,105,106,107,108,109,110,111,113,114,115,116,117,118,119,120,121,122,123,124,125,127,128,129,130,131,132,133,134,135,136,137,138,139,140,141,142,144,145,146,147,148,149,150,151,152,154,155,156,157,158,159,160,162,163,164,166,168,169,170,172,173,174,175,177,178,179,180,181,182,183,184,185,187,188,190,192,193,194,196,197,198,200,201,202,203,204
45,46,47,48,49,51,53,54,55,59,62,63,64,65,67,69,73,74,75,76,77,78,79,80,82,83,84,85,87,88,89,90,91,92,93,94,95,96,98,99,100,102,103,104,105,106,108,109,111,112,113,114,115,116,117,118,119,120,121,122,123,124,125,126,127,129,130,132,133,135,136,138,139,140,141,143,144,145,146,147,148,150,151,152,153,154,155,156,157,159,160,162,163,165,166,168,169,170,171,172,174,175,177,178,179,180,181,182,183,185,186,188,189,190,191,192,193,196,197,199,200,201,202,203,205
46,48,50,52,53,54,55,56,59,60,61,63,64,65,66,67,68,69,70,71,72,73,74,75,76,78,79,80,81,82,84,86,87,89,90,91,93,94,96,97,98,99,100,101,102,104,105,106,108,109,110,111,112,113,114,115,116,117,118,120,121,122,123,124,125,127,128,129,130,131,132,134,135,136,137,138,139,140,141,142,143,144,145,146,149,150,152,153,154,156,157,158,159,160,161,162,164,166,167,168,169,170,171,172,174,175,177,179,180,181,182,183,185,186,187,188,190,191,193,195,196,197,198,199,200,202,203,204,205
47,48,49,50,51,52,53,54,55,56,57,58,59,60,61,62,63,64,66,67,68,69,70,71,72,74,75,77,80,81,82,83,84,85,86,87,89,90,91,92,93,94,95,97,99,100,101,102,103,105,107,109,110,111,113,114,115,119,120,121,122,123,124,125,126,127,128,129,130,131,133,135,136,137,139,140,141,142,143,144,146,147,148,149,150,151,153,154,155,157,158,159,160,161,162,163,164,166,167,168,170,172,173,174,175,176,177,178,179,180,181,182,183,184,185,186,187,188,190,191,192,193,194,195,196,197,198,199,200,202,203,204,205
48,50,51,52,54,55,57,58,59,60,61,62,64,65,66,67,68,69,70,71,72,73,74,75,76,77,78,79,80,81,82,83,84,85,86,89,91,92,93,94,95,96,97,98,99,100,101,102,103,104,105,106,107,108,109,110,112,113,114,116,117,119,120,121,122,123,124,125,126,127,128,129,130,131,132,133,134,135,136,137,139,140,141,142,144,145,146,147,148,150,151,152,153,155,156,157,158,159,160,161,162,163,165,167,168,169,170,171,172,174,175,176,177,179,180,182,184,185,186,187,188,189,190,191,192,193,194,195,197,198,199,200,201,202,203
49,51,52,53,54,55,56,57,58,60,61,62,63,64,65,66,67,68,69,70,71,72,73,74,76,77,78,79,80,81,82,83,85,86,87,88,89,90,91,92,93,94,95,96,97,98,99,100,101,102,103,104,105,107,108,109,110,111,112,114,115,116,117,118,119,120,122,123,124,125,126,127,128,129,130,131,132,134,135,136,137,138,139,140,141,142,143,144,145,146,148,149,151,152,154,155,156,157,159,161,162,163,164,165,166,167,168,169,170,172,173,174,175,177,178,179,180,182,184,185,186,187,188,190,191,192,193,194,195,196,197,198,200,201,202,203,204,205
50,51,52,53,54,55,56,57,58,59,62,65,66,67,69,70,72,75,76,77,78,79,80,82,83,84,85,86,87,89,90,91,92,93,94,95,96,97,99,100,103,104,105,106,107,108,109,110,111,112,113,114,115,116,117,118,119,120,121,122,123,125,129,130,131,133,134,135,136,138,139,140,141,142,143,144,145,146,147,148,150,151,152,154,155,157,158,160,161,162,163,164,166,167,168,169,170,171,172,173,175,176,178,179,182,183,184,186,187,188,189,190,191,192,193,194,195,196,199,200,201,202,203,204,205
51,52,54,55,56,59,60,61,62,64,65,66,67,68,69,71,72,73,75,76,78,79,80,81,82,83,84,85,86,88,89,91,92,93,94,95,96,97,98,99,100,101,102,103,104,105,106,107,108,109,110,111,112,114,115,116,117,119,121,122,123,125,126,127,129,130,131,133,134,135,136,137,138,139,140,141,142,143,144,145,146,150,151,152,153,154,156,158,159,160,161,162,163,165,166,168,169,170,171,172,173,174,175,176,177,178,179,180,181,182,183,184,185,186,187,188,189,190,191,192,193,195,196,198,199,200,201,202,203,204
52,53,55,56,57,58,59,60,61,62,63,64,66,67,68,69,70,71,72,74,75,76,78,80,82,83,84,86,87,88,90,91,92,93,95,96,97,98,99,101,103,104,105,107,108,110,112,113,114,115,116,117,119,120,121,122,123,124,125,126,128,129,130,131,132,134,136,137,138,139,140,141,142,144,145,147,148,149,150,151,152,153,157,158,159,160,161,162,163,164,166,167,168,169,170,171,173,174,175,176,178,181,182,183,184,185,186,187,188,190,192,193,194,195,196,197,198,199,200,201,202,203,205
53,54,55,56,58,60,61,62,63,64,65,66,67,68,69,70,71,72,73,74,75,76,78,79,81,83,84,85,87,88,91,92,93,95,96,97,98,100,101,102,103,104,106,107,108,109,112,114,116,117,118,119,120,121,122,123,124,126,127,129,130,133,134,136,137,138,139,140,141,142,143,146,147,149,150,151,154,155,156,157,158,159,160,162,163,164,165,166,168,170,171,172,174,176,177,178,179,180,181,182,183,184,185,186,187,189,190,191,192,193,194,195,196,197,198,199,200,201,202,203,204,205
54,55,56,57,58,59,60,61,62,63,65,66,67,69,70,71,73,74,75,76,79,80,81,82,83,84,85,86,87,89,90,91,92,94,95,96,98,99,100,102,103,104,106,107,108,109,110,111,112,114,116,119,120,121,123,125,126,127,128,129,130,132,133,134,135,136,137,138,139,140,141,143,144,145,146,148,149,150,151,152,153,154,157,158,159,160,161,162,164,165,166,169,170,171,172,173,174,175,176,178,179,180,181,182,183,185,186,188,189,190,191,192,193,194,195,196,197,198,199,200,201,202,203,204,205
55,56,57,58,59,60,61,62,63,64,65,66,67,68,69,70,71,72,73,74,75,76,77,79,80,81,82,83,84,86,87,89,90,91,92,93,94,95,97,98,99,100,101,102,103,104,106,107,108,109,111,112,113,114,115,116,117,118,119,123,124,127,130,131,132,134,135,136,137,138,139,140,141,143,144,145,147,149,151,152,153,154,156,157,158,159,161,162,163,165,166,167,168,169,171,172,173,174,175,177,178,179,181,182,183,184,185,186,187,189,191,192,193,194,195,196,197,198,199,201,202,203,204
56,57,58,59,60,61,62,63,64,65,66,67,68,69,70,71,72,73,75,76,77,78,79,80,81,82,84,85,87,88,89,90,91,92,94,96,97,98,99,100,101,104,105,106,107,108,110,111,112,113,114,115,116,117,118,119,120,121,122,123,124,125,126,128,129,130,131,132,134,136,137,138,139,142,143,144,145,147,148,150,152,153,154,155,156,159,160,161,162,163,164,166,167,168,170,171,172,173,174,175,176,178,179,180,181,182,183,184,185,186,187,189,190,191,192,193,194,195,196,197,198,199,201,203,204,205
57,58,59,61,62,63,64,65,67,68,69,70,71,72,73,74,75,76,77,78,79,80,81,82,83,84,85,86,87,88,90,91,92,93,94,95,96,97,98,99,102,103,104,106,107,108,109,110,111,112,113,114,115,116,118,119,120,121,122,123,124,125,126,127,128,129,130,131,132,134,135,136,137,138,139,140,141,142,143,144,145,146,147,148,149,150,152,153,154,155,156,157,158,159,160,161,162,163,164,165,167,169,170,172,176,177,178,179,181,182,183,184,185,186,187,188,189,190,191,192,193,194,197,198,199,200,201,202,205
58,59,60,61,63,64,65,66,67,68,70,71,72,74,75,76,77,78,79,80,81,82,83,84,85,88,89,90,91,92,93,94,95,96,98,99,101,102,103,104,105,106,107,108,109,110,111,113,114,115,117,118,119,121,122,123,124,125,126,127,128,129,130,131,132,133,134,135,136,137,138,139,140,142,144,145,148,150,151,153,154,156,158,159,161,162,163,164,165,166,167,168,170,171,172,173,175,176,177,179,180,181,182,184,185,186,187,188,189,191,192,193,194,195,196,197,198,199,200,201,202,203,204,205
59,60,61,62,63,64,65,67,69,70,71,72,73,74,75,76,77,78,79,80,83,84,85,86,87,89,90,91,92,93,94,95,96,98,101,103,104,105,107,108,109,110,111,113,116,117,118,119,120,121,122,123,124,125,126,127,128,129,130,131,132,133,134,135,136,138,139,141,142,143,144,145,146,147,148,149,150,151,152,154,155,156,157,158,159,160,162,163,164,166,167,169,170,172,175,176,177,178,179,180,182,183,184,185,186,187,188,189,190,192,193,194,195,196,198,200,202,203,204,205
60,63,64,65,66,67,68,69,70,71,72,73,74,75,78,79,80,81,82,84,87,90,91,92,93,94,95,96,97,98,99,101,102,104,105,106,107,109,110,111,112,114,115,117,118,119,120,121,122,123,124,126,127,128,129,130,131,133,134,135,136,137,138,139,141,142,143,144,145,147,148,150,151,152,153,155,157,158,162,163,164,165,166,168,170,171,172,173,174,176,177,178,179,180,181,182,183,184,185,186,187,188,189,192,194,195,196,197,200,202,203,204,205
61,62,64,65,66,68,69,70,71,73,74,76,77,79,80,81,82,83,84,85,87,88,89,90,91,92,93,94,97,98,99,101,102,103,105,106,107,108,109,110,111,112,115,116,118,119,120,122,123,124,125,126,127,128,129,130,131,132,133,134,135,137,138,139,140,142,143,144,145,148,150,151,154,155,156,157,158,159,160,161,162,163,164,166,167,168,169,170,172,173,174,175,176,177,178,179,181,182,184,185,186,187,188,190,191,193,194,196,197,198,199,200,201,202,203,204,205
62,63,65,66,67,68,69,70,71,72,73,74,75,76,77,78,79,80,81,82,83,85,87,88,90,91,93,94,95,97,98,99,100,101,102,103,104,105,106,107,108,109,110,111,112,113,114,115,117,118,119,120,122,123,124,125,126,127,129,130,132,133,134,135,136,137,138,139,140,141,142,143,144,145,146,147,148,149,150,151,152,154,155,156,157,159,160,163,164,165,166,167,168,169,170,171,172,173,174,175,176,177,178,179,180,181,183,184,185,186,187,188,189,190,191,192,193,194,195,196,197,198,199,200,202,204,205
63,65,66,67,70,71,73,74,75,76,77,78,80,81,82,83,85,86,87,88,90,91,92,93,94,95,96,97,98,99,100,101,102,103,104,106,107,108,109,110,111,112,113,115,117,118,119,120,121,123,125,127,128,129,130,131,132,133,134,135,136,137,138,139,141,143,144,145,147,148,149,150,151,152,153,154,155,156,157,158,159,160,161,162,163,164,165,167,168,169,170,171,172,173,174,175,176,177,178,179,180,181,182,183,184,185,186,187,188,190,191,192,193,195,196,197,199,200,201,202,203,204,205
64,65,67,68,69,70,71,72,73,74,75,76,79,80,81,82,85,86,87,89,90,93,95,96,97,98,99,100,101,102,103,104,105,107,108,109,111,112,113,114,115,116,117,118,119,120,122,124,125,126,127,128,129,130,131,132,133,134,136,137,138,139,140,141,143,144,145,146,147,148,149,150,151,152,153,154,155,156,157,158,159,161,162,164,165,166,167,168,169,170,171,172,173,174,175,176,177,178,180,181,182,183,184,185,187,188,189,190,191,192,193,194,195,197,198,199,200,201,202,203,205
65,66,67,68,69,70,71,72,75,76,78,80,82,83,86,89,90,91,92,94,95,96,98,100,101,103,104,105,106,107,110,112,113,114,115,116,119,120,122,123,125,126,127,129,130,131,132,133,134,135,136,137,139,140,141,142,143,144,149,150,153,154,155,157,158,159,162,163,164,166,167,168,169,172,174,175,176,178,179,180,181,182,183,184,186,188,189,190,191,192,193,194,195,196,197,198,199,200,201,202,203,204,205
66,68,69,70,71,72,73,75,77,78,79,80,81,82,83,85,86,87,88,91,93,95,96,97,98,99,100,101,102,105,106,107,108,109,110,111,112,113,114,116,117,118,119,120,121,122,123,124,125,126,127,128,131,132,133,134,135,136,137,138,140,142,143,144,145,146,147,148,149,150,151,153,154,156,158,159,160,161,162,163,164,165,166,167,168,169,170,172,173,174,175,177,179,182,183,184,185,186,187,188,190,191,192,193,194,196,198,199,200,201,202,205
67,68,70,72,73,74,75,77,78,79,80,81,83,84,85,86,87,89,91,92,93,94,95,96,98,99,100,101,102,103,104,106,107,108,109,110,111,114,115,116,117,119,120,121,122,125,126,127,130,131,132,133,134,135,136,139,141,143,146,147,148,149,150,151,152,153,154,155,157,158,159,160,162,163,164,165,166,168,169,170,171,173,176,177,178,179,180,181,182,183,184,185,187,190,191,192,194,195,196,197,198,199,200,201,202,203,204,205
68,69,70,71,72,75,76,77,78,79,81,82,83,84,85,87,88,89,90,91,93,94,95,96,97,98,99,100,101,102,104,105,106,107,108,109,111,112,113,115,116,117,118,119,120,121,122,123,125,127,128,129,130,131,132,133,134,135,136,137,138,139,140,141,142,143,144,145,146,148,150,151,152,154,155,156,158,159,161,162,163,164,165,166,167,168,169,172,173,174,175,176,177,178,179,180,181,182,183,186,187,190,192,193,194,195,196,197,198,199,200,201,202,203,205
69,72,73,74,76,77,78,79,80,81,82,83,84,85,86,88,89,90,91,92,93,94,95,97,98,99,102,103,104,105,106,107,108,109,110,111,112,113,114,116,118,119,120,121,123,124,125,126,128,129,130,131,132,134,135,136,137,138,139,140,141,143,144,145,146,147,148,149,151,152,153,154,155,157,158,159,162,163,164,165,166,167,168,169,170,172,173,174,176,177,179,180,181,184,185,186,187,188,189,191,192,193,194,196,197,198,199,200,201,202,203,204
70,71,72,73,74,75,77,78,79,80,81,82,83,84,85,86,87,88,89,90,91,92,94,95,96,97,98,99,100,101,102,103,104,107,108,109,110,111,112,113,114,116,117,118,120,121,122,123,124,125,126,127,128,129,132,133,134,135,136,137,139,140,141,142,143,144,145,146,147,148,149,150,151,153,154,155,156,157,159,160,161,162,164,165,166,167,168,169,170,171,172,173,174,175,176,177,178,179,180,181,182,183,184,185,187,188,189,191,192,193,194,195,196,197,198,199,200,201,202,203,205
71,73,74,76,77,79,81,83,84,86,87,88,90,91,92,93,94,95,96,97,98,99,101,102,103,104,105,106,108,109,111,112,114,115,116,117,119,120,123,124,125,126,127,129,130,131,132,133,134,135,137,138,141,142,143,145,146,148,149,150,151,153,154,155,156,157,158,159,160,161,162,163,164,167,168,169,170,171,172,174,175,176,177,178,179,180,181,182,183,184,185,186,187,189,190,191,192,195,197,198,199,201,202,203,204
72,73,74,75,78,79,80,81,83,84,85,86,88,89,90,91,92,94,95,97,98,99,100,101,102,103,104,105,108,109,110,111,113,114,115,116,117,118,119,120,121,122,123,124,125,126,128,129,130,131,132,133,134,135,137,138,139,140,142,143,144,148,150,155,156,157,158,159,160,161,162,163,164,165,166,167,169,170,171,172,174,175,176,179,180,181,182,183,186,187,190,192,193,194,195,196,197,198,199,200,203,204,205
73,74,75,76,77,78,79,80,81,82,83,84,85,86,88,89,90,91,92,94,95,96,97,98,99,100,101,103,104,105,106,107,108,109,110,111,112,113,114,115,116,117,118,119,120,121,122,123,125,126,127,129,130,131,132,133,134,135,136,138,139,141,142,143,144,145,146,147,148,149,151,152,153,154,155,156,157,158,160,161,163,165,168,169,170,171,173,174,175,176,177,178,179,180,181,183,184,185,186,187,188,189,191,192,193,194,195,196,197,198,199,200,201,202,203,204,205
74,76,79,80,81,82,83,84,85,86,88,91,92,93,95,97,98,99,101,104,105,106,108,110,111,112,114,115,116,117,118,121,122,123,125,126,127,128,129,130,131,132,133,134,135,136,137,140,141,142,143,144,145,146,147,148,149,150,151,152,153,154,156,157,158,161,162,163,164,165,166,167,168,169,170,171,172,173,174,176,177,179,180,181,182,183,184,185,186,187,188,189,190,191,192,193,194,195,196,197,199,200,201,202,203,204,205
75,76,77,78,79,81,82,83,84,85,86,87,88,90,91,93,94,95,96,97,98,100,101,102,103,104,106,107,108,110,112,114,115,116,118,119,120,121,122,126,127,129,130,131,132,135,136,137,138,140,141,142,143,144,146,147,148,149,150,151,152,153,154,155,156,159,160,161,162,163,164,165,166,167,168,169,170,172,173,175,176,177,179,181,182,183,184,186,188,189,190,191,192,193,194,196,197,198,199,200,201,202,203,204
76,77,78,79,80,81,83,84,85,86,87,89,90,91,92,93,94,95,96,97,98,99,100,101,103,105,106,108,109,111,112,113,114,115,117,118,120,121,123,124,125,126,127,128,129,130,131,133,134,135,136,137,138,139,140,141,142,143,145,146,147,148,149,150,151,152,154,157,158,159,160,161,162,163,164,165,166,168,169,170,173,174,176,177,178,179,181,182,183,184,186,187,188,189,190,191,192,193,194,195,197,198,199,200,202,203,204
77,78,79,81,86,87,89,90,91,92,93,95,96,97,99,100,101,102,103,104,107,108,109,110,111,112,113,114,115,116,117,118,119,120,121,122,123,124,125,126,127,128,129,130,131,132,133,134,135,136,137,138,139,140,141,143,144,145,146,147,148,149,151,152,153,155,156,157,159,160,161,162,163,164,165,167,169,170,171,172,173,175,176,177,178,181,182,183,184,188,189,191,192,193,195,196,197,198,199,201,202,203,204,205
78,80,81,82,83,84,85,86,87,88,89,90,91,92,93,94,95,96,97,98,99,100,101,102,103,104,105,106,107,108,109,112,113,114,115,116,117,118,119,120,121,122,123,124,125,127,129,130,131,132,133,134,135,136,137,138,139,143,145,146,147,148,149,150,151,152,153,154,155,156,158,159,160,161,163,164,165,166,167,168,169,170,171,173,174,175,176,177,178,179,180,181,182,184,185,186,187,188,190,191,192,193,194,195,197,198,199,201,202,205
79,81,82,83,84,85,86,87,88,89,90,91,92,93,94,95,96,97,98,99,100,101,102,103,104,105,106,107,109,110,111,112,113,114,115,116,117,118,119,120,121,122,123,124,125,126,127,128,129,130,133,135,137,138,139,140,141,142,143,144,146,147,148,149,151,152,154,156,157,158,159,160,161,162,163,168,169,170,171,172,173,174,175,176,177,178,179,180,181,183,184,187,189,190,191,192,193,194,195,196,197,198,199,200,203,204,205
80,81,83,84,85,86,87,88,89,92,94,95,96,97,98,99,100,101,103,104,107,108,109,110,111,112,113,114,115,116,117,118,119,120,121,122,123,124,125,126,128,129,131,132,133,135,136,137,138,139,140,141,142,144,145,146,148,150,152,153,155,158,159,160,161,162,163,164,165,166,167,169,172,173,174,176,177,178,179,180,181,182,184,185,186,187,188,190,191,192,193,194,195,196,197,198,199,200,201,202,203,204
81,83,84,87,89,90,91,93,94,95,96,97,99,100,101,102,103,105,106,107,109,111,112,113,114,115,116,117,118,119,120,122,123,125,127,130,131,132,134,135,137,138,139,140,141,142,143,144,145,146,147,148,150,151,152,153,154,155,156,157,158,159,160,161,162,163,164,165,166,167,170,171,172,173,175,176,177,178,179,181,183,184,185,186,187,189,190,191,192,193,194,195,196,197,198,199,200,201,202,203,204
82,83,84,85,88,89,90,91,92,93,94,95,96,97,99,100,101,103,104,105,106,107,108,109,110,111,114,115,118,119,120,121,122,123,124,125,126,127,128,129,130,131,132,134,135,136,137,138,140,141,142,143,144,145,147,148,149,150,152,153,154,155,156,157,158,159,160,161,162,163,164,165,166,167,169,170,171,172,173,174,175,176,177,178,179,183,184,185,186,188,189,190,191,192,194,195,196,197,199,201,202,203,204
83,84,85,86,87,88,89,90,91,92,93,94,95,96,97,98,99,100,101,102,103,104,105,106,107,108,109,110,112,113,115,116,117,118,120,121,122,125,126,127,129,130,131,132,133,134,135,136,138,140,141,142,143,145,146,147,148,150,151,153,154,155,158,159,160,161,162,163,166,167,168,169,170,171,172,173,174,175,176,177,178,179,181,182,186,187,188,190,191,192,193,196,197,198,199,200,201,202,203,204,205
84,85,87,88,90,92,93,95,96,97,98,100,101,102,103,104,105,106,107,108,109,111,112,115,116,117,118,119,120,121,122,124,125,126,127,128,130,132,134,135,136,137,138,139,140,141,142,143,144,146,147,148,149,150,151,152,153,154,155,156,159,160,161,162,163,164,165,167,168,169,170,171,172,174,175,176,178,179,181,182,183,184,185,186,187,188,189,191,192,193,195,196,197,199,200,201,202,203,204,205
85,86,87,88,90,91,92,93,95,96,97,98,99,100,101,105,106,107,109,110,112,114,115,117,118,120,121,122,124,125,126,127,129,130,131,133,134,135,136,137,138,139,140,141,142,144,145,146,147,148,149,150,151,152,153,154,155,156,157,158,159,160,162,163,164,165,166,167,169,171,172,173,174,175,176,177,179,180,181,182,185,186,187,188,192,193,194,195,196,197,198,199,200,201,202,204,205
86,87,89,90,93,94,97,98,99,100,102,103,104,105,106,107,108,109,110,112,113,114,115,116,117,118,119,120,121,122,123,124,125,126,127,128,129,130,131,132,133,134,135,136,137,140,141,142,143,145,146,148,150,151,152,157,158,159,161,162,163,164,165,166,167,168,169,170,171,172,173,174,175,176,177,178,179,180,181,182,183,184,185,186,187,190,191,192,194,195,196,197,198,199,200,201,202,203,205
87,88,90,91,92,94,95,96,97,98,99,100,101,102,103,104,105,106,107,108,110,111,112,114,115,116,117,118,119,120,121,122,123,124,128,129,130,131,133,135,136,137,139,140,141,142,143,144,145,146,147,148,149,152,153,154,155,156,157,158,159,161,162,163,164,165,166,168,169,170,171,172,173,174,176,177,179,180,181,182,183,184,185,189,190,191,192,193,198,199,200,201,202,203,204,205
88,90,91,92,93,94,95,98,99,100,101,102,103,104,105,106,108,111,112,113,114,117,120,121,123,124,125,126,128,129,131,132,133,134,135,136,137,138,139,140,141,143,144,146,148,149,150,151,153,154,155,156,157,158,159,161,162,163,165,167,168,169,171,172,173,176,177,179,180,181,182,183,184,186,187,188,189,190,191,192,193,194,195,196,197,198,199,200,201,202,204,205
89,91,92,93,94,95,97,98,99,100,101,106,107,108,109,111,113,114,115,116,118,119,120,121,123,124,125,126,127,128,129,130,131,132,133,135,136,138,139,140,142,146,147,148,149,150,151,152,154,156,158,161,162,163,165,166,167,168,169,170,171,173,175,177,179,180,181,182,183,185,186,187,188,189,190,192,194,197,198,199,200,201,202,204,205
90,93,94,95,96,97,98,99,100,101,102,104,105,106,107,108,109,110,112,113,114,115,117,118,119,120,121,122,123,124,125,126,127,128,129,130,131,132,133,134,136,137,138,139,140,141,142,143,145,147,149,150,151,152,153,154,156,157,158,159,160,161,162,163,164,165,166,168,170,171,172,173,174,175,177,179,180,181,182,183,185,186,188,189,191,192,193,194,195,196,197,201,202,203,204
91,92,93,94,95,97,98,100,101,102,103,107,108,109,110,111,112,113,114,115,116,117,118,120,122,124,125,126,127,128,129,130,132,133,135,137,138,139,141,143,144,146,147,148,150,151,152,153,155,157,158,159,160,161,162,163,165,168,169,170,171,172,173,174,175,177,178,180,181,182,183,184,185,186,187,188,189,190,191,192,193,194,196,197,198,199,200,201,202,203,204,205
92,93,94,95,96,97,98,99,100,101,102,103,104,106,107,108,109,110,111,113,114,115,116,117,119,120,121,123,125,127,128,129,130,131,132,133,134,135,137,139,140,141,143,144,146,147,148,149,150,151,152,154,155,156,157,158,159,160,161,162,163,164,165,166,167,169,170,171,172,173,174,175,176,177,178,181,182,183,184,185,186,187,189,190,191,192,193,194,195,196,197,198,199,201,203,205
93,94,95,96,97,98,99,100,101,102,103,104,105,107,108,109,112,113,114,115,116,117,118,120,121,124,125,128,129,130,131,132,134,135,136,138,140,141,142,143,145,146,147,148,149,150,151,152,153,154,155,156,157,158,159,160,161,162,163,164,166,168,169,170,171,172,173,175,176,177,179,180,181,183,185,187,188,189,191,192,193,194,195,196,197,198,199,200,202,203,204
94,95,96,97,98,99,100,101,102,104,105,106,107,108,109,111,112,113,114,117,118,119,120,121,122,123,124,125,128,129,130,132,133,135,137,138,139,140,141,143,144,145,147,148,151,152,153,154,155,156,157,158,159,160,161,162,163,164,166,167,168,169,170,171,172,173,174,175,177,178,180,181,182,184,185,186,187,188,189,190,191,192,193,194,195,196,197,198,199,200,201,202,204,205
95,96,97,98,99,100,102,104,105,106,107,108,109,110,111,113,114,116,117,118,119,120,121,122,123,124,125,128,129,130,131,132,134,135,137,139,140,141,144,145,146,147,148,149,150,151,152,153,154,157,158,159,161,162,163,164,165,166,167,169,171,172,173,174,175,176,177,178,179,180,181,184,185,187,188,189,190,192,193,195,197,198,200,201,202,204,205
96,97,98,99,101,102,103,105,107,109,110,111,112,114,115,116,117,118,119,120,121,122,123,124,125,127,128,130,131,132,133,134,136,137,138,139,140,142,145,146,147,148,151,152,154,156,157,158,159,160,161,162,163,164,166,167,168,169,170,171,172,173,174,175,176,180,181,182,183,184,186,187,189,190,191,192,193,194,195,197,199,200,202,203,204,205
97,98,100,101,102,103,104,105,106,107,108,109,110,111,112,113,114,115,116,117,118,120,121,123,124,125,126,128,129,130,131,132,133,135,137,138,139,140,141,143,145,146,147,148,150,151,152,153,154,155,156,157,159,160,166,167,169,170,171,172,173,174,175,176,177,178,179,180,181,182,184,186,187,188,189,190,192,193,195,196,197,198,199,200,201,202,203,204
98,99,100,102,104,105,108,111,112,113,115,116,118,119,120,122,123,124,125,126,128,129,130,131,132,133,134,135,137,139,140,141,144,145,147,148,149,150,152,153,156,158,159,160,161,162,165,167,168,169,171,172,173,174,175,178,179,181,182,183,184,185,186,187,189,190,191,193,194,196,197,198,199,200,201,202,203,204,205
99,100,101,102,103,104,106,107,108,109,110,111,112,113,114,115,117,119,120,121,122,123,124,125,126,130,131,132,133,134,135,137,138,139,141,142,143,144,145,146,147,148,149,150,152,153,154,155,156,157,158,161,162,163,164,165,168,169,170,171,172,173,174,175,176,179,180,181,182,183,184,185,186,187,188,189,190,191,192,194,195,196,197,198,199,200,201,202,203,205
100,101,102,103,104,105,107,108,109,110,113,115,116,117,118,119,120,121,122,123,126,128,129,130,131,132,133,134,135,137,138,139,140,141,143,144,145,146,147,148,150,151,152,154,155,159,160,164,166,167,169,171,172,173,174,175,177,178,179,180,181,182,183,184,185,186,187,188,189,190,193,194,195,196,197,198,199,200,202,203,204
101,102,103,104,105,106,107,108,109,110,111,112,113,114,115,116,117,118,119,120,121,122,124,126,127,128,130,131,133,134,136,137,138,139,140,142,143,144,145,146,148,149,150,151,152,154,155,156,157,158,159,160,161,162,163,164,166,167,168,170,171,172,173,174,175,176,177,178,179,180,181,182,183,184,185,186,187,188,189,190,193,195,196,197,199,201,202,203,204
102,103,105,106,108,109,110,111,112,113,114,115,117,118,119,120,121,123,124,125,126,128,130,131,132,134,136,137,138,139,140,141,142,143,144,145,146,147,148,149,151,152,155,156,158,159,162,163,164,165,166,167,168,170,171,172,174,176,177,178,179,180,181,182,183,184,185,186,187,188,190,191,194,195,196,197,198,200,201,202,203,204,205
103,104,105,106,107,108,109,111,112,113,115,116,117,118,119,120,121,122,123,124,126,127,128,130,131,132,133,134,135,136,137,138,139,140,141,142,143,144,146,147,149,150,151,152,154,156,157,158,159,160,161,163,164,165,166,167,169,170,171,172,173,174,175,176,177,178,179,180,181,182,183,184,186,187,188,189,190,191,192,193,194,195,197,198,199,200,201,202,203,204,205
104,105,106,107,108,109,110,112,114,115,116,117,118,119,120,121,123,125,126,127,128,129,130,131,132,133,136,137,138,140,141,142,143,144,145,146,147,148,149,150,151,154,155,156,157,158,159,160,161,162,163,164,167,168,170,171,172,173,174,175,176,177,178,179,180,181,182,183,186,187,188,189,190,191,193,194,195,196,197,198,200,201,202,203,204,205
105,106,107,108,109,111,112,113,114,115,116,117,118,119,120,122,123,124,125,126,128,130,132,133,134,135,136,137,138,139,140,141,142,143,144,145,146,147,148,150,151,152,153,154,155,156,158,159,160,161,162,163,164,165,166,167,168,171,173,174,175,176,177,178,179,181,182,183,184,185,186,187,188,189,190,191,192,193,194,195,196,197,198,199,200,201,202,203,204,205
106,107,108,109,110,111,112,113,114,115,116,117,118,119,120,121,122,123,124,125,126,127,128,129,130,131,132,133,134,135,137,138,139,141,142,143,145,146,147,148,149,150,151,152,153,154,155,157,158,159,160,162,163,164,165,166,168,169,171,172,174,175,178,180,181,182,183,184,185,186,188,190,191,192,193,195,196,197,198,199,200,202,203,204,205
107,108,109,110,111,113,115,116,117,118,120,121,122,123,124,125,126,127,128,129,130,131,133,135,136,138,139,140,141,143,144,145,146,148,149,150,151,152,153,154,155,156,157,158,159,160,161,162,163,164,165,168,169,170,172,174,175,176,177,178,179,180,181,182,183,184,185,186,187,189,190,191,192,193,194,195,196,197,198,199,200,202,203,204,205
108,109,110,112,113,114,115,116,117,118,119,120,121,122,123,124,126,128,129,130,132,133,134,136,137,138,139,140,141,142,143,144,145,148,149,151,152,153,154,155,156,157,158,160,161,162,163,164,167,170,171,172,173,174,175,178,180,181,182,183,184,186,187,188,189,190,191,192,193,194,195,196,199,201,202,203,205
109,111,112,113,114,115,117,118,119,120,121,122,123,124,126,127,128,129,132,133,134,135,138,139,140,141,142,143,144,145,146,147,148,149,150,152,153,154,155,156,158,159,160,161,162,163,164,165,166,167,168,169,170,171,172,173,175,176,177,179,180,181,183,184,185,186,187,188,189,190,191,192,193,196,197,198,199,201,203,204
110,111,112,113,114,115,117,118,119,120,121,124,125,127,128,129,130,131,134,135,136,137,138,140,141,142,143,145,146,147,148,149,150,151,152,153,154,157,158,159,160,161,162,163,164,165,166,167,168,172,173,175,176,177,178,179,180,182,184,185,186,187,188,189,190,191,192,193,194,195,196,197,198,200,201,203,205
111,112,114,115,117,119,121,123,124,125,126,127,128,129,130,131,132,134,135,136,137,138,140,141,142,143,144,145,146,147,148,150,151,153,154,155,156,157,159,161,162,163,165,166,168,169,171,172,173,175,177,178,179,180,183,184,185,186,188,189,190,191,192,194,195,196,198,199,200,201,203,205
112,114,115,116,118,119,120,121,122,123,124,125,126,127,129,130,131,132,133,134,135,137,138,139,140,141,142,143,144,145,146,147,148,149,150,151,152,153,154,155,156,157,158,160,163,164,165,167,168,169,170,171,172,173,174,175,176,177,178,179,180,181,182,185,186,187,188,189,190,191,192,193,194,195,197,198,199,201,202,203,204,205
113,116,117,118,120,121,122,124,125,127,128,130,133,134,136,138,139,140,141,143,144,145,146,148,149,150,151,152,153,154,155,157,158,161,162,163,165,166,168,169,170,171,172,173,175,176,177,179,180,181,182,183,184,185,187,188,189,190,191,192,193,194,195,196,198,200,201,204
114,115,116,118,119,120,121,122,123,124,125,126,127,128,129,131,132,133,134,135,136,137,139,140,141,142,143,144,146,147,148,149,150,151,152,153,154,156,158,159,160,161,162,166,167,168,169,170,171,173,174,175,177,178,179,180,181,182,184,186,190,191,193,195,196,197,199,201,202,203,204
115,116,117,118,119,120,121,122,123,127,128,130,131,133,134,136,137,138,139,140,141,142,143,144,145,146,147,148,149,150,151,152,154,155,157,159,160,162,163,165,166,168,169,170,172,173,174,175,176,177,179,180,181,182,183,184,185,186,188,190,191,192,193,194,195,197,198,199,201,202,203,204,205
116,117,121,122,123,124,125,126,127,128,132,133,134,138,139,140,141,142,143,145,146,147,149,150,151,153,154,155,157,161,162,163,164,165,166,167,168,169,170,171,172,173,174,175,176,179,182,184,186,187,188,189,190,192,193,196,197,198,199,200,201,203,204,205
117,118,119,120,121,122,123,124,125,126,127,128,129,130,131,132,133,134,136,137,138,140,141,142,143,144,145,146,149,150,151,152,153,154,155,156,157,158,159,161,162,163,165,166,167,168,169,174,175,176,177,178,179,180,182,183,184,185,186,187,188,189,190,191,193,194,195,196,197,199,200,203,204
118,119,120,121,122,123,124,126,127,128,129,130,131,132,133,134,135,136,137,138,139,143,145,146,147,148,149,150,151,154,155,156,157,158,159,160,161,162,163,164,165,167,170,171,172,173,174,176,177,178,179,180,181,182,183,184,185,186,187,188,189,190,191,192,193,194,195,198,200,201,202,203,204
119,120,121,122,124,127,128,130,132,134,136,137,138,139,140,141,142,143,144,146,148,150,152,154,155,157,158,159,160,161,162,163,164,165,167,168,169,170,171,172,173,174,175,176,177,178,179,180,181,182,183,184,185,187,188,189,191,192,193,194,195,197,198,200,201,204,205
120,122,124,125,128,129,130,132,133,134,135,136,137,138,139,140,141,142,143,144,145,148,149,150,151,153,154,155,156,157,158,159,160,161,162,164,165,166,167,168,169,170,171,172,173,175,176,177,178,179,180,181,183,184,185,187,188,189,190,191,192,193,194,196,197,198,200,201,204,205
121,122,123,124,125,126,127,128,129,130,131,132,133,134,136,137,138,139,140,141,142,143,144,145,146,147,148,149,150,151,152,153,154,155,157,159,160,161,163,164,165,167,168,169,170,171,174,175,176,177,178,179,180,181,183,184,186,187,188,189,191,192,193,194,195,197,198,199,201,202,205
122,123,124,125,127,129,131,132,133,134,137,138,140,141,142,143,144,145,146,147,148,149,151,152,153,154,155,156,157,158,159,160,161,162,163,165,166,167,168,169,170,171,173,174,175,176,177,179,180,182,183,184,186,187,188,189,190,192,193,194,195,196,197,198,201,202,203,204
123,126,127,128,129,132,133,134,135,136,137,139,140,141,143,144,145,146,147,148,149,152,153,154,155,157,161,162,164,165,166,167,169,170,172,173,176,177,178,179,180,181,182,184,186,187,188,189,190,191,192,193,194,196,197,198,199,200,201,202,203,204,205
124,127,128,129,130,131,132,133,135,136,139,140,141,142,143,144,145,147,148,149,151,152,153,154,155,156,157,158,159,160,161,162,163,164,166,167,168,169,171,172,173,174,175,176,177,178,179,180,181,182,183,184,185,186,188,189,190,191,192,193,195,196,198,199,200,201,202,203,204
125,126,127,128,129,131,132,134,137,139,140,141,142,143,144,145,146,147,149,150,152,155,157,158,159,160,161,164,165,166,169,171,174,175,176,177,178,179,180,181,182,183,184,185,186,187,188,189,190,192,193,194,195,196,197,199,200,201,202,203,204
126,127,128,129,132,133,134,135,136,137,139,140,141,143,144,145,146,147,148,149,150,151,152,153,154,155,156,158,159,161,162,163,164,165,166,167,168,169,170,171,172,173,176,177,178,179,181,182,183,184,185,186,188,190,191,192,193,194,196,197,198,199,200,201,203,204,205
127,128,129,130,131,133,135,136,137,139,140,141,142,143,144,146,147,148,149,150,151,152,153,154,155,156,157,158,160,161,162,163,164,165,166,167,168,169,170,171,172,173,174,175,176,177,178,179,181,182,183,185,186,188,189,190,191,192,193,195,196,197,199,200,201,202,204,205
128,129,130,131,132,133,134,135,137,139,140,141,142,143,144,145,146,147,148,149,150,151,152,156,158,159,160,161,162,163,164,165,166,167,168,169,170,171,172,173,174,175,177,178,180,181,182,183,184,185,186,187,190,191,192,193,194,196,197,199,201,202,204
129,130,131,132,133,135,136,137,138,139,140,142,144,145,146,147,148,150,152,154,156,157,158,159,164,165,166,167,168,169,170,171,172,175,176,177,179,180,182,183,184,185,186,187,190,192,193,194,195,196,199,200,201,202,203,204,205
130,131,132,134,135,136,137,138,140,141,143,144,145,146,147,148,149,150,151,152,153,154,155,156,158,159,160,161,162,163,165,166,167,168,170,171,174,175,176,177,178,179,180,182,183,184,185,186,188,189,190,191,195,196,197,198,199,200,201,202,203,205
131,133,135,136,138,139,140,142,145,146,147,148,149,150,153,154,155,156,158,159,160,161,162,163,164,165,166,167,168,169,170,171,172,173,174,175,176,177,179,180,182,184,186,187,188,189,190,191,192,194,195,196,197,198,199,201,202,203,204,205
132,133,134,135,136,137,138,139,140,141,142,144,147,148,151,152,154,156,157,158,160,161,162,164,165,166,167,168,169,170,171,172,173,174,175,176,177,179,180,181,183,184,185,187,188,189,190,191,192,193,194,196,197,198,199,201,202,203,204,205
133,134,135,136,137,138,139,140,141,143,144,145,146,147,150,151,153,154,155,156,157,158,159,161,162,163,164,165,166,167,168,169,171,173,174,175,177,178,179,180,181,182,183,184,186,187,188,189,190,191,192,193,194,196,197,199,201,203,204,205
134,135,136,137,138,139,141,142,143,146,147,148,149,151,152,153,155,156,157,158,161,162,164,165,166,167,168,170,171,172,173,175,176,177,178,181,182,183,184,185,186,187,188,189,190,192,193,194,195,196,197,198,200,201,202,203,204
135,136,138,140,142,143,144,145,146,147,148,149,150,151,152,154,155,156,157,158,159,160,161,162,163,164,166,167,168,169,170,171,173,174,175,176,177,179,180,181,182,183,185,186,187,188,189,190,191,193,195,197,198,200,201,202,204,205
136,137,138,139,140,141,142,143,144,145,146,147,148,149,150,151,152,153,154,155,156,158,159,162,163,164,165,166,167,168,169,170,171,172,173,174,175,177,179,180,182,183,184,185,186,187,188,189,190,191,192,193,194,196,197,200,201,202,204,205
137,138,139,140,141,142,143,144,146,148,149,150,152,153,154,155,156,157,158,159,160,161,163,164,165,167,169,170,171,172,174,175,176,177,178,179,180,181,183,184,185,187,190,191,195,196,197,199,200,201,202,203,204
138,140,141,143,144,146,149,151,152,153,154,155,156,158,159,160,161,163,164,165,166,167,169,171,172,174,175,176,177,178,179,182,183,185,186,188,189,190,191,192,193,195,196,197,199,200,201,202,203,204,205
139,140,141,142,143,144,145,146,147,148,149,150,151,152,153,154,155,156,159,161,162,163,167,168,170,173,176,177,178,179,180,181,182,184,185,187,188,189,190,191,192,194,195,196,197,198,199,200,202,203,204,205
140,141,142,144,145,146,147,149,150,151,152,153,154,155,156,157,158,160,162,163,164,165,166,167,168,169,170,171,172,174,175,180,181,182,183,184,185,186,187,188,189,190,191,192,193,194,195,196,197,198,199,200,201,203,204,205
141,142,145,146,147,148,149,150,151,152,153,154,156,158,159,160,161,162,163,164,165,166,169,170,172,173,175,176,177,178,179,180,181,182,183,184,185,187,188,189,190,191,192,193,194,195,196,197,199,201,202,205
142,143,144,145,146,147,148,149,151,152,153,154,155,157,158,159,160,161,162,164,165,166,171,172,173,174,175,176,178,180,181,182,183,184,185,186,187,189,192,193,194,195,196,197,198,199,200,201,202,205
143,144,145,146,147,148,149,150,151,153,154,156,157,158,160,161,162,163,164,166,167,168,169,170,171,172,173,175,176,178,180,181,182,183,187,188,189,190,192,193,194,195,196,197,198,199,200,202,204
144,145,146,147,148,149,151,152,153,154,156,157,158,159,160,162,163,165,167,168,170,171,172,173,175,176,177,179,180,182,183,184,186,187,188,189,190,191,192,193,194,195,196,197,198,199,200,201,202,203,204,205
145,146,147,149,150,151,153,154,155,156,158,159,160,161,162,163,164,165,166,167,168,169,170,171,172,173,174,175,177,178,179,180,181,182,183,184,185,188,189,190,191,192,193,194,196,198,199,200,202,203,204,205
146,147,149,150,151,152,153,154,155,156,158,160,161,162,164,166,167,168,169,171,172,173,175,176,177,179,180,181,182,185,186,187,188,189,190,191,192,193,194,196,197,198,200,201,203,204,205
147,148,150,151,152,153,154,155,156,157,158,160,161,162,163,164,166,167,169,170,171,173,174,176,177,178,179,180,181,182,183,184,185,186,187,188,189,190,191,192,194,195,196,197,199,200,201,202,203,205
148,149,151,152,153,154,155,156,158,160,161,162,163,164,166,171,172,173,174,175,177,178,179,180,181,183,185,186,188,189,190,191,192,193,194,196,197,198,199,201,203,204,205
149,150,151,153,154,155,157,158,159,160,161,162,163,164,165,166,167,168,169,171,172,173,174,175,176,177,178,179,181,182,184,187,189,190,191,192,193,194,196,197,198,199,200,201,202,203,205
150,151,152,153,156,157,158,159,160,162,163,164,165,167,168,169,170,171,172,173,174,175,176,177,179,180,181,183,184,185,187,190,191,192,193,194,195,196,197,198,199,200,201,202,203,204,205
151,152,154,155,156,157,159,160,161,162,163,164,165,166,167,168,169,172,173,174,176,177,178,179,180,181,182,183,184,186,188,189,190,191,192,193,194,195,196,198,199,200,202,203,204,205
152,153,155,156,157,158,159,160,161,162,163,164,165,166,167,168,169,170,171,172,174,175,176,177,178,179,180,181,184,185,186,187,188,189,192,193,194,195,196,197,198,199,200,202,203,204,205
153,155,156,157,158,159,160,162,163,165,166,167,168,170,172,174,175,176,177,179,180,181,182,183,184,185,186,187,188,189,190,191,192,193,194,196,197,198,199,201,202,203,204,205
154,156,157,158,160,162,163,164,165,166,167,169,170,171,172,174,175,176,178,179,181,182,183,184,185,186,187,188,189,190,191,192,193,194,195,196,197,198,199,200,201,202,203,205
155,156,157,158,159,161,162,163,164,165,166,169,171,172,173,174,175,176,177,178,179,182,183,185,186,188,189,190,191,192,193,194,195,196,197,198,199,200,201,204,205
156,157,158,159,160,161,162,163,164,165,166,168,169,170,171,175,176,177,178,179,180,181,184,185,186,188,189,190,191,192,194,195,196,197,198,199,200,201,202,203,204
157,161,162,163,164,165,167,169,170,171,173,174,175,176,177,178,179,180,181,182,183,184,185,186,187,188,189,190,192,193,195,199,201,202,204,205
158,159,160,161,162,164,165,166,167,168,169,170,171,173,174,175,176,177,178,179,181,182,184,185,187,188,190,191,193,194,195,196,197,198,199,200,201,203,204,205
159,160,161,162,163,164,165,166,167,168,169,171,172,173,174,175,176,177,178,179,180,181,182,183,184,187,188,189,190,191,193,194,195,196,197,198,199,200,202,204,205
160,161,163,164,165,166,167,168,169,170,172,173,174,175,176,177,179,180,181,182,183,184,185,186,187,188,189,190,191,192,193,194,195,196,197,199,200,201,202,203,205
161,162,163,164,165,166,167,168,169,170,171,172,173,174,175,176,177,178,179,180,182,184,185,186,187,188,189,190,192,193,194,195,196,197,198,199,200,201,202,203,204,205
162,163,164,166,167,168,169,170,171,172,173,174,175,176,177,178,179,180,181,182,183,185,186,188,189,190,191,192,195,196,197,198,200,201,202,204
163,164,165,167,170,171,172,174,177,178,179,180,182,183,184,185,186,187,188,189,190,191,193,194,196,198,199,200,201,202,204,205
164,166,167,168,169,170,172,173,174,175,176,177,178,179,180,181,182,183,185,186,188,189,190,191,193,194,195,196,197,198,200,201,203,204,205
165,166,168,170,171,172,174,175,176,177,178,179,180,181,182,183,184,185,186,187,190,192,193,194,195,196,198,200,201,202,204,205
166,167,169,170,171,174,175,177,179,180,181,182,183,184,185,186,187,188,190,191,192,194,195,196,197,198,199,200,201,202,203,204,205
167,168,170,172,173,174,175,176,178,179,180,181,182,183,184,185,186,189,190,192,194,195,196,197,198,199,200,201,202,203,204,205
168,169,170,171,172,173,175,176,177,178,179,180,181,183,184,185,186,187,188,189,190,191,192,193,194,195,196,197,199,200,201,204,205
169,170,171,172,173,174,175,176,179,180,182,183,184,185,186,188,189,190,191,193,194,195,196,197,199,200,202,205
170,173,177,178,179,180,181,182,183,184,185,186,187,188,189,190,192,193,194,195,196,198,199,200,201,202,203,204,205
171,172,173,174,175,178,180,181,183,184,185,186,187,188,189,190,191,192,193,194,196,197,198,199,200,202,203,204
172,175,176,177,180,181,182,184,185,186,187,188,189,190,191,193,194,195,197,198,199,200,201,203,204,205
173,174,175,176,177,178,179,180,181,182,183,184,185,186,187,188,189,190,191,192,194,195,196,197,198,199,200,201,202,203,204,205
174,175,176,177,179,180,181,182,183,184,185,186,187,188,189,190,191,192,193,194,195,196,197,198,199,200,201,202,203,204
175,176,178,179,181,182,183,184,187,189,190,191,194,195,196,198,200,202,203,204,205
176,177,178,179,180,181,182,183,184,185,186,187,188,189,190,191,192,193,194,195,198,199,200,201,202,203,205
177,178,179,180,182,183,184,185,186,188,190,191,192,193,194,196,197,199,200,203
178,179,180,181,182,183,184,185,186,187,188,189,190,191,193,195,196,197,198,200,201,202,203,204
179,181,182,183,184,185,186,187,192,193,194,195,196,197,198,199,200,202,203,204,205
180,181,182,185,186,187,189,190,191,192,193,194,195,196,197,198,200,201,202,203,204,205
181,182,184,185,186,187,188,189,190,191,192,193,194,195,196,197,198,199,202,203,204,205
182,185,187,188,189,191,192,193,194,195,196,197,198,199,201,202,203,204,205
183,184,185,186,187,189,190,191,192,193,194,195,196,197,198,199,200,202,203,204,205
184,185,186,187,188,189,190,193,195,196,197,198,199,200,201,202,203,204,205
185,186,187,188,189,190,191,192,193,196,197,198,199,200,202,203,205
186,187,189,190,191,192,193,194,195,196,197,198,199,200,201,202,203
187,188,189,190,191,192,193,194,195,197,198,199,200,201,202,203,204,205
188,189,190,191,192,193,194,195,198,199,200,202,203,204,205
189,191,192,193,194,195,196,197,199,200,202,203,204,205
190,191,192,193,194,195,196,197,198,199,200,201,202,203,204,205
191,192,193,194,195,196,197,198,199,202,203,204
192,195,197,198,199,200,201,202,203,205
193,194,195,196,197,198,199,200,201,202,203,204,205
194,196,197,199,201,202,203,204
195,196,197,199,200,201,202,203,205
196,197,198,199,200,201,202,203,204,205
197,198,199,200,201,202,203,204,205
198,199,200,201,202,203,205
199,201,202,204
200,201,203,204,205
201,202,203,204
202,204
203,204,205
204,205
205
