n_nodes:142
n_edges:4645
density:0.46399
0,128,1,2,131,132,5,6,129,8,9,11,12,141,18,20,22,23,25,27,29,34,134,40,42,43,45,47,48,49,50,51,53,56,60,64,65,66,67,68,69,70,75,85,135,93,96,103,106,107,108,109,111,112,113,114,118,119,120,121,122,124,125,127
1,2,3,132,5,6,7,136,10,11,13,14,16,18,19,134,22,23,24,26,27,31,32,139,37,39,40,41,42,43,48,49,50,54,55,56,58,62,65,67,68,130,71,73,78,141,82,84,85,86,89,90,93,96,98,99,100,103,105,108,110,111,112,114,116,120,123,126
2,130,131,132,5,6,7,8,137,10,15,17,19,20,21,25,29,133,33,34,35,40,42,135,45,51,53,54,56,62,63,71,73,74,80,81,82,86,88,89,90,91,93,94,96,98,99,103,104,129,113,115,117,118,119,120,122,124,125,127
3,128,131,132,6,7,137,138,139,140,13,14,15,23,26,29,30,32,34,35,36,134,40,41,42,43,44,45,46,49,50,51,52,54,55,56,57,58,59,61,62,64,66,68,72,74,75,77,83,84,90,92,93,94,95,97,99,110,111,114,116,117,123,126,127
4,129,5,135,8,137,138,139,12,13,15,141,17,18,21,22,23,24,28,31,34,38,41,45,47,48,52,53,54,56,64,65,66,67,70,71,72,140,74,76,79,82,83,85,90,91,92,93,94,97,99,101,102,103,104,105,107,111,113,114,115,118,119,120,121,122,123,125,126,127
5,131,133,9,10,11,140,16,17,23,24,25,27,31,33,35,36,39,40,41,42,48,51,52,138,55,132,57,58,61,62,63,66,67,70,71,74,75,77,78,80,81,84,85,86,88,89,91,93,94,95,99,100,102,109,111,113,114,115,118,120,121,123,124,126,127
6,132,133,128,7,137,10,139,140,130,14,15,19,21,22,23,24,26,27,28,32,36,37,129,41,42,44,49,50,51,52,56,138,63,65,67,68,69,70,72,74,75,77,78,141,81,83,85,88,91,92,93,98,131,101,102,104,105,106,108,110,111,113,115,116,118,119,121,123,124,125
7,128,129,137,11,12,130,16,17,18,20,21,24,26,27,29,31,32,37,38,42,44,46,49,50,51,52,55,57,60,61,134,63,70,74,75,78,141,82,83,84,90,92,94,95,98,100,101,103,106,108,110,113,115,116,119,121,127
8,128,131,133,135,136,9,10,132,12,141,16,18,21,25,26,27,29,33,37,40,43,44,45,46,47,48,49,50,53,138,137,57,59,60,61,63,139,68,69,70,71,72,73,76,77,79,81,83,84,87,88,93,97,98,101,102,106,107,109,110,111,140,116,119,120,121,124
9,129,130,132,134,140,17,20,21,22,23,24,27,28,29,30,133,33,35,40,41,42,44,136,54,55,56,60,61,64,65,67,68,69,70,71,73,74,75,76,78,79,80,81,82,83,84,86,87,88,89,92,93,94,96,97,100,102,104,106,109,110,113,115,118,122,123,124,125,127
10,131,135,139,12,13,16,18,20,22,25,26,27,29,30,31,32,33,36,37,133,39,41,44,49,51,52,54,55,56,140,60,61,134,64,67,69,130,71,72,73,75,78,79,82,83,85,87,88,89,90,93,95,99,101,106,107,113,114,115,118,122,123,124,125,127
11,132,137,128,12,14,21,22,24,26,27,29,30,31,32,33,39,129,41,135,47,50,51,54,60,138,64,68,69,140,75,78,80,83,85,86,88,92,95,96,98,101,104,106,110,112,113,115,116,117,121,123,124
12,131,134,137,141,16,18,21,22,25,27,29,30,36,42,135,44,49,53,54,56,57,59,138,62,68,71,73,74,75,78,79,80,82,86,88,89,91,92,93,94,95,99,100,101,104,107,108,112,116,117,119,120,121,125
13,133,134,135,137,15,16,17,131,22,24,25,28,29,32,33,34,35,36,38,39,44,45,46,47,48,49,51,57,138,63,64,66,70,71,79,80,81,84,87,93,95,96,97,103,104,106,109,110,113,114,115,116,118,120,122,124
14,128,130,133,135,136,137,138,131,22,23,27,28,32,34,37,38,40,42,44,45,46,47,48,49,50,53,55,56,68,69,70,71,73,76,77,78,80,81,83,84,89,90,92,94,95,96,98,99,104,105,106,107,108,109,111,113,117,119,120,121,122,125,126
15,128,129,133,136,137,140,16,17,19,23,27,29,30,35,36,37,42,43,46,47,48,49,50,53,54,56,57,59,62,63,66,130,71,72,74,75,76,77,141,80,81,82,86,90,91,92,93,94,95,96,98,100,102,104,106,107,111,114,117,118,120,121,123,124,125,127
16,132,137,139,17,21,22,24,25,26,27,30,133,34,35,38,40,42,135,48,51,52,54,55,59,60,65,68,70,72,129,74,76,80,82,85,88,91,93,94,96,97,98,99,101,102,104,105,106,108,109,110,113,114,118,124,125
17,129,131,136,138,19,20,21,22,23,132,27,28,29,31,36,38,39,40,41,44,47,48,50,52,53,58,59,60,63,65,67,68,70,71,79,80,83,86,90,130,95,96,98,101,102,103,105,108,109,111,112,113,115,118,120,125
18,133,21,23,25,27,31,34,36,38,39,40,42,44,45,50,53,138,55,58,59,61,62,64,71,72,140,75,79,80,86,87,89,91,92,93,96,97,104,105,110,111,112,113,114,115,116,118,120,121,122,125,126,127
19,128,132,133,137,139,140,20,21,22,23,27,31,39,40,43,46,51,52,53,56,57,58,60,65,68,69,70,71,75,77,79,80,85,87,88,89,91,101,102,104,105,106,108,109,112,113,115,116,120,121,123,124,125,127
20,129,131,136,139,140,141,21,22,24,27,29,30,32,33,34,35,40,42,47,50,51,52,53,54,55,57,58,59,61,65,66,69,71,73,74,77,84,86,87,90,93,95,96,98,99,111,112,115,117,118,120,137,123,125,127
21,129,131,138,132,28,30,31,34,35,37,38,40,135,44,46,52,53,54,55,56,59,60,61,62,65,68,73,74,75,77,78,79,80,81,85,87,89,90,91,94,97,100,102,107,108,109,111,116,117,118,120,121,122,123,125
22,131,133,129,136,23,24,29,30,32,34,134,38,41,135,46,47,49,51,52,53,54,55,56,57,60,61,64,65,66,70,72,73,74,75,141,83,85,89,93,97,98,101,103,107,110,112,115,117,119,120,137,125
23,132,135,139,25,26,27,31,32,34,134,38,39,40,41,43,45,55,56,59,61,62,66,67,70,72,76,80,82,83,86,87,88,89,91,92,94,95,96,100,102,103,105,107,109,111,112,113,115,118,119,122,125,126,127
24,128,130,131,26,27,29,32,33,34,35,37,38,39,40,43,44,47,49,50,51,56,57,60,61,63,66,70,73,75,79,81,85,86,89,90,91,92,94,98,102,107,108,109,129,141,112,115,117,119,120,121,122,124
25,128,131,132,137,139,26,27,32,34,35,37,43,48,49,50,51,52,53,55,62,66,69,73,76,77,78,85,86,88,89,90,92,93,94,95,96,98,99,100,104,105,112,114,115,118,121,136,123,124,125
26,128,135,137,138,28,30,31,33,34,36,38,39,40,43,45,47,136,50,54,55,61,62,63,67,68,71,73,75,77,78,81,83,139,85,86,88,91,92,94,95,96,99,100,101,102,104,107,110,115,117,118,120,124,127
27,131,137,30,31,133,33,34,36,37,40,41,43,44,45,46,49,50,51,52,53,55,138,62,64,65,66,67,68,69,71,140,74,76,77,81,86,87,89,91,135,93,94,95,99,100,134,102,111,112,113,114,115,117,118,120,121,123
28,130,131,133,136,137,132,31,33,37,38,41,43,44,46,48,49,51,53,54,55,57,59,60,61,63,64,68,73,81,82,83,85,86,88,91,92,93,94,98,105,109,110,111,116,117,119,120,121,124,126
29,129,132,133,134,141,131,30,34,36,38,40,42,135,44,45,46,47,49,50,52,53,54,137,56,57,58,59,60,61,62,63,67,68,69,71,140,75,76,79,81,139,87,89,92,93,95,96,98,136,100,101,102,103,104,111,117,118,120,122,124
30,129,132,133,134,135,137,31,33,138,41,42,46,49,52,53,54,55,56,59,60,61,63,67,68,69,72,76,77,81,82,83,85,86,88,92,94,96,98,99,100,102,103,104,108,109,111,112,113,114,116,117,119,120,124,125
31,128,134,140,32,33,36,38,129,42,43,44,47,48,52,57,59,65,66,67,68,71,77,79,82,83,89,90,91,135,94,97,98,100,103,104,106,107,110,111,112,113,114,115,118,119,124,125,126,127
32,133,140,34,35,37,40,42,49,50,52,56,58,59,60,65,66,67,69,72,75,76,78,141,82,83,85,86,91,92,100,103,104,105,106,108,109,110,111,117,121,122,124,126,127
33,128,129,131,132,134,34,38,39,43,47,48,136,54,137,58,138,63,65,66,73,75,76,78,80,81,86,87,88,90,91,92,94,96,100,103,104,106,107,115,116,118,119,121,124,125,127
34,134,136,140,131,36,37,40,41,43,44,45,49,50,51,52,55,58,60,62,64,70,71,73,77,81,83,84,85,86,87,89,130,93,94,95,96,98,100,105,107,110,111,112,113,114,119,121,123
35,135,139,140,131,39,40,43,44,45,48,49,52,53,54,55,58,59,64,65,66,69,130,73,75,76,78,79,80,81,82,83,84,86,137,91,92,93,94,95,96,97,98,100,103,104,109,111,112,113,114,116,118,119,121,122,123
36,128,129,132,135,136,139,131,133,37,39,40,41,45,46,47,48,49,51,52,53,54,58,59,61,62,66,67,69,70,71,72,140,74,75,76,77,78,141,82,83,85,86,87,88,91,96,99,100,101,104,105,106,108,113,138,118,119,122,124,125,126,127
37,128,130,132,140,141,39,40,41,42,43,45,48,49,51,54,55,56,57,58,59,60,72,73,76,79,80,82,89,90,92,94,100,101,102,104,105,107,116,120,121,122,123,125,126
38,130,133,136,39,43,45,46,50,51,56,57,58,59,60,62,65,68,69,70,73,76,78,79,80,141,82,91,92,102,103,104,105,107,109,111,112,113,115,117,118,121,122,123,124,127
39,130,131,132,134,136,140,40,42,43,45,49,50,53,55,56,57,60,62,63,65,139,68,69,71,72,75,77,78,80,81,82,83,85,89,90,91,93,95,96,97,98,100,101,103,105,111,112,114,115,117,119,120,121,122,123,124,125
40,132,134,135,128,140,133,41,42,43,46,50,56,57,59,138,66,67,68,69,71,74,75,77,78,79,82,83,93,96,97,99,101,102,104,106,108,109,110,111,113,115,121,122,124,125,126
41,130,135,136,131,42,43,44,49,51,137,57,61,134,63,64,65,66,68,70,72,74,75,76,79,81,86,87,88,93,94,95,96,97,98,101,102,103,106,108,110,114,116,118,120,121,122,126
42,43,44,45,46,47,49,50,51,55,57,58,60,61,63,64,65,67,68,70,71,72,73,74,76,77,78,79,81,82,85,87,91,94,96,97,98,100,101,103,105,107,108,109,110,112,116,117,118,119,121,122,123,126,127,128,129,130,131,132,133,135,137,138,139,140
43,130,137,139,140,45,46,48,50,51,55,56,58,59,60,63,64,65,66,68,72,74,75,77,78,79,81,84,89,90,92,94,100,101,102,103,104,106,109,112,114,121,123,124,125,126
44,129,130,133,134,45,46,47,49,50,51,137,56,60,63,64,65,68,69,71,73,75,77,79,83,85,86,91,92,94,96,97,98,136,101,102,105,106,112,113,114,115,116,118,121,122,124,126,127
45,129,140,141,131,46,48,51,54,55,57,61,64,66,67,68,70,72,75,78,79,80,81,84,88,89,90,91,92,94,130,98,99,102,104,105,108,109,113,115,116,117,118,120,121,123
46,128,130,133,137,138,139,140,49,50,51,53,55,57,58,59,61,66,67,71,73,74,77,82,85,86,87,135,93,94,96,98,102,104,107,110,111,112,115,116,117,118,120,121,136,123,125
47,128,130,133,129,138,48,49,51,54,55,56,59,62,63,65,67,68,69,70,73,75,77,81,85,86,87,89,93,95,100,103,107,108,110,112,113,114,117,121,123,125
48,134,129,137,128,51,55,60,61,64,65,68,70,71,72,73,74,76,77,141,80,82,84,85,86,88,89,90,94,95,99,100,102,103,105,108,110,112,113,115,117,121,124,125,127
49,130,132,133,139,141,135,54,56,58,60,138,62,66,67,70,75,79,83,84,86,91,96,98,99,101,104,105,107,112,113,114,115,116,118,120,121,122,123,125,126,127
50,130,131,136,51,53,54,60,61,62,63,64,66,68,70,72,73,74,78,79,84,85,86,88,92,93,94,96,98,100,101,102,104,105,106,116,119,120,122,123,125,127
51,128,137,138,129,52,54,134,57,58,61,62,63,67,69,70,71,73,76,80,82,83,84,85,91,135,130,99,100,101,105,106,107,108,110,111,114,115,116,118,119,123
52,129,130,136,137,132,135,54,55,58,139,68,72,73,74,76,82,85,86,89,90,91,92,93,94,97,99,131,101,103,105,106,109,113,116,117,121
53,128,131,139,130,57,59,61,66,70,71,74,76,77,89,91,92,93,94,98,101,102,105,106,109,113,117,118,120,121,123,124,127
54,133,134,129,141,131,132,135,55,57,58,59,138,62,63,64,65,67,69,71,140,77,78,81,82,84,86,87,89,90,91,92,93,94,97,98,107,110,113,114,122,124,126
55,128,141,131,129,56,57,62,63,65,67,68,69,72,76,79,81,82,85,87,89,90,91,135,93,94,96,97,98,99,100,103,104,106,108,109,112,113,115,118,120,122,125,126,127
56,133,135,141,132,57,140,138,68,72,73,74,75,76,78,79,80,85,89,91,92,137,96,101,102,105,113,114,115,116,117,118,119,121,122,123,124,126,127
57,128,129,132,134,138,139,135,58,60,61,63,64,67,70,71,140,75,76,78,81,87,88,91,92,93,94,96,98,99,100,102,104,105,107,110,111,112,131,119,123,126
58,132,135,133,59,60,62,63,65,66,73,74,76,77,79,81,83,84,87,88,89,91,94,95,96,97,101,104,108,113,114,123,124,127
59,130,133,134,135,131,136,60,61,62,64,66,68,69,71,73,74,76,79,80,83,86,88,89,90,91,93,95,97,99,100,104,106,108,109,114,116,117,120,121,122,124,126
60,128,130,133,134,141,137,61,64,67,68,71,72,76,77,80,81,88,89,90,91,93,94,98,99,101,102,104,106,108,112,113,114,115,120,136,126
61,129,130,132,139,141,63,68,72,74,78,80,82,83,84,85,86,88,89,92,95,96,98,99,102,103,105,108,109,110,115,119,120,124,125
62,128,132,136,138,141,63,67,69,71,72,140,74,75,77,82,85,90,93,95,97,103,104,105,107,108,109,111,112,114,117,118,120,121,122,124,125
63,128,131,132,135,140,134,136,64,66,139,70,71,72,74,77,80,81,84,85,91,92,93,96,99,101,102,103,104,108,109,112,117,122,123,124,125
64,129,135,132,137,138,66,139,68,70,71,75,76,141,81,82,85,88,90,93,94,97,98,99,104,105,109,111,113,115,118,124,125,127
65,129,141,134,66,67,71,74,78,79,83,84,94,95,99,102,105,107,108,111,112,118,121,124,126
66,128,132,134,135,136,137,139,140,133,68,74,75,77,79,80,81,86,88,93,94,96,99,101,102,104,105,107,111,112,114,115,116,118,119,122,124,125,126,127
67,130,131,141,137,133,134,69,77,81,82,84,85,86,87,89,90,92,93,95,97,98,100,101,102,103,105,108,110,111,112,114,116,117,122,126,127
68,130,133,129,138,137,134,73,76,77,80,81,82,85,87,90,91,95,96,97,99,101,103,106,107,108,109,112,117,118,119,120,123,125,126
69,128,140,136,78,79,80,83,139,87,93,95,96,98,99,100,101,102,104,105,108,111,112,114,115,116,117,119,123,124,125,127
70,128,131,139,140,134,71,72,73,75,141,80,83,86,88,91,93,94,95,96,98,100,101,102,103,104,105,107,109,111,113,121,122,126
71,129,139,132,136,138,72,140,76,77,78,80,81,82,83,85,86,89,130,93,94,95,96,97,98,101,102,103,105,106,107,108,109,113,119,120,121,122,125
72,128,129,133,141,134,132,136,80,81,87,88,89,90,93,98,100,103,107,112,114,115,116,117,120,127
73,128,135,141,137,74,76,77,80,81,82,83,85,88,89,91,97,98,99,100,103,105,106,108,109,110,112,113,118,120,121,124
74,129,132,133,137,81,82,83,87,89,94,97,98,99,100,104,106,108,111,112,113,116,117,118,119,122,123,124,125,127
75,129,136,133,134,139,140,76,77,80,81,83,85,87,88,91,95,97,98,99,100,101,103,104,105,106,107,112,113,114,115,116,119,120,121,126
76,129,135,138,139,77,80,81,85,90,95,100,103,104,105,106,108,111,112,113,114,115,117,119,121,122,123
77,129,139,141,133,134,136,78,79,80,82,86,87,88,89,93,97,98,99,101,102,103,104,106,108,110,112,114,117,118,120,122,126,127
78,135,136,138,134,129,83,88,91,92,93,94,95,97,98,99,101,104,108,112,113,114,118,120,121,124,125,126,127
79,129,133,132,138,141,84,85,86,88,91,92,93,96,99,101,102,103,107,108,109,116,117,118,119,120,136,123,124,125,127
80,129,137,81,82,87,88,89,92,94,95,97,100,102,103,107,108,111,116,118,119,123,126
81,128,135,138,133,134,141,82,83,86,87,94,95,98,99,100,106,107,112,113,118,119,121,124
82,134,136,130,137,132,138,141,85,87,88,90,94,95,96,99,100,101,103,105,108,109,111,114,115,118,120,125
83,130,132,134,137,84,85,87,88,89,93,96,98,99,107,109,111,116,118,120,121,123,124,126
84,128,134,140,133,137,135,85,87,88,90,92,96,97,99,104,107,108,109,110,114,115,119,120,121,122,124,127
85,131,136,140,141,128,88,89,90,92,93,96,97,101,102,106,107,108,113,114,115,117,118,119,120,123,126,127
86,131,135,138,130,139,87,88,89,92,93,94,95,96,97,101,106,107,108,111,112,113,114,115,116,124,126,127
87,128,129,132,134,140,141,91,94,95,97,98,99,102,103,105,108,109,112,113,114,115,118,122,125,126,127
88,130,133,137,139,141,91,93,94,95,100,101,102,105,106,110,113,140,115,117,118,119,121,122
89,131,132,136,138,91,93,137,99,100,101,104,108,109,110,111,112,113,116,117,120,121,122,123,124,127
90,133,134,137,132,140,130,139,138,91,135,94,95,97,98,99,101,104,106,108,109,110,113,114,116,117,118,124
91,131,136,130,132,134,140,99,106,107,111,114,115,118,120,121,122,124
92,128,129,130,136,138,141,139,132,134,140,135,93,94,95,96,97,98,99,100,102,104,106,108,112,113,116,119,120,121,123,124,125,126
93,129,139,137,133,135,136,141,94,96,98,99,101,106,108,109,111,113,115,118,119,120,122,123,124,125,127
94,129,134,136,139,130,140,141,96,98,99,100,102,105,106,113,116,117,118,119,122,125,127
95,128,129,134,136,141,98,100,101,102,103,104,106,108,109,111,114,115,116,120,121,122
96,129,136,138,135,141,130,98,102,105,106,108,109,110,111,114,115,118,120,121,123,124,126,127
97,128,130,134,138,139,137,136,141,99,100,102,103,104,106,107,111,112,114,116,118,120,122,125
98,128,132,133,138,140,141,134,139,101,105,110,111,112,114,115,116,118,119,121,123,126
99,135,136,137,132,131,140,138,100,102,103,104,106,107,108,110,114,115,117,118,123,125,127
100,130,132,137,133,102,103,104,105,109,111,112,113,115,116,117,118,119,120,121,122,123,126
101,130,133,137,139,105,108,112,113,115,118,125
102,128,130,138,139,133,136,103,104,105,107,108,109,111,121,123,124,126
103,131,128,140,141,132,135,108,115,119,120,121,123,124,125
104,128,129,131,133,138,134,130,140,106,110,111,113,115,116,118,121,122,123,125,126,127
105,128,129,137,138,135,106,108,110,116,117,118,121,123,124,125,126,127
106,128,130,133,134,136,135,138,109,110,113,116,120,124,125
107,129,130,133,141,110,111,112,113,114,117,136,122,123,124,126
108,132,133,136,128,134,129,110,114,119,121,122,123,125
109,130,132,134,139,140,133,141,111,112,118,122,123
110,130,132,140,131,134,136,137,141,129,111,116,117,120,121,122,125,127
111,130,129,139,140,141,136,113,115,116,117,118,121,124,125,126
112,130,131,132,133,136,141,139,140,115,116,117,118,120,121,123,124,125,126
113,133,134,135,138,114,115,116,117,125
114,130,134,129,137,132,131,133,138,116,119,121,125
115,129,131,140,133,134,130,141,118,137,132,127
116,128,132,137,138,134,140,122,123,125
117,128,134,136,130,141,140,139,118,119,121,124,125,127
118,136,137,133,134,138,130,119
119,128,138,141,132,134,129,135,123,125,127
120,131,134,135,141,130,136,121,122,123,125,126,127
121,129,132,131,137,138,139,140,136,122,123,124,125,127
122,128,131,135,136,139,137,138,123,124
123,128,140,141,138,131,124
124,128,129,136,133,139,130,138,135
125,128,131,133,129,137,140,135,134,126,127
126,130,129,137,138,140,127
127,134,136,139,130
128,129,133,141,136
129,137,136,135,139
130,132,136,139,140,138,134
131,132,135,138
132,138,137,141
133,135,139,140,138,141,136
134,135,137,140,141
135,139,136,140
136,138,139,141
137
138,141,140
139
140,141
141
