n_nodes:166
n_edges:7642
density:0.55801
0,1,2,4,5,6,9,10,11,12,13,14,15,19,21,22,27,28,29,30,32,33,34,40,41,42,44,45,47,48,49,50,54,56,58,59,62,64,65,66,69,72,73,74,76,77,78,80,81,82,83,89,91,93,94,95,98,101,103,104,105,107,111,119,124,126,127,129,130,135,137,139,141,142,143,146,148,149,151,154,157,158,159,161,163,164,165
1,128,130,4,133,8,9,10,11,12,158,16,152,18,19,148,150,151,24,25,154,155,157,30,159,32,33,163,164,37,146,41,42,45,47,49,50,51,52,53,54,56,59,63,161,139,147,69,71,72,140,74,76,77,78,79,81,84,87,88,89,90,91,95,96,97,98,99,100,102,105,106,108,109,111,113,114,115,116,117,121,136,123,125,144
2,4,5,6,8,9,10,11,12,13,14,15,16,19,23,24,26,28,29,32,33,34,36,38,40,42,44,46,51,53,54,55,56,58,62,63,64,67,68,69,71,73,77,79,85,89,91,95,96,97,98,101,102,103,104,105,106,108,109,112,113,115,116,117,119,120,121,123,124,127,128,129,133,135,136,141,142,143,146,147,148,150,151,152,154,155,156,157,159,161,162,163,164,165
3,129,130,142,150,6,136,9,10,11,141,14,15,16,164,146,19,21,22,137,153,26,28,29,158,32,161,34,35,36,134,39,41,42,44,46,157,48,51,52,53,54,55,57,138,62,63,64,66,67,68,69,71,72,73,75,76,78,79,80,81,156,83,85,86,87,89,93,95,98,101,103,107,108,154,113,114,115,116,117,126,149
4,5,6,7,8,9,10,11,12,13,14,15,16,20,25,27,28,29,31,33,34,35,36,37,38,39,40,41,43,46,51,52,53,54,55,56,57,59,61,64,66,67,68,70,71,72,77,78,79,81,83,84,85,91,92,97,98,99,102,103,104,109,110,112,115,117,119,120,121,122,123,125,126,127,128,129,130,131,132,133,134,135,140,142,143,144,146,148,150,151,152,153,155,156,157,159,161,163,164
5,7,13,14,18,21,23,25,26,29,31,32,35,37,39,42,43,46,48,49,51,52,53,55,57,58,61,62,64,65,67,68,69,71,72,73,74,76,77,80,84,86,89,91,92,93,96,97,99,100,102,107,108,110,112,113,114,115,116,118,119,120,122,125,126,127,128,129,131,132,134,135,136,137,140,141,144,146,147,148,150,151,152,153,155,157,161,162,163,165
6,7,8,10,11,12,13,14,15,16,17,18,19,23,24,25,26,28,29,31,32,33,35,37,38,40,41,42,43,46,49,52,53,55,56,57,59,60,62,63,68,69,70,72,73,74,75,76,79,80,83,85,87,91,93,95,96,97,101,102,103,108,109,113,115,117,118,120,121,122,124,126,127,128,129,130,133,134,135,136,137,138,139,142,145,146,147,149,151,153,155,157,159,160,163,165
7,11,12,14,15,17,20,21,22,25,26,27,33,34,36,37,41,44,45,47,48,50,51,53,54,55,56,57,58,60,61,65,66,67,68,69,71,72,73,74,75,76,77,78,79,80,81,83,84,85,87,89,91,92,93,98,101,105,112,113,114,117,119,121,122,123,124,125,126,131,132,133,136,137,138,142,144,145,146,152,155,158,159,160,162,164
8,9,10,12,13,16,18,19,21,23,25,27,30,32,33,34,35,36,39,40,43,45,47,48,50,54,55,57,58,59,61,62,65,68,69,70,73,76,77,78,79,80,81,84,85,87,89,91,97,100,101,102,104,105,107,108,109,110,112,114,115,116,118,119,122,123,125,126,127,128,130,131,132,134,135,136,140,142,143,144,145,146,148,153,154,156,158,160,162,163,164,165
9,10,12,13,14,15,16,17,18,19,22,23,24,26,34,35,36,39,40,41,43,45,49,51,54,56,61,62,63,64,65,70,71,73,74,75,76,79,80,81,82,84,85,88,89,91,93,94,100,102,104,106,107,108,109,110,112,113,115,116,117,119,120,121,123,128,129,131,133,134,136,137,140,141,143,145,146,151,152,154,155,157,158,160,162,163
10,12,14,15,16,17,19,23,24,27,28,29,30,32,33,36,37,39,40,41,42,45,50,53,58,59,61,62,63,65,67,68,72,75,78,85,86,88,91,93,94,96,98,99,100,101,104,106,107,112,114,116,119,120,121,122,124,127,130,131,132,133,134,136,137,140,144,145,147,148,149,150,152,156,157,161,163,164,165
11,12,14,16,21,25,27,28,29,30,31,33,35,36,37,38,41,42,45,48,49,50,51,53,55,56,57,58,59,60,61,62,63,64,65,66,67,71,72,73,77,78,79,80,81,82,84,85,88,90,92,93,96,97,98,100,101,103,104,106,107,109,114,115,116,118,119,121,122,123,125,126,128,130,131,132,134,135,136,137,138,140,141,142,146,148,149,150,155,156,157,159,160,163,164
12,14,16,18,21,22,24,25,26,29,30,33,36,37,39,40,42,45,46,48,49,50,53,56,59,60,63,66,67,68,69,70,71,72,73,75,76,77,78,79,84,85,86,87,89,92,96,98,99,100,101,104,105,106,107,109,111,112,114,116,117,119,120,121,125,128,129,130,133,134,136,137,138,139,141,143,151,158,159,160,162,164,165
13,14,17,19,21,26,27,31,34,35,36,37,38,40,41,46,48,50,55,56,57,58,60,61,62,63,64,65,66,67,69,72,74,75,78,79,80,82,87,88,89,92,93,94,97,98,101,102,104,105,106,107,109,110,111,112,113,114,118,120,121,122,123,127,128,129,132,133,135,136,138,141,142,143,145,148,150,152,153,154,156,158,161,163,165
14,17,19,24,29,31,32,35,37,43,44,46,48,49,50,54,55,57,58,59,60,62,63,65,66,70,72,73,74,75,77,78,79,81,82,83,84,86,88,89,90,91,92,93,94,96,97,99,101,103,106,108,109,110,113,114,115,117,118,120,121,122,123,125,126,127,129,130,134,135,137,140,143,144,146,147,148,150,151,153,154,155,156,158,159,160,161,163,165
15,18,19,20,21,23,24,26,28,29,30,31,32,36,37,39,40,41,43,45,47,49,50,52,53,54,55,58,60,63,67,71,73,75,76,78,79,80,81,83,84,85,86,87,88,93,94,95,96,97,98,99,100,101,104,105,107,109,114,116,117,119,121,122,124,128,131,133,135,137,138,142,143,144,145,146,147,148,149,150,151,152,153,159,163,165
16,17,18,19,21,22,25,26,27,28,30,33,35,38,39,42,43,45,56,57,58,59,63,65,66,69,71,75,77,79,81,82,83,86,87,89,91,92,93,95,97,98,99,101,102,103,104,105,107,108,109,110,111,112,113,115,116,118,122,126,128,129,131,132,133,135,136,137,138,140,142,143,144,146,149,151,153,154,156,157,160,165
17,19,21,25,26,27,33,34,35,36,37,38,39,41,43,45,46,47,48,50,53,54,55,56,57,59,60,61,64,65,66,67,68,71,72,75,77,78,79,81,84,85,86,87,89,91,92,94,95,98,100,102,103,104,105,106,109,113,114,115,123,124,125,126,127,131,133,137,138,139,141,143,144,145,146,147,149,150,151,153,155,156,159,162,163,164,165
18,20,22,26,30,31,32,33,34,36,37,40,42,45,46,47,49,50,52,55,56,57,58,59,60,63,64,65,66,67,68,71,72,73,75,76,77,79,80,81,84,87,88,89,91,92,93,96,100,101,102,103,106,108,109,111,116,117,119,122,123,124,127,134,135,138,141,142,143,145,149,150,152,153,154,157,160,161,162,163,165
19,21,24,25,26,27,28,31,32,34,35,40,42,43,45,46,47,48,49,52,54,56,57,58,60,61,63,64,66,68,70,71,73,74,75,77,79,80,82,83,86,87,88,90,92,93,96,101,102,103,104,109,110,112,113,116,117,118,122,123,124,126,128,129,131,132,133,134,135,140,142,143,144,148,150,153,154,155,156,158,163,164
20,21,22,23,26,27,29,30,33,34,36,37,38,39,41,43,45,46,49,52,54,55,57,59,61,62,63,64,66,67,68,69,71,74,75,77,81,83,86,88,89,92,93,94,96,97,98,100,101,102,103,104,106,109,110,114,115,119,122,124,126,128,129,130,131,133,134,135,136,141,142,143,144,145,148,150,151,155,156,159,160,161,162,165
21,23,24,25,27,30,31,33,36,38,39,40,42,43,46,49,50,52,54,55,56,57,60,62,63,64,65,66,67,68,70,73,75,76,80,81,82,83,84,86,87,88,89,90,91,93,97,99,100,101,102,104,105,107,110,111,112,113,114,116,117,120,121,122,125,126,128,131,132,133,134,135,136,139,141,143,144,148,149,151,152,153,155,156,158,159,160,161,162,163,164,165
22,128,130,132,138,141,152,131,150,151,24,153,155,29,158,31,32,33,34,36,37,39,129,42,43,45,46,47,48,50,51,52,162,137,56,58,60,61,160,66,68,71,74,76,77,80,81,84,147,87,88,164,91,93,94,97,148,99,103,104,161,107,109,111,112,114,115,117,120,121,123,127
23,24,30,31,32,35,36,37,39,40,41,42,43,44,46,47,48,49,51,54,55,56,57,58,60,63,64,65,67,68,70,72,73,75,76,77,78,79,81,83,85,87,91,93,94,95,97,98,99,103,104,105,107,109,110,111,114,115,118,121,124,128,131,132,136,138,139,141,142,143,144,145,149,151,152,155,156,159,162,163,165
24,25,26,27,29,32,33,36,38,39,40,46,48,50,51,52,54,56,58,59,60,62,64,65,66,68,70,71,72,73,75,76,77,78,79,80,81,85,88,89,90,91,95,97,101,102,103,104,106,107,108,110,111,112,113,114,115,116,118,119,122,123,125,128,129,130,133,134,135,138,139,140,141,142,143,147,149,150,151,152,153,155,157,160,161,163,165
25,128,138,141,146,150,153,154,155,28,30,31,160,33,34,35,36,37,140,40,145,42,43,44,47,49,55,56,59,60,62,64,65,66,139,71,72,73,149,162,79,80,81,82,163,84,85,86,87,164,152,91,135,95,96,144,98,102,103,104,109,110,111,113,114,115,119,121,123,126,127
26,28,29,30,31,34,36,37,38,39,43,44,45,49,53,54,57,60,65,66,67,68,69,71,76,78,79,81,83,85,88,89,90,92,93,95,96,97,102,103,104,107,108,110,111,113,114,116,117,118,121,123,125,127,128,129,130,132,133,134,136,137,139,141,142,143,144,146,148,149,152,153,154,156,157,162,164
27,31,33,34,36,38,39,41,43,44,46,49,50,51,54,57,58,59,60,61,62,63,64,65,67,68,70,71,72,73,74,77,79,81,83,84,85,86,87,90,98,99,101,102,103,104,108,109,112,114,115,116,117,121,122,123,125,127,128,131,132,133,134,135,136,137,139,141,143,144,145,148,150,151,154,155,157,163,165
28,30,32,33,35,36,37,38,39,42,43,45,46,47,49,54,57,58,59,60,64,66,67,69,70,71,72,74,75,76,77,78,80,81,82,83,84,86,87,88,89,90,94,95,97,101,104,108,110,115,117,118,120,121,122,123,124,126,127,131,132,134,135,136,139,140,141,143,144,148,149,150,151,153,154,155,156,163,165
29,128,129,137,130,144,146,131,153,132,156,154,159,161,162,134,39,42,135,45,46,48,50,51,53,138,55,58,140,61,62,63,66,68,72,73,74,141,81,82,83,84,88,90,143,92,94,95,96,148,99,102,103,105,106,107,109,112,114,116,117,121,123,124,125,127
30,31,32,33,35,37,38,39,43,45,48,52,55,57,58,60,61,62,65,67,68,69,74,76,78,80,81,83,85,86,87,88,89,92,94,95,96,97,98,100,102,104,105,106,107,108,110,111,113,114,118,121,125,127,129,130,131,133,134,135,139,140,142,143,145,147,148,149,150,154,155,157,159,161,162,163
31,34,35,36,37,44,46,47,48,49,53,54,58,60,64,65,66,68,70,71,73,74,75,76,77,79,80,81,82,85,86,87,88,89,90,91,96,99,101,104,105,106,107,108,109,111,114,115,116,118,119,121,122,125,126,127,128,129,130,132,133,136,137,138,140,146,149,151,152,154,155,156,159,160,162,164
32,33,34,40,41,42,43,44,45,47,48,51,53,54,55,56,57,58,64,65,68,69,71,72,73,74,77,80,81,83,84,85,87,88,89,91,93,94,97,99,100,104,105,106,109,110,111,112,113,114,115,116,119,121,122,123,127,128,132,137,142,143,144,145,147,149,151,155,158,159,163
33,150,137,141,143,147,153,154,161,34,155,36,37,40,41,43,44,45,46,47,48,49,128,53,54,134,56,138,62,63,67,68,69,70,73,74,75,76,162,78,81,83,84,85,87,88,135,93,94,95,97,98,104,144,107,108,146,110,111,112,119,136,124,126
34,38,39,40,41,43,45,47,49,50,54,55,56,57,62,63,66,70,72,73,74,75,76,77,79,81,83,85,86,87,88,90,95,97,99,102,104,105,106,109,110,111,112,114,116,119,120,121,123,126,127,128,132,138,139,140,141,143,144,145,147,151,152,153,158,159,160,161,162
35,36,38,39,40,41,42,45,46,48,49,51,52,53,55,58,59,63,64,65,66,69,71,73,74,75,78,80,81,82,83,84,87,88,89,90,92,93,97,100,102,104,105,106,110,111,116,117,118,123,125,127,129,132,133,134,137,138,139,140,141,143,146,147,149,153,154,157,160,161,165
36,41,42,43,48,49,50,51,52,55,56,57,58,59,60,61,63,64,65,66,67,69,70,74,76,79,80,81,82,84,85,86,87,89,90,91,92,95,96,97,98,100,101,102,103,104,106,107,108,109,111,112,113,114,119,122,123,124,125,127,128,129,130,131,132,134,135,139,141,142,143,144,145,146,147,148,149,150,151,152,153,154,155,156,158,159,161
37,38,41,43,45,46,47,48,49,50,51,52,53,55,58,61,62,63,65,67,70,71,72,73,75,80,82,84,85,86,88,89,90,91,92,94,97,98,99,100,101,102,103,106,107,108,109,110,111,113,118,119,121,123,126,128,131,133,134,136,138,139,140,141,143,144,146,147,148,149,150,152,153,156,157,158,160,161,164,165
38,128,129,133,135,145,138,143,146,147,150,132,157,160,161,41,43,45,47,50,51,155,54,55,56,57,58,66,67,68,69,71,73,77,78,141,80,156,163,139,86,87,88,91,92,93,94,95,144,98,100,101,102,103,105,108,110,111,113,114,115,118,120,122,123,126,127
39,41,43,48,51,52,53,55,56,57,58,62,63,64,66,67,69,70,71,72,73,74,75,77,78,79,80,82,87,88,89,91,92,93,94,96,97,98,99,100,101,102,103,104,105,106,107,108,109,110,111,112,113,114,118,119,121,122,123,125,126,128,131,132,135,137,138,139,140,141,142,145,147,150,151,152,154,155,156,157,158,159,160,161,164
40,41,43,45,48,50,52,53,55,56,57,58,60,61,63,64,66,70,71,72,73,74,75,77,80,81,82,83,85,86,89,90,91,92,93,95,98,99,100,103,104,105,106,108,110,111,113,116,118,120,124,129,130,132,133,134,135,137,138,139,142,144,145,146,147,149,150,151,152,153,155,157,158,160,162,163,165
41,45,47,48,49,50,52,53,54,55,56,57,58,62,63,64,66,69,70,71,72,73,75,77,78,79,81,83,84,85,87,89,90,91,93,96,97,99,100,102,105,106,107,108,109,111,112,113,114,115,119,120,122,123,126,127,129,130,132,133,136,140,141,142,143,144,146,149,150,155,158,161,163,165
42,44,45,47,50,51,53,54,56,59,63,66,67,68,69,71,72,73,74,76,77,78,80,81,82,83,88,91,92,94,95,98,99,100,101,102,103,107,109,111,113,114,116,117,119,120,123,127,129,132,134,136,140,141,143,144,146,147,148,149,150,151,152,157,158,163,164,165
43,44,45,47,48,49,53,54,55,56,57,58,59,60,61,62,64,67,70,72,73,74,75,77,79,80,81,84,85,89,90,92,94,95,97,98,102,103,104,105,106,107,108,110,112,113,114,115,116,117,118,119,120,122,123,124,125,126,127,129,132,133,134,137,141,144,146,148,150,152,153,154,156,157,158,160,163,164
44,128,132,134,137,138,139,130,143,144,145,146,131,148,152,154,158,155,164,165,129,157,48,50,52,54,57,58,159,151,62,63,64,66,67,147,69,70,161,72,73,75,76,78,81,82,85,86,87,88,89,90,92,93,94,95,99,101,102,103,104,107,108,112,115,119,125,127
45,132,133,158,149,150,155,47,48,49,52,53,54,56,57,163,59,151,61,62,66,139,69,70,161,72,73,138,77,78,157,81,83,84,86,88,89,91,94,97,98,99,103,104,105,107,108,140,112,114,117,118,119,123,143,126
46,47,48,49,52,53,55,56,60,62,63,65,67,68,69,71,72,74,78,79,80,84,85,86,87,88,89,90,91,94,95,96,97,101,102,104,105,107,108,109,110,111,114,117,118,120,121,126,127,128,130,131,132,133,136,138,142,144,146,149,150,154,155,156,157,160,162,165
47,49,51,52,54,55,56,58,61,63,65,66,67,69,70,71,72,75,77,78,80,81,83,85,86,87,88,89,97,98,99,100,102,106,107,109,110,111,112,113,114,116,118,124,125,126,128,131,133,136,137,140,141,142,143,144,146,147,149,151,152,153,154,155,156,158,159,162,164
48,49,51,52,53,54,55,56,57,58,59,60,67,68,69,70,74,76,80,81,85,87,89,91,95,98,99,100,101,102,103,104,106,107,108,110,113,116,117,118,120,121,122,124,125,128,129,130,131,132,137,138,139,141,142,143,144,147,150,153,156,157,159,162,164,165
49,50,52,55,56,57,58,65,66,67,68,71,72,75,77,78,79,83,86,89,91,92,94,95,96,97,99,100,101,104,106,107,108,110,113,114,116,120,121,122,123,126,127,128,130,131,132,133,134,135,141,142,143,144,145,146,148,149,150,152,153,154,155,157,159,161,162,163,164,165
50,52,55,56,57,58,59,61,62,63,65,67,70,71,73,76,81,83,85,86,87,88,89,90,91,92,94,95,96,98,100,102,103,104,105,106,109,111,112,113,114,115,116,117,118,119,120,122,123,124,125,127,129,130,131,133,134,137,138,139,140,141,142,146,153,157,158,159,165
51,128,136,140,143,144,152,146,149,153,154,150,133,161,162,151,157,155,158,55,56,59,60,61,63,64,160,139,68,74,75,76,79,81,83,84,86,87,91,92,94,95,96,97,98,101,165,103,108,110,112,115,116,119,121,122,123,126,127
52,55,58,59,61,62,63,64,65,67,69,71,72,73,75,76,77,80,81,84,85,86,87,88,93,95,97,100,101,103,104,107,109,111,112,113,116,120,121,122,123,124,126,127,130,136,137,139,141,142,143,144,146,147,148,150,151,153,154,155,157,159,160,161,162,164,165
53,128,130,144,149,154,151,152,155,162,159,157,54,55,135,58,59,60,63,64,139,68,69,70,71,72,73,74,77,79,80,81,82,163,129,87,88,92,93,94,95,96,99,145,161,109,110,112,114,115,116,117,118,120,123,124,127
54,56,57,58,59,60,61,63,64,66,68,70,74,76,77,78,80,81,83,85,86,87,89,90,91,93,95,96,98,99,103,104,107,108,110,111,112,113,114,117,118,120,121,124,125,126,127,128,129,130,132,133,134,136,137,139,140,141,142,144,145,148,152,155,156,157,159,160,161,163
55,57,59,60,62,63,65,67,69,70,71,72,74,76,77,79,80,84,85,86,90,91,92,93,95,96,97,98,102,105,106,107,109,110,111,113,118,120,121,123,124,125,129,133,135,136,139,141,142,143,145,146,149,152,153,155,157,159,160,161,162,163,165
56,57,58,59,61,62,65,68,73,77,78,79,80,82,83,85,87,89,90,92,93,96,97,98,99,100,103,104,106,108,109,113,115,116,117,119,121,123,125,126,127,128,129,130,131,132,133,136,139,143,146,147,148,149,150,151,152,153,154,158,159,160,162,163,164,165
57,58,59,60,62,64,65,66,67,68,69,70,72,73,74,75,76,77,79,80,81,82,83,84,87,90,91,92,93,94,95,97,99,100,104,105,106,108,109,112,113,114,116,117,118,119,120,121,122,123,124,125,126,130,133,134,136,137,138,141,143,145,147,155,156,159,160,161,163,164
58,61,62,65,66,68,69,71,73,75,76,77,79,82,87,88,89,90,91,94,95,97,100,104,105,106,107,109,115,118,121,124,125,127,128,129,131,134,137,139,141,142,143,145,146,148,150,152,156,163,164,165
59,132,155,133,143,151,154,158,128,134,146,156,136,139,159,61,64,65,66,67,68,69,70,71,76,78,80,83,84,85,88,89,91,93,94,165,98,102,105,106,107,108,109,110,112,163,114,115,116,117,121,122,123,125,126
60,61,64,65,66,71,72,73,74,75,76,77,78,80,81,83,87,89,91,94,95,97,98,99,101,103,108,110,112,113,114,115,116,117,118,119,120,122,124,128,129,132,133,134,135,136,137,138,139,141,142,144,146,149,150,152,155,157,158,159,160,161,162,164,165
61,63,64,67,68,69,70,72,73,74,75,76,78,81,82,83,84,86,88,92,98,99,102,105,106,108,113,115,117,118,119,120,122,123,125,126,129,131,133,134,135,136,137,139,140,141,142,143,144,146,147,149,150,152,154,155,157,160,163,164,165
62,129,140,143,144,145,146,151,154,156,159,160,139,163,136,153,66,67,68,130,161,73,75,162,141,80,83,84,85,88,89,90,92,137,95,96,165,100,142,104,106,108,109,110,114,115,117,119,120,121,123,126,149
63,65,66,67,68,70,71,72,73,75,77,80,81,84,85,86,87,93,94,96,98,99,100,101,103,106,109,110,112,113,114,115,120,121,122,123,125,128,129,130,132,133,134,137,138,140,142,143,144,145,147,148,149,150,151,152,153,155,156,157,158,159,161,162,163,164,165
64,67,68,70,71,73,74,78,80,81,82,83,84,85,86,87,92,93,94,95,97,100,101,103,105,108,110,111,114,116,117,118,121,124,125,126,128,129,130,131,132,133,136,138,140,142,144,146,147,148,149,151,154,155,156,158,160,162,163,165
65,66,68,69,72,74,75,76,77,78,79,80,85,88,89,90,91,94,96,98,100,102,105,106,108,109,110,111,113,117,118,120,132,133,134,136,137,139,141,142,144,145,146,147,148,149,152,153,156,159,162,163,164
66,67,68,69,70,71,74,76,77,79,81,83,84,85,86,88,89,90,91,92,93,95,97,100,101,102,103,104,111,112,113,114,116,118,120,126,127,128,133,134,137,140,141,145,146,147,148,149,151,153,157,158,159,161,162,163,165
67,68,69,74,75,77,80,81,82,83,84,86,88,89,90,91,92,94,95,96,99,101,102,103,104,105,106,108,113,114,117,118,119,121,123,125,126,130,135,139,140,141,145,146,147,149,153,155,156,157,162,164,165
68,69,70,71,72,73,74,76,78,80,81,85,86,87,88,90,91,93,94,96,97,99,102,103,106,107,110,111,116,117,118,120,122,123,126,127,130,131,132,133,137,138,139,141,142,144,146,147,148,149,150,151,152,154,155,157,160,162,163,164,165
69,70,71,72,73,76,79,80,83,84,85,86,87,88,90,91,93,94,95,97,98,100,101,102,107,108,109,112,114,117,118,119,121,122,123,124,125,127,130,132,134,136,140,142,143,144,148,151,153,154,155,156,157,158,159,160,161,162,165
70,133,135,138,139,141,143,145,146,150,132,151,71,73,74,76,156,79,80,81,82,84,89,152,92,159,165,96,97,98,99,100,102,103,105,108,140,111,112,114,115,116,117,119,122,125,127
71,73,75,77,78,79,80,82,83,84,86,87,88,90,92,93,94,97,98,102,103,104,106,107,108,109,113,114,115,116,117,119,120,121,123,124,127,135,136,138,141,142,143,145,147,150,151,152,153,155,159,162,163
72,75,77,79,80,82,84,85,86,91,92,95,97,98,100,101,102,105,109,110,112,114,117,118,119,120,121,124,125,127,128,129,131,132,133,137,140,142,144,145,146,147,148,149,152,153,157,158,160,161,162,163,164
73,75,76,77,80,81,84,85,88,89,92,95,97,99,100,101,102,104,105,106,108,109,112,113,114,117,120,123,125,127,129,132,133,135,136,138,139,140,141,143,145,149,150,151,152,153,155,156,158,160,161,162,165
74,75,76,78,79,82,84,90,91,95,96,97,98,99,100,101,103,104,105,106,109,110,113,117,119,120,121,122,124,125,131,134,135,136,137,138,144,146,148,150,151,153,156,162,163,164,165
75,76,78,85,86,87,88,89,90,91,93,98,100,102,103,105,106,107,108,109,118,120,121,123,124,125,126,128,129,130,131,132,133,134,135,136,137,138,139,140,143,145,147,150,151,153,155,159,161,163,164
76,77,78,79,82,87,89,90,91,93,94,97,99,100,101,102,104,106,108,110,114,115,116,117,118,119,125,126,127,128,129,130,131,132,133,134,135,136,137,138,140,141,142,143,146,149,150,152,153,155,157,158,160,161,163,164
77,81,82,83,84,85,90,92,94,97,98,99,100,102,103,104,106,107,108,109,111,112,113,116,117,118,119,123,128,130,131,132,137,142,143,144,146,148,149,151,152,153,155,160,161,162,163
78,80,81,85,89,91,97,98,102,104,106,107,108,109,110,111,112,113,114,115,117,118,120,121,122,126,127,129,131,132,133,134,136,138,139,144,148,149,151,154,155,157,159,160,161,163,164,165
79,80,84,86,89,90,91,92,95,97,98,102,103,104,105,106,108,109,113,114,115,117,120,122,125,126,127,129,130,132,133,134,135,136,138,139,140,146,147,148,149,150,152,154,155,157,161,162,163,164
80,81,83,85,86,88,92,95,96,98,100,103,104,105,107,108,109,112,113,114,116,117,119,120,123,125,129,130,133,134,135,136,137,138,141,142,143,144,147,149,151,155,156,158,161,162,163,165
81,83,84,88,89,91,92,93,94,96,98,101,102,104,109,113,116,119,120,121,122,123,125,132,133,134,135,137,138,140,141,142,143,145,146,148,149,152,153,155,156,157,159,161,162,163,165
82,128,130,131,133,129,138,140,148,154,155,158,160,135,163,147,141,83,84,86,87,164,91,92,96,97,102,105,106,107,109,111,113,114,115,116,117,121,123,124,125,126,149
83,89,91,93,94,96,98,99,102,103,105,108,109,110,111,117,119,120,121,122,125,127,128,131,132,133,134,135,139,140,141,142,143,144,145,146,147,148,149,150,151,152,153,154,155,156,158,161,163,164,165
84,87,88,89,91,93,94,95,96,98,100,101,102,105,106,109,112,115,116,117,118,119,124,125,131,132,135,137,139,140,141,143,144,149,150,151,154,155,156,157,158,159,162,163,164
85,86,87,90,91,92,94,96,97,100,102,103,106,108,111,112,113,114,115,117,119,120,122,123,124,125,126,128,130,135,137,138,139,140,141,143,145,147,149,155,156,157,161,162,163,164,165
86,87,89,90,91,92,93,95,97,98,100,103,104,105,106,107,108,109,110,111,113,114,115,117,118,124,128,129,130,132,133,134,136,137,139,140,142,147,148,150,151,152,153,154,157,159,160,161,163,164
87,91,93,95,96,97,99,101,105,106,107,109,110,111,115,116,118,120,121,123,125,127,128,130,132,136,138,139,145,146,147,149,150,151,155,162
88,89,90,94,97,98,99,100,102,103,104,105,106,108,110,111,112,115,118,120,123,125,129,131,133,139,144,147,148,149,150,152,153,157,158,159,160,161,162,163,165
89,90,93,98,99,101,103,105,107,108,109,115,116,117,120,121,123,124,125,126,129,131,134,135,137,139,141,143,145,146,147,149,150,152,153,157,159,160,161,163,165
90,93,95,97,98,101,102,104,105,106,107,109,110,113,114,115,116,119,120,123,126,127,128,130,131,133,134,139,141,142,144,145,146,147,148,149,150,153,154,155,156,158,159,160,161,163,164,165
91,93,95,96,97,100,101,102,104,105,106,109,111,112,113,115,116,118,120,121,122,123,125,127,128,129,130,131,132,133,134,135,136,138,140,142,143,146,148,149,151,152,155,156,157,159,160,162,164
92,128,145,138,149,151,132,133,161,157,140,147,139,153,135,165,97,98,99,100,101,102,103,104,106,109,112,114,115,116,120,148,122,124,125,126,127
93,132,145,155,156,154,150,164,135,151,160,158,131,142,94,95,144,100,101,102,103,104,105,106,111,112,114,147,116,117,119,120,148,143,149
94,98,100,101,103,104,105,106,110,114,117,118,119,120,121,122,123,125,129,130,132,134,137,141,142,143,144,145,146,147,148,151,153,154,155,156,159,160,161,162,163,165
95,97,98,100,105,107,109,112,113,114,115,116,119,120,121,122,123,125,126,127,128,131,133,134,138,139,140,141,143,144,145,146,149,151,152,153,154,157,158,159,160,161,163,164,165
96,128,142,129,136,130,149,153,155,156,160,161,162,163,134,135,157,97,98,99,100,102,103,105,106,107,111,112,113,114,147,119,148,122,123,124,125,126,127
97,98,99,101,102,103,105,108,109,110,111,112,113,115,116,117,118,122,123,124,125,126,127,129,131,133,135,139,140,142,143,144,145,146,147,149,150,152,154,157,158,159,160
98,99,101,102,103,104,107,110,111,113,114,116,117,119,126,128,129,130,131,133,134,135,136,137,139,141,142,144,145,146,147,148,150,152,154,155,156,157,159,160,161,163,164,165
99,130,162,139,152,146,147,151,153,150,161,155,164,158,143,165,103,106,107,108,110,111,112,114,115,116,117,118,120,121,126,127
100,101,102,106,107,109,110,111,112,113,117,122,123,125,126,128,132,135,138,139,141,144,145,146,147,150,151,152,153,154,156,157,158,159,160,161,163,164,165
101,128,137,151,161,162,155,135,146,138,134,130,141,142,144,102,103,105,106,107,108,109,110,113,114,115,117,119,121,124,125,149
102,108,110,116,117,118,120,121,122,123,124,126,127,128,133,138,141,142,143,144,145,146,148,149,151,152,153,154,156,157,159,160,162,163,165
103,104,105,106,107,108,109,110,112,114,115,117,120,121,122,123,124,125,126,128,132,134,135,137,139,141,142,143,146,147,153,154,156,157,159,160,161,163,165
104,106,107,112,113,114,115,119,121,122,123,126,128,132,134,135,136,137,138,139,141,143,144,145,147,150,151,153,154,157,159,161,164
105,132,133,149,146,147,150,153,155,156,161,159,158,129,141,130,106,110,111,112,140,117,118,119,125,127
106,107,108,111,112,113,114,115,116,117,118,119,121,122,123,124,125,126,128,129,131,132,133,134,135,137,148,150,151,152,153,154,155,157,158,159,160,163
107,108,109,112,114,117,118,119,121,123,124,125,126,132,133,135,137,141,144,146,147,148,151,152,156,157,158,160,161,162,163,164
108,109,111,112,113,114,116,118,119,121,122,123,124,126,127,128,130,132,133,135,137,139,140,142,143,144,148,149,150,151,152,153,154,155,158,161,164
109,111,113,115,116,117,118,119,120,121,122,123,124,125,127,128,130,132,133,135,136,137,139,140,142,144,147,148,149,151,154,158,163,164,165
110,111,112,114,117,118,119,121,122,123,124,126,127,128,132,135,137,138,140,141,142,143,144,149,150,151,152,154,155,157,160
111,130,132,150,129,128,139,142,152,147,155,156,157,135,162,158,138,161,140,160,164,165,113,118,153,121,122,126,127
112,114,115,118,120,121,122,123,125,126,128,129,130,133,137,142,143,144,145,147,150,153,154,158,159,160,161,164,165
113,114,115,117,118,119,120,121,126,127,128,130,132,134,136,137,138,139,140,142,145,146,147,150,151,155,157,158,159,161,162,165
114,115,117,119,120,121,122,123,124,125,127,131,133,135,136,137,141,142,144,145,146,152,153,156,158,160,161,163,165
115,128,129,138,140,141,144,149,158,133,155,151,142,137,152,135,163,159,119,120,121,153,127
116,117,119,127,128,129,130,132,134,138,140,141,142,143,144,147,149,150,151,154,155,156,157,158,160,162,163,164,165
117,118,121,123,124,125,126,127,128,129,133,134,135,136,137,138,140,142,143,146,147,148,149,150,151,153,156,157,158,159,161,164,165
118,121,123,125,129,131,133,134,135,137,141,142,143,144,145,146,150,151,152,153,154,155,158,159,160,161,162,163,164
119,121,122,123,125,127,131,133,134,135,136,139,140,144,145,146,149,150,153,156,158,159,160,161,165
120,121,124,125,126,127,129,130,132,134,136,139,140,141,142,145,146,148,151,152,155,156,159,164,165
121,124,127,129,131,132,134,135,138,139,140,141,142,143,144,145,147,148,149,150,151,152,157,160,162,163
122,123,125,126,127,129,131,132,135,138,140,143,144,145,147,149,151,153,154,155,156,159,160,161,162,164,165
123,128,133,134,136,139,140,141,142,143,144,146,147,150,151,152,154,156,157,159,161,162,163,164
124,129,131,132,136,139,140,130,142,149,150,152,156,134,145,138,164,161,157,147,125,126
125,126,129,131,134,135,137,138,139,141,142,143,145,146,147,148,149,151,153,154,155,158,159,160,161,163,165
126,128,129,130,135,136,137,138,139,144,147,150,151,153,157,158,159,164
127,128,132,134,135,136,137,139,140,141,143,144,145,147,149,151,153,154,155,157,159,162,163,165
128,132,134,135,136,137,138,142,143,144,145,149,151,152,153,154,155,156,159,160,162,165
129,132,133,135,140,141,144,145,146,147,148,149,151,152,153,154,157,158,160,165
130,137,141,144,145,131,149,153,132,155,160,161,162,134,152,140,139,154,165,142,147,157,148
131,140,142,146,152,132,154,133,156,135,158,143,164,144,145,149
132,134,136,137,138,139,140,141,143,144,146,147,148,150,151,154,156,157,158,160,162,165
133,134,135,136,139,140,142,143,145,146,149,153,158,159,160,164,165
134,135,137,138,139,140,141,142,143,144,146,147,149,150,151,152,153,156,158,159,163,164,165
135,136,137,140,142,143,144,146,148,150,152,154,155,156,157,158,163,165
136,142,145,152,154,155,159,139,156,163,160,165,157
137,138,140,141,142,144,146,149,151,153,154,156,160,165
138,139,140,142,145,146,147,148,149,150,151,152,153,156,157,158,159,160,163,165
139,143,146,148,152,153,154,155,157,160,161,162,165
140,141,142,146,147,149,157,158,160,161,164,165
141,143,146,147,149,150,151,153,155,158,159,160
142,143,145,148,150,152,153,154,155,156,158,159,160,161,162,163
143,144,145,146,147,148,150,151,152,153,155,157,158,159,161,165
144,147,148,149,151,152,153,154,155,158,162,163
145,151,147,152,154,159,161,155,163,162,148,146,158
146,147,148,149,150,151,152,154,163
147,150,155,159,161,162,163,164
148,150,151,152,153,155,156,157,158,159,160,161,162,164,165
149,150,152,153,154,155,157,158,159,161,165
150,154,157,158,159,161,162,165
151,152,153,154,156,157,163,164
152,153,154,155,157,158,159,161,164,165
153,154,155,157,158,159,160,162,164,165
154,155,158,160,161,162,163,164
155,158,161,165
156,161,165
157,158,160,162,163,165
158,159,160,162,164
159,160
160,161,162,165
161,162,165
162
163,165
164
165
