n_nodes:52
n_edges:885
density:0.66742
0,1,3,5,6,8,11,12,13,14,16,17,19,20,22,23,25,27,28,29,30,31,34,36,37,38,41,42,46,47,48,50
1,2,3,4,5,6,7,8,10,12,13,14,15,17,18,20,21,22,23,24,25,26,27,28,29,30,31,32,34,35,37,38,39,41,44,45,46,47,48
2,4,5,6,7,9,10,11,12,13,14,16,17,18,19,20,21,22,23,24,25,26,27,28,29,30,32,33,34,35,37,38,41,43,46,47,48,49,50
3,4,5,9,10,12,13,14,16,17,18,19,20,21,22,23,24,26,27,28,30,31,33,35,36,38,40,41,42,43,44,45,46,49
4,5,6,7,8,10,11,12,13,14,15,16,17,18,19,20,21,22,23,24,26,27,28,29,35,38,41,42,43,46,48
5,6,7,10,11,14,15,16,17,18,21,22,23,24,25,27,29,32,34,36,37,42,43,44,46,49,50
6,8,10,12,13,14,15,16,17,18,19,22,25,26,27,28,29,30,31,32,36,37,38,39,40,41,42,43,45,46,47,48,49
7,8,9,10,13,15,16,17,18,19,21,22,23,25,26,27,28,29,30,32,33,34,35,37,38,39,40,41,42,43,44,45,47,49,50,51
8,9,10,11,12,13,14,15,17,18,21,22,23,25,28,29,30,32,34,35,36,37,38,39,40,41,42,43,45,46,51
9,10,11,13,14,15,18,19,20,22,23,25,26,27,28,29,34,35,36,38,39,41,42,43,44,45,47
10,12,13,14,15,18,19,20,22,23,25,26,27,28,30,31,33,34,36,37,42,44,45,49,51
11,14,15,16,17,18,19,20,21,23,24,25,26,29,30,32,34,36,37,39,40,41,42,43,44,45,47,48
12,13,14,15,16,17,19,20,21,22,25,26,27,28,30,31,33,35,37,38,39,41,43,44,46,48,49,50,51
13,14,17,18,22,23,24,26,27,31,33,34,35,36,39,40,41,43,45,47,48,49,50,51
14,15,16,17,18,20,21,23,24,25,26,27,29,31,33,34,36,37,39,40,41,42,45,47,48,50,51
15,16,19,21,22,23,27,29,30,31,32,34,37,38,39,40,41,42,43,45,47,48,49,51
16,17,18,19,20,23,25,27,28,33,36,37,39,42,43,45,47,48,49,51
17,18,19,21,22,23,25,27,28,29,30,32,33,34,35,36,38,40,41,42,45,46,48,50
18,19,20,21,23,24,25,28,32,34,35,37,38,39,40,41,43,44,47,48,49,50
19,20,23,26,27,29,30,37,38,39,40,41,42,44,45,48,49
20,22,23,24,25,27,30,31,33,34,39,40,41,42,45,48,49,50,51
21,22,23,24,25,27,28,29,31,32,33,34,35,36,37,38,39,40,41,42,44,46,47,48,49,51
22,23,25,26,28,30,31,32,34,35,36,41,43,44,46,48,49,50,51
23,24,25,26,28,31,32,33,34,35,36,38,39,41,45,46,47,49,50,51
24,28,29,30,31,32,33,34,35,36,38,39,40,42,44,46,47,48,49,50,51
25,26,28,29,30,31,32,34,36,37,39,40,41,43,46,48,49
26,28,30,31,32,33,35,36,38,40,42,43,44,46,47,48,49,50,51
27,28,29,31,32,33,34,35,37,39,40,42,43,44,45,48,50,51
28,29,30,31,32,33,34,38,41,42,43,46,48,49,50
29,31,32,33,34,42,43,44,45,46,47,49,50,51
30,32,33,34,35,36,37,39,40,41,42,43,44,45,46,49,50
31,33,36,37,38,40,43,44,46,48,49
32,33,34,38,39,41,42,43,45,47,48,49,50,51
33,34,35,36,37,38,39,40,42,43,44,45,46,48,50,51
34,35,36,37,40,41,42,43,44,45,46,48,49,51
35,37,38,39,40,41,43,44,47,48,49,50,51
36,37,38,39,40,41,43,44,47,50
37,38,40,43,45,46,47,49,50,51
38,39,41,43,44,45,46,47,48,49,50,51
39,40,41,42,44,45,47,48,50,51
40,43,44,45,46,47,49,50
41,43,44,46,47,50,51
42,43,44,45,46,48,49
43,45,46,51
44,46,47,48,49,50,51
45,47,48,50,51
46,47,48,51
47,48,49,51
48,50,51
49,51
50
51
