n_nodes:227
n_edges:13599
density:0.53015
0,1,2,4,6,8,11,12,13,14,15,16,17,20,22,23,25,27,28,35,40,42,44,45,49,50,52,54,56,57,61,62,64,69,70,71,72,74,76,80,81,82,84,86,90,91,96,98,100,101,102,103,104,106,108,109,110,117,118,121,122,123,125,126,127,130,132,136,137,139,145,150,151,154,157,158,162,166,167,168,170,171,173,174,175,178,180,181,182,185,189,191,192,193,194,197,199,200,205,206,207,210,212,213,216,219,220,221,222,224,225,226
1,7,8,11,12,13,16,18,20,21,22,23,25,27,29,30,31,36,38,39,40,41,42,43,47,50,52,56,57,58,59,64,70,71,73,74,75,79,81,83,84,85,89,92,95,96,97,98,99,100,102,104,106,107,110,114,116,119,121,122,124,125,126,127,128,130,131,132,135,138,140,142,143,144,147,148,149,153,154,155,158,159,161,164,166,167,168,169,172,177,178,179,182,183,188,190,192,196,198,200,204,205,206,207,209,210,211,212,214,215,216,223,226
2,4,7,10,11,14,16,18,20,21,22,23,25,26,31,32,33,36,41,42,43,44,47,49,50,52,53,57,58,63,64,67,68,69,71,72,73,74,77,82,83,84,86,89,92,95,99,106,110,111,112,114,116,117,118,119,120,121,122,123,124,125,126,127,128,133,137,138,139,140,141,142,144,145,148,150,151,152,153,156,157,160,162,164,167,168,170,171,173,174,175,176,178,182,183,184,187,188,192,194,195,198,199,205,206,207,208,209,210,211,212,214,218,219,221,222,225
3,7,8,12,13,20,21,23,24,28,29,31,32,33,38,39,42,43,46,47,49,51,53,58,61,62,63,64,65,68,69,70,72,75,76,78,82,86,87,88,89,91,93,94,95,97,98,99,100,104,106,107,108,109,112,115,116,118,119,121,122,123,124,125,127,129,130,131,134,135,136,142,143,144,145,152,154,159,162,163,165,166,167,171,172,173,175,176,177,178,179,180,185,186,188,190,191,194,196,197,199,201,207,212,214,215,216,217,218,222
4,5,6,12,17,18,19,21,24,25,26,27,28,31,34,36,39,40,41,43,48,52,54,56,57,58,59,62,63,64,67,68,69,71,72,73,77,79,80,81,83,85,89,90,91,93,94,95,96,97,101,107,108,109,110,112,113,115,116,117,118,119,122,124,125,126,129,131,135,137,138,142,144,145,148,150,154,155,156,157,158,159,163,164,168,170,172,173,175,176,182,183,186,189,190,193,195,196,197,199,201,203,206,207,208,212,213,214,215,217,218,224,225,226
5,6,9,17,19,20,21,22,26,27,29,31,32,33,36,40,41,43,46,47,48,53,55,56,57,58,59,60,64,65,67,69,70,72,74,75,77,79,80,81,83,84,85,87,88,90,91,93,101,102,105,106,111,112,114,116,120,122,123,125,127,130,131,133,134,135,136,137,141,142,143,144,146,153,154,156,157,159,161,163,164,167,171,172,175,176,186,189,192,193,194,196,197,198,200,202,203,204,206,208,209,213,214,215,216,217,218,221,222,223,224,225
6,7,8,9,11,12,14,17,18,20,21,22,23,24,26,27,28,29,30,31,33,35,37,39,42,44,46,47,49,52,53,54,55,56,57,58,61,62,64,65,66,67,68,71,72,73,74,75,76,77,78,79,80,81,87,88,91,93,94,96,100,101,102,103,104,107,108,113,114,116,120,124,125,128,131,132,136,140,142,143,144,146,147,150,151,152,153,154,155,157,158,159,162,164,167,171,173,176,177,179,181,182,183,184,186,187,190,191,194,197,199,200,201,202,204,206,207,211,212,213,214,217,218,219,220,221,223,224,226
7,8,10,12,17,19,21,22,27,28,30,32,34,36,38,39,41,42,43,44,46,49,51,53,54,55,56,57,60,61,62,63,65,66,69,74,76,77,78,82,83,86,90,91,92,94,95,97,98,99,104,108,113,116,117,118,122,123,124,126,128,130,132,136,137,139,140,144,146,149,150,151,152,155,158,159,161,163,165,167,168,171,173,176,177,178,179,180,182,183,185,186,188,189,191,192,193,198,199,200,201,206,207,209,210,211,213,214,215,216,217,218,221,223,224
8,9,13,14,15,16,17,18,19,20,21,23,24,28,29,30,31,32,33,34,42,43,44,45,46,52,56,57,58,59,63,67,68,70,71,78,79,84,86,87,88,90,91,92,93,94,95,96,98,100,103,104,105,109,111,113,116,117,118,119,124,126,129,132,136,137,140,141,142,144,145,146,147,148,149,150,151,152,153,154,155,156,161,162,163,166,167,168,170,171,174,176,177,179,180,182,183,184,185,186,187,189,193,194,197,198,199,200,202,204,206,207,208,209,210,211,212,213,216,219,220,221,224,225,226
9,10,12,13,14,15,19,22,23,24,26,28,30,31,32,33,34,35,38,39,40,43,44,46,48,51,53,55,56,58,59,61,62,65,66,67,68,70,71,72,74,77,78,79,80,81,83,88,89,92,93,95,99,101,102,103,104,107,109,110,114,118,119,120,121,122,123,124,127,128,130,131,134,135,136,137,139,141,143,144,148,150,152,155,158,162,163,164,165,166,168,169,170,171,172,174,175,178,179,180,182,183,184,185,187,189,191,192,193,195,196,198,200,204,205,206,210,212,213,214,218,220,223
10,11,12,14,18,20,21,23,24,26,27,30,31,33,34,36,44,45,46,47,49,50,55,58,59,61,62,63,64,67,68,72,76,78,79,80,82,83,84,85,87,91,92,93,96,99,103,108,109,110,115,118,119,121,123,124,126,132,133,136,140,141,142,144,145,146,148,149,153,156,157,158,159,161,162,164,166,167,168,169,171,173,176,182,183,184,185,186,192,195,198,200,201,204,205,208,209,210,211,215,216,217,221,222,224,225,226
11,13,14,16,18,19,20,21,22,24,28,29,30,33,35,37,38,39,41,43,45,49,51,54,55,56,57,58,59,60,62,68,69,70,71,76,77,79,80,82,83,84,85,86,88,89,91,94,95,96,98,99,100,104,105,107,108,113,117,118,121,122,123,124,126,127,128,130,135,136,140,141,142,145,146,148,149,150,151,152,154,156,158,160,161,162,163,164,165,166,167,168,169,170,173,176,178,179,183,184,186,190,192,193,194,195,196,197,198,201,208,209,211,212,213,217,219,222,223,225
12,13,14,17,19,20,22,23,25,28,30,31,34,35,36,37,39,40,42,44,45,47,48,49,52,53,55,56,57,58,60,66,70,72,75,76,78,80,83,84,86,87,88,90,91,97,101,103,106,109,112,113,116,117,118,120,123,124,126,129,130,131,135,137,139,143,144,148,149,151,153,154,156,157,158,160,161,164,165,168,177,178,179,183,186,187,188,192,193,195,196,198,200,201,203,205,206,207,212,213,215,220,222,223
13,14,15,16,18,22,24,25,26,29,32,33,34,37,38,41,50,51,53,56,57,58,59,61,62,63,65,68,70,71,72,74,75,77,79,82,83,84,85,86,89,91,92,101,102,104,105,106,108,109,110,113,114,116,117,118,119,122,125,127,129,130,131,132,133,135,139,142,144,158,159,160,161,165,166,168,170,171,174,181,182,183,185,187,189,190,194,195,196,197,198,199,201,202,203,205,206,211,212,213,215,217,218,220,221,222,223
14,15,16,18,19,22,23,25,28,30,31,33,34,35,36,37,38,39,42,43,46,47,48,49,50,55,57,58,59,60,61,64,65,66,69,70,72,74,76,78,80,81,86,87,88,89,90,92,96,97,99,100,104,105,109,113,116,117,119,120,122,125,126,129,130,132,133,134,135,136,137,139,143,148,151,152,155,157,158,159,161,162,164,166,167,168,170,175,176,177,182,184,185,186,188,189,191,192,193,194,196,197,198,200,201,202,205,206,208,210,211,212,218,220,221,223,225
15,16,17,18,19,20,22,24,27,29,30,31,32,33,36,38,43,45,48,53,55,56,57,58,60,62,63,64,68,71,74,76,77,78,82,85,86,89,95,96,97,99,103,111,112,113,114,115,117,118,119,120,122,123,124,129,130,131,132,133,134,135,136,141,142,143,144,145,147,150,152,153,154,158,159,160,161,166,167,168,169,170,172,173,174,176,177,178,180,182,184,185,186,187,189,190,192,193,194,198,199,200,203,204,205,209,210,211,212,216,217,219,220,221,222,224,226
16,18,20,22,24,27,30,32,33,34,37,38,42,43,44,45,46,48,49,50,52,53,54,56,57,58,59,60,62,71,74,75,76,77,78,81,85,86,87,94,95,96,101,102,104,105,107,110,112,114,116,119,120,121,130,131,134,136,138,139,140,141,143,144,145,146,148,150,152,153,156,157,158,159,161,166,168,170,171,173,175,177,178,179,180,182,183,186,187,188,190,193,195,200,201,207,208,211,216,218,220,222,223,224,226
17,18,19,20,22,24,29,30,32,33,34,35,37,38,39,40,41,42,43,44,47,50,52,60,61,63,64,65,68,70,71,72,73,74,76,78,80,81,83,84,85,90,92,95,99,100,101,102,105,108,109,112,113,114,116,120,121,123,124,126,128,131,133,135,136,140,141,142,143,144,145,147,149,153,154,155,156,157,158,159,160,161,162,163,164,166,167,168,173,175,177,178,179,181,182,183,184,185,186,187,189,191,193,194,197,198,200,201,204,205,206,208,209,210,211,212,214,215,216,217,218,219,222,225
18,19,22,23,24,25,28,29,32,33,35,38,39,40,41,43,45,46,48,49,50,57,58,63,64,65,69,70,72,73,74,75,77,78,79,81,83,84,85,86,87,90,91,92,94,97,100,103,105,107,108,111,113,115,117,119,120,122,123,125,126,127,128,129,131,134,136,139,142,143,145,149,155,156,157,158,160,162,163,164,165,166,168,169,170,172,173,174,177,179,180,181,182,185,186,187,188,189,190,193,197,200,201,202,203,204,205,206,208,209,211,212,214,215,217,218,219,220,222,225
19,20,22,24,25,27,28,30,31,32,33,34,35,36,37,38,42,43,44,45,48,51,52,53,55,56,59,62,64,65,68,70,74,77,79,80,83,86,87,92,95,97,100,101,104,111,112,113,116,118,122,123,125,129,131,133,135,136,137,138,139,143,146,147,149,151,154,156,161,167,168,170,172,183,185,186,187,188,190,192,193,195,196,199,203,204,205,206,207,212,216,218,219,223
20,21,22,25,26,27,30,32,36,37,40,41,42,44,45,48,49,51,54,57,58,63,65,69,71,74,75,76,77,78,80,81,83,84,86,87,88,90,91,93,96,98,99,100,101,103,104,105,107,109,110,111,114,117,120,122,123,124,125,126,127,128,132,133,135,136,137,138,142,143,147,150,151,152,153,155,158,160,161,163,165,166,169,170,172,176,181,183,184,187,188,190,191,196,197,199,200,201,202,203,204,205,206,212,214,215,216,218,219,222,226
21,23,24,25,26,27,28,30,31,32,33,38,40,41,42,44,46,48,49,54,56,57,59,60,61,64,65,66,67,69,70,72,78,82,86,90,92,93,94,95,97,101,102,107,109,110,113,114,116,117,119,121,122,124,127,129,133,136,137,138,141,142,144,147,149,150,155,156,157,159,160,163,164,165,170,171,173,174,178,181,182,183,185,186,189,192,194,197,198,200,201,202,207,208,210,211,212,214,218,219,221,222,225
22,23,27,28,29,31,33,35,37,41,42,45,46,47,48,49,56,57,58,59,60,61,62,63,66,68,71,73,74,75,76,77,78,80,82,85,86,87,89,90,91,93,97,99,100,101,105,106,108,109,110,111,112,113,114,117,118,121,124,125,126,127,129,130,132,134,136,138,139,143,144,147,148,149,151,152,154,163,164,167,168,173,175,177,179,180,182,183,184,190,192,194,196,199,201,202,204,205,207,208,209,212,215,218,221,222,224,226
23,24,27,28,30,32,33,34,36,37,44,45,47,49,50,52,55,57,61,63,64,65,68,70,73,74,76,78,80,81,82,83,87,90,101,104,107,111,113,114,117,118,119,121,123,126,127,128,129,130,131,133,134,135,136,138,139,140,145,150,151,156,160,162,163,165,171,172,174,175,176,177,179,181,182,183,184,185,190,194,198,202,206,208,209,214,217,218,219,221,222,223
24,25,27,28,29,32,33,35,36,40,41,43,45,48,50,52,54,56,57,58,59,60,61,68,69,71,72,74,76,77,78,83,84,85,87,88,89,90,91,94,95,97,98,100,101,102,104,105,106,112,113,116,118,119,121,122,124,127,129,130,133,135,136,137,141,142,144,145,146,149,150,151,152,153,157,158,163,164,167,168,170,171,172,173,177,180,181,182,183,184,186,191,192,193,197,199,200,202,204,205,207,208,210,211,212,214,217,218,222,224,225,226
25,26,29,32,33,35,37,38,44,45,47,48,49,50,51,54,55,56,58,64,66,68,69,70,71,72,73,74,75,80,84,85,86,89,95,96,98,99,101,103,107,108,109,110,112,113,115,117,118,120,121,122,123,124,127,128,129,132,135,139,140,142,144,145,146,148,149,150,153,157,160,162,165,166,167,169,175,176,177,178,179,181,182,184,185,186,187,188,191,192,193,195,196,198,204,205,207,210,211,212,213,214,215,217,218,220,222,225,226
26,29,30,31,33,34,35,36,37,39,40,41,42,43,46,47,49,50,53,54,55,58,59,60,65,68,69,71,73,74,76,77,79,83,84,86,88,94,95,96,97,101,102,105,106,107,109,114,115,118,120,121,123,125,126,129,131,132,135,138,139,141,147,148,149,151,152,154,156,157,158,159,160,162,163,166,171,172,175,178,179,180,182,187,188,189,196,197,199,201,202,205,208,209,212,213,214,215,218,219,222
27,29,33,34,35,36,38,39,40,41,46,51,52,57,58,59,60,62,63,64,65,66,67,72,73,74,75,76,81,82,83,85,87,88,89,91,95,98,100,101,103,104,105,106,107,108,109,112,115,118,123,124,125,128,131,132,133,134,137,139,141,145,146,149,150,151,153,155,156,159,161,162,165,167,169,170,172,173,174,175,176,177,178,179,180,183,185,186,187,188,189,190,191,192,193,199,205,206,207,208,210,211,213,215,216,218,219,220,223,224
28,29,33,34,35,36,37,41,44,45,48,51,52,53,54,55,56,57,62,64,66,67,69,70,76,81,82,86,88,89,90,91,92,95,97,101,103,105,111,113,114,115,116,117,118,119,120,121,122,124,125,127,129,132,134,135,137,139,141,143,145,147,149,150,158,160,161,163,164,165,168,169,171,174,175,177,178,182,183,184,188,190,192,193,196,197,198,199,201,202,203,205,206,207,208,209,211,215,217,219,220,224,225
29,36,39,40,43,44,47,49,50,51,52,54,56,57,59,61,63,65,66,67,69,70,71,73,74,76,78,79,82,84,85,87,93,97,98,102,104,106,107,108,109,110,111,113,114,116,117,118,119,120,121,123,128,131,132,134,136,137,138,140,141,142,145,146,150,153,156,158,160,161,163,164,169,170,172,173,175,176,177,178,180,183,184,185,188,191,192,193,195,196,197,200,201,203,204,206,207,208,209,210,211,217,218,219,220,223,225,226
30,32,33,34,35,36,38,39,41,42,44,46,47,48,49,51,53,54,56,57,64,65,66,67,68,69,72,75,77,79,80,82,83,84,90,91,92,95,96,100,104,106,107,108,109,115,116,117,118,122,123,125,126,127,129,130,131,132,133,135,136,138,140,144,146,147,148,150,151,154,158,159,160,161,162,163,164,165,168,170,171,174,175,176,181,182,184,185,187,188,189,191,193,196,200,201,205,208,209,211,213,218,219,220,224
31,32,33,37,38,39,43,44,46,47,48,49,55,67,69,70,71,73,74,75,76,78,81,82,83,85,87,89,92,96,98,100,101,103,104,105,110,112,113,114,117,121,129,131,132,135,137,138,140,141,142,144,145,146,147,148,149,151,155,156,159,160,163,164,165,166,167,168,169,171,172,174,176,179,180,181,184,185,187,191,192,194,195,196,197,198,199,200,201,203,204,205,207,209,210,212,213,214,216,218,219,220,221,223,224,226
32,34,35,39,40,41,42,44,45,46,50,60,61,62,63,64,67,68,72,75,76,79,80,81,82,83,84,85,88,89,90,91,93,96,97,101,102,104,106,109,111,113,114,115,117,119,120,121,126,127,130,131,135,144,145,146,149,151,152,153,154,155,158,159,160,161,162,163,164,165,166,167,168,171,172,173,176,177,184,185,186,189,190,191,192,193,194,196,198,199,200,205,208,209,210,212,213,219,220,221,222,226
33,36,37,38,40,41,44,45,47,48,49,50,51,52,54,55,56,57,59,60,62,63,66,67,68,69,71,75,79,80,81,82,83,85,88,89,91,93,96,97,99,101,102,103,106,108,109,110,112,114,115,116,120,122,123,124,125,127,128,131,132,134,135,137,138,139,141,142,145,146,149,153,159,160,161,162,163,164,166,168,174,175,176,179,180,182,183,184,185,187,192,194,196,202,203,206,207,209,210,212,213,218,221,222,225
34,35,37,38,40,41,46,50,51,52,57,58,61,62,65,67,71,72,75,76,77,78,79,80,81,83,84,85,87,88,90,91,92,93,94,95,96,99,100,102,103,105,106,108,110,111,112,113,114,115,116,120,122,123,124,125,126,128,129,130,132,133,135,138,139,144,146,147,148,149,150,152,157,158,163,164,169,170,173,174,176,177,178,180,183,184,185,186,187,194,196,197,198,199,200,202,209,210,212,213,214,216,217,219,221,224,225
35,36,37,38,41,42,44,45,46,47,48,49,50,52,54,56,57,58,61,63,64,66,67,69,73,74,77,79,81,82,85,88,90,91,93,97,98,100,102,105,106,107,109,110,111,114,115,116,118,120,121,123,125,127,128,131,132,134,136,140,141,142,147,151,154,155,156,157,158,159,161,163,164,168,169,174,175,176,179,180,182,183,187,189,191,192,195,196,198,199,200,202,203,204,207,208,209,210,211,214,215,219,222,223,224
36,39,40,42,45,51,52,53,55,56,58,59,60,62,64,66,67,70,71,73,74,75,78,81,82,86,88,89,94,97,99,105,107,110,111,114,116,117,119,120,121,122,125,126,127,129,131,132,133,135,138,140,141,144,145,146,147,150,151,154,157,158,162,164,165,166,167,170,172,174,175,176,178,181,182,183,186,188,190,193,194,195,196,197,199,204,205,207,208,209,210,212,214,215,216,218,221,223,224,225
37,38,41,45,46,47,49,51,53,55,60,61,63,66,67,69,70,71,76,77,78,79,80,81,85,86,88,89,93,94,95,96,99,100,104,108,109,111,112,113,114,115,116,117,119,120,124,127,131,136,140,141,142,143,144,145,148,149,150,155,156,157,159,160,161,162,164,171,172,176,177,179,181,184,185,186,189,191,195,198,199,200,201,202,203,204,207,208,209,211,213,214,215,216,218,219,221,223,224,225,226
38,41,42,45,46,48,49,50,51,52,55,57,58,60,62,63,64,66,68,71,73,75,77,79,81,83,84,85,86,87,88,91,93,100,104,105,107,110,113,118,121,122,124,125,126,127,128,129,130,131,135,136,139,141,142,146,147,149,150,151,152,153,154,155,160,161,165,169,171,172,173,174,176,177,182,183,185,186,188,189,191,194,198,199,200,203,205,208,210,211,212,217,219,220
39,41,42,43,47,49,50,51,53,55,57,58,60,61,63,65,69,70,71,73,75,76,77,78,81,84,89,90,91,92,93,98,99,103,105,107,108,109,111,112,113,114,116,120,123,124,127,128,130,131,132,133,134,135,136,137,138,140,142,143,150,151,153,160,165,168,169,170,171,172,175,179,180,181,184,185,186,187,189,190,191,193,196,200,201,203,204,209,210,211,212,213,215,217,218,219,221,224,226
40,41,42,44,47,50,53,54,55,56,57,59,62,63,66,68,69,70,72,74,77,78,79,81,83,84,85,87,89,90,91,95,96,98,101,102,104,107,108,110,111,113,114,116,118,119,120,122,124,125,126,128,130,131,132,133,134,135,137,138,139,140,143,145,148,149,150,153,154,158,160,163,164,165,166,170,171,173,176,178,179,181,182,185,186,187,189,192,193,194,195,196,197,198,200,202,203,205,206,212,213,214,215,219,222,224,226
41,42,44,46,47,48,49,50,51,52,57,60,61,62,63,64,65,66,68,70,71,72,75,77,79,80,83,84,86,87,91,92,94,99,100,106,107,108,109,111,112,113,116,120,121,126,135,136,137,138,139,141,143,144,146,149,151,154,156,157,158,159,160,161,163,164,168,169,170,171,172,174,175,176,178,179,180,181,183,184,186,188,189,190,191,192,195,198,199,200,202,203,204,205,206,207,208,209,214,215,217,218,221,222,223
42,43,44,47,48,49,51,55,56,58,59,60,61,62,64,66,70,71,74,75,77,78,80,84,85,87,88,89,91,95,98,104,108,109,110,111,112,113,114,115,120,122,123,127,129,130,131,134,135,137,141,142,146,147,149,150,151,153,154,155,157,161,163,166,167,168,169,170,171,172,173,175,178,179,182,187,189,190,193,195,197,199,200,202,204,205,206,207,208,209,210,214,216,217,218,219,221,223,226
43,44,45,47,48,50,51,53,54,55,56,57,60,61,63,66,70,72,74,76,78,80,81,83,84,88,89,92,97,100,103,105,106,107,111,113,116,118,119,120,122,123,124,126,127,128,131,134,137,138,139,140,141,143,145,146,148,149,150,153,154,155,156,157,158,159,161,163,164,165,166,167,168,170,171,172,173,176,178,179,180,181,182,183,185,186,187,190,201,206,207,211,212,214,217,219,222,224
44,47,48,51,52,53,54,56,57,58,59,60,61,62,65,68,69,70,73,74,75,78,79,81,82,84,85,86,87,89,92,96,97,98,102,104,105,109,110,111,117,118,120,122,124,125,127,134,137,140,141,143,144,147,148,149,155,156,157,158,159,160,161,162,165,167,168,169,173,174,175,176,177,178,179,180,184,185,187,189,190,193,196,201,202,203,205,208,210,211,212,214,215,217,218,219,226
45,46,48,49,56,59,60,64,65,66,67,69,71,72,73,74,76,77,81,82,83,85,87,88,89,90,92,94,96,98,103,104,107,108,110,112,114,115,116,117,118,119,121,122,124,126,127,128,129,130,131,133,136,139,141,142,143,144,147,150,154,157,158,159,160,161,162,163,165,169,172,173,175,176,179,180,181,182,183,184,186,187,189,191,192,193,194,196,197,198,199,202,204,206,208,209,210,213,216,217,219,224,225
46,52,55,57,59,60,61,62,63,64,65,66,71,73,74,75,78,79,80,81,82,84,87,89,90,91,93,95,96,97,100,102,104,107,109,112,114,117,121,126,128,129,130,131,132,133,136,137,138,139,142,143,144,145,148,150,151,152,154,155,157,162,167,171,172,174,176,178,179,183,185,186,189,196,199,201,204,205,208,209,213,215,216,218,219,221,222,223,224,225
47,49,51,52,54,55,57,59,60,62,64,65,67,68,70,71,72,73,76,80,81,82,86,87,90,91,92,93,94,97,99,100,101,103,104,105,106,108,109,110,112,116,117,120,126,130,133,134,137,138,139,140,141,142,144,147,149,150,152,153,154,157,158,160,163,165,172,173,175,177,178,179,180,181,182,183,184,186,187,190,191,194,195,196,197,199,200,201,204,205,206,207,208,209,210,212,213,216,217,218,219,220,221,222,224,225,226
48,49,51,52,53,54,55,60,61,63,65,66,67,68,73,75,79,81,82,83,84,87,90,92,94,97,98,99,102,104,105,106,107,110,113,114,117,121,123,125,126,128,129,130,132,133,134,137,138,140,144,145,146,148,149,150,152,153,155,157,159,161,162,163,164,165,167,170,172,175,179,181,182,185,187,188,189,191,192,194,199,201,203,204,205,206,207,208,209,213,214,215,216,217,221,223,226
49,50,51,53,54,55,60,62,63,66,68,69,73,74,76,80,83,84,87,89,90,94,95,96,105,109,110,111,113,115,117,118,119,120,122,123,124,127,129,131,136,140,142,143,144,145,148,149,151,153,154,158,159,163,165,166,167,169,171,174,175,179,180,184,185,186,187,191,193,196,197,198,199,201,202,203,205,207,209,210,212,213,214,216,219,220,221,223,226
50,51,52,53,56,63,64,66,68,69,73,75,78,81,86,87,89,91,92,93,95,96,100,102,103,104,105,107,108,109,111,113,114,115,116,117,118,119,120,121,125,127,128,129,131,132,133,135,137,140,141,145,149,150,151,153,154,156,160,161,163,164,165,167,170,172,173,175,176,180,181,182,187,189,190,191,192,193,194,197,198,202,203,204,209,210,211,212,217,218,220,222,225,226
51,55,56,57,58,60,61,62,63,64,65,66,68,69,73,76,78,82,84,85,86,87,88,90,94,95,96,98,99,101,103,109,112,113,116,118,123,124,125,126,127,128,129,137,142,144,145,146,148,149,152,154,155,156,158,160,161,164,165,166,167,169,170,171,174,176,177,181,182,183,184,185,187,188,189,190,191,192,193,195,201,202,203,205,206,208,209,210,211,212,214,215,220,224,225,226
52,53,54,55,58,60,61,62,64,65,67,68,69,71,72,73,74,76,77,79,81,83,84,86,87,88,93,94,95,96,99,103,104,105,106,108,110,111,119,121,122,123,124,125,126,128,131,132,133,138,139,140,141,142,143,145,146,147,148,149,150,151,152,153,154,159,161,166,167,169,170,171,172,173,174,175,176,177,178,179,180,182,188,191,192,193,195,196,198,199,200,202,203,208,210,211,215,216,218,220,223,224,225
53,56,57,61,62,63,65,66,68,70,71,72,73,74,75,78,79,80,83,84,88,90,91,93,94,97,98,99,100,101,102,104,108,111,112,113,115,116,117,121,123,125,126,130,131,134,136,143,144,145,146,151,152,153,155,156,157,158,161,162,164,165,166,167,168,170,173,174,177,178,183,184,186,187,188,190,192,195,197,199,200,204,205,207,209,211,213,216,217,218,219,220,222,223,224
54,55,57,62,66,70,75,79,80,81,82,85,86,87,89,92,93,95,96,97,98,99,104,109,111,116,118,120,123,125,126,128,130,133,135,137,139,141,142,144,145,146,149,158,163,164,165,166,167,170,171,172,174,177,180,181,182,183,186,187,188,194,195,196,199,200,203,205,206,208,209,211,212,214,215,216,221
55,57,58,59,60,61,64,65,67,68,71,78,79,80,81,83,85,92,93,94,95,98,99,101,103,107,108,109,110,112,117,118,121,122,123,124,126,128,129,130,131,133,135,137,138,140,141,142,143,145,146,149,153,155,156,157,158,162,164,165,168,169,170,171,174,175,176,177,178,179,180,182,184,189,190,191,192,194,195,196,201,203,205,206,207,211,212,215,219,220,222,223,226
56,58,60,61,62,63,64,66,68,69,70,71,74,75,76,77,79,85,86,87,88,90,92,96,97,102,103,104,105,106,107,109,110,111,112,113,115,118,119,120,122,124,125,126,127,129,130,131,132,138,139,140,141,143,144,149,152,153,154,155,156,160,161,163,164,165,168,169,170,171,174,178,181,183,186,187,192,193,194,195,196,199,202,203,204,206,207,209,210,211,213,215,218,220,221,222,223,224,225
57,58,60,61,63,64,65,69,70,71,72,76,80,81,82,83,84,88,89,95,96,97,98,101,103,104,110,112,113,115,116,117,118,119,121,122,126,127,129,132,133,134,135,136,137,140,143,144,145,146,148,150,152,153,154,158,161,163,165,166,167,170,175,177,178,181,185,186,188,189,190,191,192,193,194,196,200,203,205,208,209,210,211,212,214,215,216,217,218,219,220,221
58,59,60,61,62,64,65,68,69,75,80,83,84,85,86,88,89,91,97,98,99,100,101,102,103,107,108,112,114,116,120,121,122,125,127,129,130,131,132,134,136,137,139,142,144,145,146,149,150,153,154,155,157,158,159,160,161,163,166,167,168,173,175,179,181,184,189,191,192,194,195,197,201,203,204,206,207,208,210,213,214,215,217,218,219,222,223,226
59,60,61,63,66,68,70,72,75,80,81,84,85,86,89,91,92,93,97,99,100,101,104,105,106,107,108,109,111,112,115,116,117,118,119,122,125,127,130,134,136,142,143,148,149,151,152,153,155,156,157,160,162,163,167,172,175,176,184,188,189,190,192,193,200,201,204,210,213,215,216,217,218,219,220,221,223
60,61,62,63,67,68,69,74,75,76,78,80,81,82,83,85,87,88,89,90,93,94,95,96,98,101,104,105,107,111,113,114,115,116,120,121,124,125,131,134,137,138,139,140,145,146,147,149,150,151,153,154,157,159,161,162,165,166,167,169,170,171,172,173,176,177,178,180,182,183,184,185,186,187,190,194,196,198,199,203,205,206,209,210,214,220,225,226
61,64,67,68,71,72,73,75,77,81,82,84,85,97,99,100,101,102,103,105,108,110,112,113,115,117,118,119,122,126,130,131,132,134,135,136,138,140,142,143,145,146,147,148,149,150,155,156,157,159,160,163,164,165,166,168,171,172,175,176,177,179,180,181,183,184,186,187,191,192,193,194,195,196,197,198,202,205,206,207,209,211,213,214,216,218,219,221,222,226
62,64,65,66,67,68,70,72,73,76,77,78,79,80,81,82,83,84,85,88,90,91,95,96,98,99,100,101,102,103,104,105,109,110,111,112,119,120,121,122,125,126,129,130,131,132,136,137,139,144,145,146,151,152,153,154,156,157,159,160,161,162,163,167,169,172,174,177,178,180,181,182,184,185,186,188,189,193,194,195,197,198,204,206,207,208,211,214,217,220,221,222,223,224
63,64,65,66,67,69,71,72,82,83,84,85,86,87,88,89,90,92,94,95,96,97,98,99,101,102,105,106,107,109,111,114,115,118,119,120,121,122,126,128,130,133,134,135,140,141,145,146,147,151,153,154,157,158,161,162,163,164,165,166,167,169,171,177,178,179,180,184,186,190,192,193,198,199,202,204,207,209,210,211,212,216,220,222,223,226
64,66,67,68,69,72,73,77,81,85,89,90,93,94,99,100,102,103,104,106,107,110,114,116,118,119,120,125,126,127,129,130,132,134,135,136,138,139,142,145,147,149,151,152,153,154,164,165,166,167,168,169,172,173,176,177,180,181,182,184,186,188,189,191,192,195,196,200,201,202,203,204,210,211,213,214,216,223,226
65,66,67,69,70,74,76,81,82,83,87,88,89,94,99,100,101,102,104,106,108,111,114,115,117,121,122,124,126,127,129,131,138,142,143,144,145,146,148,149,150,151,152,153,154,158,159,161,162,164,166,170,171,174,175,176,179,183,184,185,186,187,188,190,191,193,194,195,197,202,205,206,207,208,209,210,211,212,214,215,221,223,225,226
66,68,70,71,72,74,76,77,79,80,81,82,83,85,88,90,91,92,93,95,100,101,103,104,105,106,107,108,112,115,116,119,120,121,122,123,126,128,129,130,131,135,136,140,141,142,144,146,148,149,150,151,159,162,163,165,167,168,169,171,174,175,177,178,179,181,182,184,187,190,193,194,197,198,202,205,206,209,213,214,215,216,220
67,68,70,71,73,74,75,82,84,87,90,94,96,97,98,99,101,106,109,110,112,115,116,117,120,121,125,126,128,130,132,133,134,135,140,142,143,146,148,150,152,153,155,156,162,165,166,170,171,172,174,182,185,186,187,188,192,196,202,208,211,212,214,215,216,217,219,222,223,225
68,69,70,71,72,74,77,81,82,84,86,88,93,96,97,98,99,100,103,104,106,108,109,111,113,114,115,116,117,119,121,122,123,125,126,127,129,131,132,133,134,136,137,138,139,142,143,145,147,151,154,155,156,163,164,165,166,167,169,170,171,172,175,176,177,179,182,184,185,188,189,193,194,195,196,197,198,199,202,207,209,210,211,216,217,220,225,226
69,71,73,75,79,85,88,90,91,92,94,96,98,99,102,103,104,106,107,108,112,118,119,123,125,127,128,129,133,135,137,138,139,142,144,145,148,150,152,153,154,155,159,160,162,164,167,168,174,176,180,181,182,183,184,185,187,189,190,191,192,194,195,196,200,203,206,208,210,211,212,214,215,216,218,220,221,222
70,71,72,75,78,82,83,84,85,86,89,90,93,95,96,97,98,99,100,101,102,106,109,112,115,117,118,120,126,127,128,130,132,133,134,136,137,138,139,145,147,150,151,155,156,157,165,167,168,171,172,173,175,176,178,180,181,182,184,186,189,195,196,197,198,199,200,201,202,204,208,209,210,213,216,218,219,222,223,224,225,226
71,74,75,76,83,84,85,87,88,89,91,93,94,95,96,98,100,102,105,106,107,108,110,111,113,115,117,118,119,120,121,123,124,125,126,127,129,130,135,136,137,138,140,142,143,144,145,148,150,151,155,156,157,158,161,162,163,168,171,172,173,175,176,177,179,181,182,186,188,190,191,193,196,197,198,200,203,205,208,209,210,211,215,216,217,218,221,223,224,226
72,77,78,85,86,87,88,89,90,94,97,98,101,102,103,105,109,110,111,112,113,114,115,116,117,121,122,123,124,125,126,129,130,131,134,136,138,139,142,143,144,145,146,147,149,153,155,156,159,161,162,164,166,168,171,172,173,174,175,176,178,180,181,184,185,188,189,190,192,193,195,196,197,198,199,200,201,202,205,207,209,212,214,217,219,220,221,224
73,76,83,85,86,87,89,90,91,94,97,98,100,101,103,104,106,109,110,111,112,113,114,116,117,118,120,121,122,123,125,126,127,129,130,131,133,136,140,144,145,146,149,153,155,159,160,161,162,164,167,169,170,171,172,173,175,176,179,182,183,184,187,189,190,191,194,195,197,198,199,200,202,203,205,210,212,214,216,221,222,225
74,75,77,79,82,84,86,89,92,94,96,97,100,101,102,104,106,108,110,113,117,119,124,125,126,127,128,129,131,133,134,135,137,138,140,145,151,153,156,158,160,162,163,165,167,168,169,171,174,175,176,178,179,185,186,187,189,197,199,203,204,205,206,207,208,209,210,215,216,220,222,223,224,225,226
75,76,83,84,86,88,89,92,93,94,95,96,97,98,99,100,103,104,106,107,109,111,112,113,114,117,119,121,122,123,125,128,130,132,134,135,138,139,140,142,143,145,146,147,149,150,151,152,155,156,157,161,165,167,168,169,170,171,173,175,176,177,178,179,180,181,182,185,189,190,191,192,195,196,199,200,201,202,204,205,207,208,209,211,218,220,221,223,224
76,77,78,79,80,83,84,85,86,87,90,93,94,95,96,97,98,101,108,112,113,114,116,117,120,123,125,126,127,128,131,137,139,140,143,147,149,150,152,153,156,158,160,162,166,167,170,174,175,178,179,181,185,189,190,191,193,194,197,198,201,203,209,210,211,213,216,218,223
77,80,81,86,90,91,92,94,95,96,97,101,102,104,105,106,107,108,115,116,118,119,120,122,124,126,127,130,132,135,136,137,138,141,142,143,144,146,147,152,157,159,160,166,167,168,169,171,172,173,176,177,178,179,180,184,185,186,187,190,193,195,196,197,200,205,207,208,210,211,212,213,214,215,216,218,219,221,224,225
78,79,81,82,84,86,89,91,93,94,95,96,102,103,105,107,108,109,110,111,112,113,116,119,123,124,126,127,128,130,131,134,136,138,139,141,142,144,153,155,156,158,159,160,163,164,165,168,170,171,172,174,175,177,178,179,180,182,183,187,188,189,190,191,193,196,198,203,204,205,206,209,210,214,215,216,221,223,225,226
79,80,83,84,85,91,94,97,99,100,102,106,107,108,114,116,117,119,123,124,125,126,131,132,133,135,137,138,139,142,146,147,148,151,152,154,155,156,157,159,161,163,166,170,171,175,177,178,179,181,185,186,191,192,193,195,200,201,202,204,205,211,212,215,216,217,220,221,222,226
80,81,82,83,84,85,86,87,88,91,93,96,98,99,100,102,103,106,107,108,110,113,116,118,119,121,122,124,125,128,129,130,133,139,141,142,143,144,145,146,147,148,149,150,152,160,163,164,165,166,167,169,173,174,175,177,178,179,182,183,185,186,188,190,196,198,199,200,202,204,207,211,213,214,217,219,220,222,223,225,226
81,83,84,85,86,90,93,94,95,97,98,99,101,102,104,106,107,108,109,115,117,118,123,124,125,126,127,128,129,131,132,133,134,135,137,140,141,142,144,146,148,149,155,157,158,159,161,162,164,165,166,168,169,170,172,174,177,178,179,180,186,187,191,192,193,194,196,198,202,203,204,205,206,208,210,212,215,217,218,219,221,223,224,225,226
82,84,87,88,91,92,93,94,95,96,97,98,99,101,102,104,105,106,109,110,113,114,115,120,121,124,127,128,131,132,134,136,137,139,140,143,145,146,147,148,150,152,153,154,155,157,158,159,160,161,162,166,168,169,170,172,173,174,178,179,180,181,183,190,191,194,195,196,197,199,202,205,206,207,208,210,211,212,213,215,225
83,84,85,86,87,88,89,90,93,94,95,96,97,98,99,101,103,105,107,110,112,113,116,118,122,125,128,130,132,134,135,136,137,139,142,143,146,147,152,153,154,156,157,158,159,160,161,162,164,166,167,168,169,173,175,177,179,182,183,184,189,190,191,193,194,195,196,197,201,203,205,206,213,216,217,219,220,221,222,223,224,226
84,86,87,89,92,93,97,98,99,100,105,108,112,113,114,116,117,119,121,123,125,127,129,132,137,138,139,143,145,146,148,149,150,153,157,159,160,163,165,167,168,170,171,172,173,176,181,182,183,184,188,192,194,196,199,200,203,204,205,206,209,213,214,215,216,218,219,221,222,225
85,87,88,89,91,92,94,96,97,98,103,104,105,106,107,110,111,112,113,115,116,117,119,120,121,122,125,127,129,131,132,133,135,136,137,144,146,147,151,153,156,158,159,160,161,162,164,165,168,169,170,171,174,176,177,178,183,185,186,195,196,197,200,203,204,205,206,207,208,211,212,214,218,220,221,222,223,224
86,88,89,91,95,97,98,99,100,101,105,108,111,112,113,119,120,121,126,127,129,130,131,132,134,137,138,140,141,142,145,147,150,151,152,155,156,158,160,162,164,165,166,167,168,171,172,173,174,175,176,178,180,182,183,184,186,187,188,189,190,191,192,193,194,195,196,197,198,204,205,208,211,213,215,216,218,219,220,221,223,224,225,226
87,89,91,93,97,98,99,100,102,103,104,105,107,110,112,113,116,121,122,123,124,127,128,129,132,133,135,136,137,139,141,142,143,144,145,146,147,148,150,152,154,155,156,157,159,160,161,164,165,166,168,169,170,172,173,174,175,179,180,184,186,187,189,190,191,192,195,196,197,200,201,203,207,208,210,212,213,215,216,217,219,220,221,222,223,224,225,226
88,91,92,94,95,100,101,107,108,109,110,113,114,115,116,117,118,119,120,123,125,131,132,133,134,135,139,142,144,147,149,150,154,155,156,157,159,160,163,165,166,168,172,174,180,182,183,185,186,187,188,189,191,192,194,197,198,199,201,202,203,208,209,210,211,213,214,215,216,217,218,220
89,91,92,94,96,97,98,99,100,101,104,106,109,110,111,112,113,120,121,123,124,129,130,131,133,136,137,138,141,142,145,146,151,152,154,158,159,165,167,168,169,170,171,172,174,179,180,181,182,183,184,185,190,192,195,200,201,206,209,213,214,215,217,218,219,220,222,223
90,92,93,94,95,96,97,100,105,107,110,111,113,117,118,121,124,125,127,128,131,132,135,136,137,139,140,141,142,144,145,146,147,148,156,160,163,164,168,170,172,174,175,177,178,179,181,182,183,184,187,190,191,193,196,197,200,203,206,207,208,210,212,214,215,217,218,219,222,224,225
91,93,94,95,96,99,100,101,103,104,105,106,111,112,114,117,119,121,122,123,127,128,129,130,131,132,134,138,139,140,141,142,144,145,146,148,155,156,161,162,165,166,167,168,169,172,174,178,179,180,181,183,184,186,187,188,189,191,192,193,195,197,200,203,204,207,208,210,211,212,215,218,219,220,221,223,224,225
92,95,98,99,100,103,104,105,106,108,109,112,114,115,117,121,122,124,126,127,128,129,130,132,139,143,147,153,155,156,157,158,159,161,162,164,165,168,169,170,171,172,174,176,177,178,179,182,184,186,187,188,190,192,193,194,196,199,200,202,203,204,205,206,208,209,212,213,214,216,218,219,220,221,222,224,226
93,95,96,97,98,99,100,101,102,103,106,108,109,111,112,113,115,116,118,120,122,124,125,127,129,134,135,138,144,153,155,156,157,159,166,168,169,172,173,174,176,181,182,185,186,187,189,191,192,194,195,203,204,206,209,215,216,217,219,221,222,225
94,96,97,100,103,108,110,111,113,114,115,116,118,120,121,122,123,124,127,129,130,134,135,140,141,145,146,147,148,149,150,153,156,157,158,161,170,171,174,175,177,181,183,184,186,189,190,191,192,193,195,199,200,201,207,209,210,211,212,213,214,216,217,219,220,222,223,224,225,226
95,96,98,99,100,102,104,105,106,107,109,110,113,114,119,120,121,122,124,125,127,128,129,131,132,135,136,140,141,142,143,145,147,149,152,153,157,159,160,162,163,165,167,168,169,170,173,174,176,177,178,180,184,186,187,190,191,192,193,194,197,201,202,204,207,208,209,211,215,216,218,222,223,225
96,99,100,101,102,103,104,106,107,110,111,112,113,114,116,117,120,121,122,124,126,127,130,131,133,136,137,141,142,146,148,149,150,152,153,155,156,157,159,160,161,162,163,165,166,170,171,173,174,175,176,179,181,182,183,185,187,191,193,194,195,198,200,201,203,204,206,209,210,211,212,213,216,218,219,220,221,223,224,226
97,98,101,102,106,107,110,116,117,118,121,122,124,125,126,127,129,131,133,139,140,143,144,151,152,153,160,170,173,174,175,178,179,181,184,185,186,187,188,189,190,191,193,197,198,199,202,204,206,207,208,210,212,215,219,220,221,223,224,225
98,104,105,107,108,109,110,112,113,114,115,118,119,120,126,128,132,134,137,139,140,147,149,150,152,153,154,155,156,157,163,164,166,167,169,170,172,173,174,175,176,177,180,181,183,185,187,189,193,197,200,201,202,203,205,206,207,208,211,214,215,217,218,219,220,221,223,224,225,226
99,101,103,106,107,110,112,115,116,119,121,125,126,127,129,131,135,136,137,138,140,141,142,144,150,151,152,155,156,157,160,161,162,164,166,167,173,174,179,182,183,185,186,190,193,201,205,209,210,211,212,213,214,215,217,219,222,223,225
100,101,107,109,115,116,121,123,125,127,128,131,137,138,139,140,141,142,143,145,147,155,157,158,159,160,161,162,163,164,165,168,170,172,174,175,177,180,181,182,183,185,186,187,190,191,192,193,195,196,197,198,199,204,205,206,208,209,210,211,213,214,216,219,220,221,222,223,224,226
101,106,107,108,109,110,111,114,116,117,118,120,121,123,126,128,129,130,133,135,136,137,138,140,143,149,150,152,153,154,155,158,159,161,162,163,164,167,172,173,176,177,178,179,181,185,186,191,192,193,195,196,198,201,202,203,205,207,208,211,212,217,218,219,220,222,223,224,225
102,104,106,115,116,119,121,122,123,124,125,126,128,129,131,133,134,135,137,140,141,145,147,148,149,150,151,152,154,155,156,157,159,160,161,165,170,176,179,180,182,183,184,186,188,189,190,192,193,194,195,196,197,198,199,200,201,203,204,205,208,212,213,214,215,216,218,220,221,222,224,226
103,108,109,112,113,114,119,120,123,124,128,129,132,134,135,136,137,141,143,144,145,148,149,150,151,152,154,155,158,159,161,162,164,165,166,168,169,170,172,173,178,179,185,188,192,194,195,196,201,202,203,206,207,210,211,212,213,215,216,218,219,220,221,223,225,226
104,106,107,109,110,111,114,116,117,118,119,121,122,123,126,127,128,129,131,132,135,138,139,140,142,144,145,147,148,151,152,153,154,155,156,157,158,163,165,166,168,169,171,174,176,180,181,182,183,184,185,186,187,189,194,195,197,198,199,200,201,202,205,210,212,214,216,219,223,224
105,107,113,114,115,120,122,124,125,126,128,130,132,133,135,136,137,138,139,140,142,143,144,146,147,148,151,156,157,158,160,161,162,164,167,168,171,172,174,177,178,181,182,183,184,186,191,192,194,197,198,201,202,203,208,210,211,213,214,215,221,223,224
106,107,108,109,110,115,116,120,121,122,123,125,126,133,134,137,138,142,143,144,145,146,147,148,150,151,152,153,154,155,156,157,158,159,160,162,163,164,169,173,174,175,185,186,191,192,193,198,201,202,203,206,209,210,211,213,218,221,222,224,226
107,108,109,110,111,112,114,120,122,124,127,128,129,130,133,135,139,145,149,150,151,152,154,155,162,164,165,168,170,171,173,174,176,178,183,186,188,190,191,192,196,197,201,205,207,209,211,213,214,216,217,219,224,225
108,109,111,112,113,118,120,123,124,125,128,129,133,136,137,138,139,146,147,150,151,152,155,156,159,160,162,163,164,166,168,175,176,177,178,180,181,183,184,186,187,188,192,193,196,197,199,201,202,203,204,206,207,209,210,211,212,214,215,218,219,221,222,223,224,225
109,110,116,117,118,119,121,122,123,125,126,128,131,132,134,136,137,139,140,141,142,143,144,149,154,155,158,161,162,165,169,171,172,173,174,178,179,181,182,188,189,192,193,194,197,198,201,206,207,208,209,210,211,212,213,214,215,216,218,219,220,223,224,225
110,111,113,118,119,122,124,126,128,129,132,133,134,135,136,137,138,139,140,143,145,146,148,149,150,154,157,159,160,162,165,168,170,171,177,180,181,184,186,187,188,192,193,194,195,196,197,200,201,202,205,206,209,210,212,213,214,215,217,218,219,220,221,222,223,224,226
111,112,114,115,119,120,123,125,126,130,131,132,133,134,135,136,137,138,139,142,144,146,148,149,150,152,153,154,155,157,158,160,162,163,165,166,167,168,170,171,175,176,177,178,182,183,186,187,188,189,190,192,194,195,196,197,199,203,204,205,210,211,212,213,214,215,216,217,218,220,221,223
112,115,116,118,119,122,123,124,125,127,128,129,130,131,132,134,137,138,140,143,144,146,147,148,149,150,151,152,156,157,158,160,163,164,165,166,167,168,170,171,172,174,176,177,179,180,183,187,188,189,190,191,192,193,194,196,198,199,204,205,206,208,211,214,215,217,222,223,224,226
113,114,116,118,120,121,124,125,126,129,130,131,132,134,135,136,138,139,141,142,143,144,146,147,148,149,154,155,156,160,161,162,163,165,167,170,171,172,173,174,175,177,178,181,182,183,185,188,189,191,196,200,201,202,203,206,208,209,211,214,215,216,218,220,221,222,223,226
114,115,117,119,121,122,123,128,129,130,131,133,134,139,141,142,143,146,148,149,150,154,155,156,159,160,161,163,167,169,170,171,172,174,178,179,186,188,190,194,195,196,197,199,200,202,203,204,206,208,209,212,213,214,215,217,218,220,221,222
115,117,118,119,121,123,124,125,129,132,134,137,138,139,140,144,145,146,147,149,150,157,159,160,161,165,167,176,177,179,183,188,190,194,195,196,197,198,201,203,204,205,208,209,210,211,214,221,223,226
116,117,120,121,123,125,126,128,129,130,133,134,136,138,141,143,145,147,150,153,154,155,156,161,163,164,167,168,170,171,172,174,177,178,179,181,182,184,185,188,190,193,194,198,200,204,205,207,210,213,215,217,219,221,223,224,225
117,118,119,120,122,123,129,131,134,135,136,137,138,139,141,143,144,146,148,149,151,154,156,157,158,160,161,162,164,166,170,171,172,173,174,175,177,178,179,187,192,194,196,198,201,203,205,206,207,209,210,212,213,214,217,219,220,222,224
118,119,120,121,123,124,127,135,139,140,143,146,149,152,153,154,155,156,159,160,161,163,164,167,168,173,175,178,179,185,186,190,191,194,195,196,197,198,201,203,206,207,210,213,214,215,220,221,223,224,225,226
119,121,122,124,128,129,130,131,132,133,134,135,138,139,140,141,143,144,146,148,150,151,152,153,154,155,158,159,162,163,164,165,167,168,169,170,171,172,173,174,175,176,177,180,181,183,184,186,189,191,193,194,195,196,198,199,201,205,206,212,213,214,216,217,221,223,225
120,121,122,125,126,130,132,133,134,135,138,139,146,147,149,151,154,155,156,157,158,160,161,162,163,164,166,170,171,172,173,174,175,176,178,180,182,183,184,185,188,190,191,193,194,195,196,198,199,200,201,203,206,209,213,219,221,222,223,226
121,123,124,128,130,131,133,134,136,137,139,140,143,144,146,147,148,151,152,157,159,160,161,162,163,164,165,168,170,171,172,173,175,176,177,178,180,182,183,186,187,188,193,194,195,196,197,199,203,204,205,208,209,210,212,213,214,216,217,218,223,224,226
122,123,124,126,127,131,132,133,135,136,137,139,140,141,142,145,149,151,152,153,155,159,162,163,166,169,170,172,174,176,177,178,183,184,185,186,189,191,193,196,198,199,200,201,202,203,204,206,207,208,209,211,212,214,216,218,222,223,224,226
123,124,125,126,128,129,130,137,141,142,143,144,145,146,149,150,151,152,155,156,158,160,164,165,166,167,168,171,172,173,174,176,178,179,182,184,187,188,189,192,196,197,199,201,202,204,205,206,210,213,215,217,220,221,222,223,225,226
124,125,128,129,130,134,135,136,138,139,141,149,150,151,152,155,157,158,161,163,165,167,169,170,175,177,178,179,180,181,183,184,185,186,188,189,191,194,195,196,197,199,201,202,203,204,206,212,214,215,216,217,218,223,224,225,226
125,126,130,131,132,133,134,135,136,137,138,139,140,141,142,148,149,151,152,153,158,159,160,162,166,167,168,169,171,172,173,174,175,176,179,181,182,183,184,186,187,188,189,192,195,200,201,203,204,205,206,207,210,211,212,215,217,221
126,128,129,131,133,134,135,136,138,140,145,153,154,155,157,158,159,160,162,163,164,167,168,169,170,171,172,173,175,176,180,181,182,183,185,186,188,189,190,191,192,193,197,198,203,204,207,208,209,215,217,218,222,223,224,225
127,130,133,134,135,136,137,141,142,143,144,149,150,151,153,154,155,156,157,158,160,161,162,163,164,166,167,168,171,172,175,176,179,183,184,187,190,192,194,195,197,202,203,205,209,210,212,213,215,216,221,222,223,224,225
128,129,132,133,134,135,136,139,141,142,143,144,147,150,152,154,155,156,157,158,160,164,166,170,174,176,177,181,182,186,187,188,189,190,195,196,197,199,200,202,206,208,211,212,214,218,219,220,221,223,224,225
129,131,133,137,138,140,142,143,145,147,148,150,153,156,157,159,160,162,165,166,168,170,172,173,174,176,177,179,181,182,184,192,193,195,198,199,201,202,205,208,210,213,215,216,217,220,223,225
130,135,136,137,138,139,141,142,144,147,149,150,152,154,155,157,158,159,161,162,163,164,165,167,168,169,170,173,176,177,182,186,187,188,190,192,193,194,195,196,198,206,209,211,212,213,214,216,217,220,222,224,225
131,132,133,135,136,137,140,141,144,146,147,148,149,150,152,154,159,160,163,164,165,167,168,169,171,173,174,177,181,183,185,186,188,189,191,192,193,194,195,196,197,199,200,201,204,205,206,207,208,209,211,212,213,214,215,218,221,223,224
132,136,138,139,141,144,145,148,149,150,158,160,163,164,167,168,169,170,172,175,176,181,182,183,184,187,188,193,196,197,198,199,200,201,202,203,205,206,208,210,211,214,216,218,219,220,222,223,225,226
133,134,137,138,139,141,143,144,145,146,147,148,151,152,156,157,158,159,161,163,165,166,168,177,179,183,189,191,192,193,196,197,203,205,206,209,218,220,221,223,225,226
134,140,141,143,144,146,147,150,151,152,153,155,156,157,161,163,164,165,166,168,170,174,176,177,178,181,182,186,187,189,192,193,194,195,196,198,200,202,203,205,207,210,212,214,219,220,221,222,224
135,139,142,143,145,146,148,151,152,155,156,157,158,162,168,169,170,174,175,176,177,179,182,183,186,187,188,194,196,198,199,200,201,207,211,212,215,218,219,220,221,222,223,224,225
136,137,139,140,141,142,143,144,145,146,147,148,149,152,153,154,157,158,160,163,168,171,172,173,174,176,177,178,179,181,182,188,189,191,192,193,194,195,201,203,205,206,208,209,210,211,213,215,216,217,222,223,225
137,138,139,141,142,146,149,150,153,156,158,160,163,165,167,171,172,174,175,176,178,179,181,182,183,184,185,186,187,189,190,191,195,196,198,199,200,204,209,210,211,212,213,214,219,222,225
138,139,140,142,146,148,149,151,154,155,156,162,163,165,166,167,168,169,170,172,174,175,176,177,180,181,182,184,185,186,190,191,194,195,196,198,199,200,201,203,206,208,209,210,211,214,217,221,222,224,226
139,140,141,143,146,147,148,149,151,152,153,155,157,160,162,166,169,170,171,172,173,176,177,179,180,182,184,185,186,189,190,191,193,197,202,203,204,205,206,207,208,210,211,213,216,217,218,220,222
140,141,145,148,149,151,153,154,159,161,163,165,166,170,172,173,174,177,178,179,181,184,185,186,188,189,190,192,194,200,202,204,206,209,210,211,212,215,217,219,220,221,224,225,226
141,142,144,145,146,147,151,152,154,155,156,158,159,160,161,163,164,165,166,167,168,170,172,173,174,175,177,178,182,183,184,186,187,189,191,192,193,195,197,199,201,203,204,205,206,207,209,210,211,213,214,216,217,218,220,221,223,225,226
142,147,148,149,150,151,152,155,156,158,159,163,166,167,169,170,172,173,174,175,176,177,181,182,184,185,190,191,194,199,200,203,204,205,207,208,211,213,214,217,219,222,224,226
143,148,150,151,152,153,155,156,159,161,162,163,167,169,175,178,179,180,182,183,185,186,188,189,192,194,196,198,200,202,204,205,206,209,210,211,214,217,225
144,145,148,150,152,153,155,161,162,163,169,170,171,174,177,178,181,182,184,185,187,188,189,191,192,194,195,197,202,203,204,207,211,212,213,216,217,218,219,222,224,225
145,146,151,153,154,155,156,157,158,159,160,161,162,166,167,168,169,170,176,178,179,182,186,187,188,190,191,194,195,197,198,199,200,201,206,207,208,209,213,214,216,218,219,222,223,225
146,147,149,151,153,156,157,159,161,162,164,165,167,168,170,172,174,178,179,181,183,185,187,188,189,191,193,200,201,202,204,205,214,215,221,222,224,225
147,150,151,152,153,154,155,156,157,158,160,161,163,164,168,169,170,171,174,176,178,179,180,184,186,188,189,190,191,192,194,196,198,199,202,203,204,205,208,210,211,212,213,216,217,218,220,221,222,224,225,226
148,149,150,151,153,158,162,163,164,166,168,169,174,175,177,179,180,181,184,186,187,188,191,195,199,200,201,206,209,211,213,216,217,218,219,220,221,222,223,225
149,150,151,154,156,158,163,165,167,169,170,171,172,173,174,175,176,179,181,183,184,187,191,192,194,195,197,198,200,202,203,204,210,211,213,217,219,220,221,222,224,226
150,153,158,159,161,162,165,170,173,175,178,179,180,181,182,184,186,187,188,190,191,192,194,195,199,200,204,205,206,207,211,212,213,216,217,219,220,221,223,225
151,153,154,156,157,160,162,163,164,167,168,169,171,173,175,176,177,179,180,182,184,187,189,192,193,195,202,203,205,206,210,211,212,213,214,216,217,219,220,221,223,224,226
152,153,156,157,163,168,171,172,173,175,177,178,179,180,182,183,186,190,192,194,195,196,197,199,200,201,205,206,207,208,211,213,216,218,219,220,222,224,226
153,155,156,157,159,160,161,162,163,164,165,168,173,176,178,179,180,184,185,186,188,190,191,192,193,197,198,199,200,201,202,207,209,216,217,218,221,225,226
154,158,159,161,163,165,168,169,171,172,173,174,175,176,177,178,180,183,184,186,188,189,190,191,192,195,196,198,201,203,204,205,207,208,210,212,213,214,215,217,220,221,222,224,225,226
155,157,159,160,165,169,173,175,176,177,178,179,181,184,186,187,189,190,192,194,196,199,200,201,202,203,205,207,209,211,212,215,218,219,222,223,224,226
156,157,163,164,168,169,170,171,172,173,174,175,176,180,183,186,187,190,191,193,195,197,203,204,205,207,208,209,210,211,212,213,214,219,220,221,222,223,224
157,159,161,163,164,166,168,169,171,175,180,181,183,186,187,191,192,193,194,196,197,198,201,202,203,205,206,211,212,213,214,215,216,217,218,219,220,221,224
158,159,165,170,172,174,175,176,179,180,184,185,186,187,190,193,195,196,197,198,200,202,203,206,207,211,212,216,217,221
159,160,161,162,165,166,167,168,169,170,172,173,174,175,176,178,179,180,181,184,185,186,188,194,195,197,198,199,200,201,203,206,208,216,218,219,220,226
160,163,164,167,168,172,174,176,181,182,185,188,189,190,191,193,194,195,196,197,201,204,206,207,209,210,211,214,221
161,166,167,170,171,173,174,175,177,178,179,185,186,187,192,194,196,197,199,201,203,204,206,208,213,214,215,216,217,218,219,220,221,224,226
162,164,165,167,169,171,172,173,175,176,177,178,179,181,184,185,187,190,191,193,194,197,198,199,200,201,202,203,205,207,208,210,212,214,215,216,219,222,223,225
163,167,169,172,174,175,176,177,178,179,181,184,185,186,187,188,189,190,191,195,198,200,203,204,205,206,207,209,213,214,216,217,218,220,224,226
164,165,166,169,171,173,177,178,179,181,182,183,184,185,187,190,191,193,194,195,197,198,199,203,204,205,206,207,208,209,210,212,214,216,218,219,220,225,226
165,167,168,169,170,172,173,176,178,179,181,182,197,198,199,201,203,204,205,206,207,209,210,211,212,215,216,217,218,221,224,226
166,167,170,171,172,175,178,179,180,182,183,186,188,192,194,195,196,197,198,199,200,201,203,205,206,208,211,213,214,217,218,220,221,224,225,226
167,170,173,176,177,181,182,183,184,186,191,193,195,196,198,204,205,206,207,208,209,210,211,213,215,216,218,220,221,222,224,225,226
168,169,172,173,176,177,178,179,180,181,182,186,190,193,195,196,197,200,201,203,204,205,206,207,210,211,213,218,219,221,222,224,226
169,171,175,176,181,182,192,194,196,201,202,203,205,206,210,213,216,217,218,219,220,221,223,224
170,171,172,173,174,176,177,180,184,185,187,188,191,195,198,199,201,203,204,206,207,208,209,211,212,214,216,219,221,222,223,224,225,226
171,172,179,180,183,186,187,189,191,192,193,196,197,198,199,201,203,204,205,207,209,211,213,214,215,216,218,220,221,223,224,225
172,175,176,177,180,182,184,185,186,189,190,191,192,193,196,199,202,203,205,207,208,209,210,214,215,216,217,220,221,223,224,225
173,177,181,182,183,188,190,193,195,196,197,198,199,200,202,204,205,206,207,208,210,213,214,215,216,217,222,223,224,225,226
174,176,177,178,180,181,185,186,187,188,190,191,192,195,197,202,203,207,209,210,216,217,218,220,223,224
175,176,177,179,180,182,183,184,186,188,189,193,195,196,203,205,206,207,209,211,214,215,217,220,221,224
176,177,181,182,183,184,185,190,191,193,194,195,200,202,204,205,207,208,210,213,216,217,218,219,221,222,223,224,225,226
177,178,179,180,181,182,183,184,186,187,188,189,190,193,194,196,200,202,203,205,207,208,209,210,211,212,214,217,218,219,222,223,225
178,180,181,182,185,186,188,189,191,192,194,199,200,201,202,205,206,207,208,209,213,214,217,218,219,220,222,223,224,225
179,180,181,182,183,184,186,188,189,194,197,199,200,202,203,204,205,207,210,212,215,217,223,225
180,185,186,187,190,191,193,195,196,198,200,204,206,207,208,211,213,215,216,220,221,222,225,226
181,185,186,187,189,190,191,194,195,197,200,203,205,207,208,209,213,216,217,219,221,225,226
182,183,184,185,186,188,193,194,196,198,201,203,204,209,211,213,216,217,219,221,223,224,225,226
183,184,185,186,189,190,191,193,194,196,198,200,202,209,211,212,213,215,216,217,220,224
184,187,189,191,195,196,197,198,199,200,201,202,203,204,205,206,208,213,215,216,217,219,221,223,224,225
185,186,187,188,189,190,193,195,196,197,198,200,201,205,208,211,213,214,215,216,219,221,222
186,188,189,190,191,192,195,196,197,200,201,203,205,207,208,209,210,212,214,218,220,221,222,223,224
187,192,194,196,199,200,201,203,204,205,206,207,209,211,212,214,215,219,224,225,226
188,189,194,196,198,200,202,203,205,206,207,208,211,213,214,215,217,219,220,221,223,224,226
189,190,192,195,196,197,198,199,202,203,206,208,209,211,214,216,217,219,222,225,226
190,191,192,194,196,197,198,202,203,204,205,206,208,209,210,211,212,213,215,217,219,222,223,224
191,194,195,197,201,203,211,212,213,214,215,216,217,219,222,223,224,226
192,195,196,198,200,201,202,203,204,206,208,212,216,217,219,220,221,222,223,224,226
193,194,196,197,199,201,204,207,208,209,210,213,218,220,221,223,226
194,195,199,200,205,209,211,212,216,217,218,220,221,223
195,196,200,204,206,207,209,211,213,217,218,219,222,223,224
196,197,198,199,202,203,207,208,209,212,214,216,217,219,220,222,223,224
197,202,203,206,208,210,213,214,217,219,220,222,223,224,225
198,200,204,207,210,212,214,219,220,222,224
199,204,206,208,211,212,213,215,216,219,222,225,226
200,208,215,216,219,221,224,225
201,203,205,206,207,211,213,215,217,218,219,225
202,203,206,207,208,210,211,213,220,222,223,225,226
203,206,208,209,210,211,213,214,215,217,219,220,222,226
204,205,206,209,210,214,215,217,222,223,226
205,206,207,208,211,212,213,214,217,219,220,221,223,226
206,207,208,209,210,212,213,214,215,218,219,222,223,224,225,226
207,208,211,213,214,215,216,217,218,219,220,221,223
208,213,214,215,217,220,223,224,225,226
209,212,213,214,218,220,222,223,224
210,211,212,214,216,217,219,220,221,223
211,214,219,220,221,222,224
212,216,217,219,220,221,222,224,226
213,214,216,218,219,222,223,225,226
214,216,219,220,221,222,226
215,216,217,220,223,224,226
216,217,218,223,224,225
217,221,223,224,225,226
218,219,221,225
219,222,224,225,226
220,223,224,225
221,222,223,225
222,224,225
223,226
224
225
226
