n_nodes:182
n_edges:13941
density:0.8464
0,1,2,4,5,6,7,8,9,10,11,12,13,15,16,17,18,19,22,23,24,26,27,29,30,31,32,33,34,35,37,38,39,40,41,42,43,44,46,47,48,49,52,53,54,55,56,57,59,60,61,62,63,64,65,66,67,68,69,70,71,72,73,74,75,76,77,79,80,81,82,83,84,85,87,88,89,90,91,92,93,94,95,96,97,99,100,101,102,104,105,106,107,109,110,111,112,113,114,115,117,118,119,120,121,122,123,124,125,126,129,130,131,133,134,135,136,137,138,139,140,141,143,144,145,146,147,148,149,150,151,152,153,155,156,158,159,160,161,162,163,164,165,166,167,168,169,171,172,173,174,175,176,177,179,180,181
1,2,3,4,5,7,8,9,11,12,14,15,16,17,18,19,20,21,22,23,24,25,26,27,28,29,30,31,32,33,34,35,36,38,39,40,41,42,46,47,48,50,51,52,53,54,55,56,58,59,61,62,63,64,65,66,67,68,69,70,71,72,73,74,75,76,77,78,79,80,81,84,85,86,87,88,89,90,91,92,93,95,96,97,99,100,101,102,103,104,105,106,107,108,109,110,111,113,115,116,117,119,122,124,125,126,127,128,129,130,131,132,134,135,136,137,138,140,141,143,144,146,147,148,149,150,151,152,154,155,157,158,159,161,162,163,164,165,166,167,168,169,170,172,174,175,178,179,181
2,3,4,5,6,7,8,9,10,11,12,13,14,15,16,17,18,19,20,21,22,23,24,25,26,27,28,29,30,31,32,33,34,35,36,37,38,39,40,41,42,43,46,47,48,49,50,51,52,53,54,57,58,59,60,61,62,64,65,66,67,68,69,70,71,72,73,74,75,76,77,78,79,80,81,82,83,84,85,86,87,88,89,90,91,92,93,94,95,96,97,98,99,100,101,102,103,104,105,106,107,108,109,110,112,113,114,117,118,119,120,121,122,123,124,126,127,128,130,131,133,134,135,136,137,138,139,141,142,143,144,145,146,147,148,150,151,153,154,155,156,157,158,159,160,161,163,164,165,166,167,171,172,173,174,175,176,179,180,181
3,4,5,6,7,8,9,10,11,12,14,15,16,17,19,20,21,23,24,25,26,27,28,29,32,33,34,35,36,37,39,40,41,42,45,46,47,48,49,50,51,52,53,54,56,58,59,62,63,65,66,67,68,69,70,71,73,74,75,76,78,79,80,81,82,83,85,86,87,88,89,90,92,93,95,96,98,99,100,101,102,103,104,105,106,107,108,109,110,112,113,115,116,117,118,119,120,122,123,124,125,126,127,128,129,130,131,132,135,137,138,139,140,141,142,144,145,146,147,148,149,150,151,153,154,155,156,157,158,159,161,162,163,164,165,166,168,169,170,171,172,173,175,176,178,179,180,181
4,5,6,7,8,9,10,11,12,13,14,15,16,17,18,19,20,22,23,24,25,26,28,29,31,32,33,34,35,36,38,39,40,41,42,43,44,45,46,48,49,50,51,53,54,55,56,57,59,60,61,62,63,64,66,67,68,69,71,72,73,75,76,77,78,79,80,81,82,83,85,86,88,90,92,94,95,96,97,98,99,100,101,102,104,105,106,108,109,110,111,113,114,115,116,117,119,120,121,123,124,125,126,127,128,129,130,131,132,133,134,136,138,139,140,141,142,143,144,145,146,147,148,150,151,152,153,154,155,156,157,158,160,161,162,164,165,166,167,168,170,171,173,175,176,177,178,179,181
5,6,7,8,9,10,11,12,13,15,16,19,20,21,22,23,24,25,26,27,28,29,30,32,33,34,35,36,37,39,40,41,42,44,45,46,48,49,50,51,53,55,56,57,58,59,60,62,63,64,65,66,68,70,71,72,73,74,75,76,77,78,79,80,81,82,83,84,85,86,87,88,89,90,91,92,93,94,95,96,97,98,99,100,101,102,103,104,105,106,107,108,109,110,111,112,113,114,115,116,117,118,119,120,121,122,123,124,125,126,128,129,130,131,132,133,134,135,137,139,140,141,142,143,145,146,147,148,149,150,151,152,153,154,155,156,157,158,159,160,161,162,163,166,167,168,169,170,171,173,174,176,178,179,180,181
6,7,8,9,10,11,12,13,14,15,16,17,18,19,20,21,23,24,25,26,27,30,31,32,33,35,36,37,39,40,43,44,45,46,47,48,49,50,51,52,53,56,58,59,60,61,62,63,64,65,66,68,71,72,73,74,75,76,77,78,80,82,83,84,85,86,88,89,90,91,93,95,97,98,99,100,101,102,103,104,105,106,107,108,110,111,113,114,115,116,117,118,119,120,122,124,125,126,127,130,131,132,133,135,136,137,139,140,141,142,143,145,147,148,152,153,154,155,156,157,158,159,160,162,163,164,165,166,168,169,172,173,174,175,176,178,179,180,181
7,8,9,10,11,12,13,14,16,17,18,19,20,21,22,23,25,26,27,28,29,32,33,34,35,36,37,38,40,41,42,44,46,47,48,50,51,52,53,55,56,57,58,59,60,62,63,64,65,66,67,68,69,71,72,73,74,75,76,77,79,81,82,83,84,85,87,88,90,91,92,93,94,95,96,97,98,99,100,102,103,104,105,106,107,108,109,110,111,112,113,114,115,119,120,121,122,123,124,125,128,129,130,131,132,134,135,136,138,139,140,141,142,143,145,146,147,148,149,150,151,152,153,154,155,156,157,158,159,160,161,162,163,164,165,166,167,168,169,171,172,173,174,175,178,179,180,181
8,9,10,11,12,13,14,15,17,18,19,20,21,22,23,25,26,27,28,29,30,31,32,33,34,35,36,37,38,39,40,41,42,43,44,45,46,48,49,50,52,53,54,55,56,58,59,60,61,62,64,65,73,74,75,76,77,78,79,80,81,83,84,85,86,87,90,91,93,94,95,97,99,100,101,102,103,104,106,107,108,110,111,112,113,114,115,116,117,118,119,122,123,124,125,126,129,130,132,134,135,136,138,139,140,141,142,143,144,145,146,147,148,149,150,151,152,153,154,155,156,157,158,159,160,161,162,163,165,166,167,168,169,170,171,173,174,177,178,180,181
9,10,11,12,13,14,15,16,17,18,19,20,21,22,24,25,26,28,29,30,31,32,33,34,35,36,37,39,40,41,42,43,44,45,46,48,49,50,53,54,55,57,58,59,61,62,64,65,66,67,68,69,70,71,72,75,76,77,78,79,80,81,82,83,84,85,86,87,88,90,91,92,93,94,96,97,99,100,101,102,103,104,105,106,108,109,110,111,112,113,114,116,117,118,119,120,121,122,123,124,125,126,127,128,129,130,133,134,135,137,138,139,140,143,144,145,146,148,149,151,152,153,154,155,157,158,159,161,162,163,165,166,167,168,169,170,171,172,173,174,175,176,177,178,179,180,181
10,11,12,13,15,16,17,18,20,22,23,26,27,28,30,31,33,34,35,37,38,39,40,41,42,43,44,45,46,47,48,49,51,52,53,54,55,58,59,60,61,62,63,64,65,66,70,73,74,76,78,79,80,81,82,83,84,85,86,87,88,89,90,91,92,93,94,96,97,98,99,100,102,103,105,107,108,109,110,111,112,113,114,115,116,117,119,120,121,122,123,124,125,126,127,128,129,131,132,133,134,135,136,137,138,139,141,142,143,144,146,147,150,151,153,154,155,156,157,158,159,160,161,162,163,164,165,166,167,168,171,172,173,174,175,176,177,178,180
11,12,13,15,16,17,18,19,22,23,24,25,26,27,28,29,30,33,34,35,36,38,39,40,41,42,43,44,46,48,49,50,51,52,53,54,55,56,57,58,60,61,63,64,65,67,68,69,70,71,72,73,74,75,76,77,78,79,80,83,84,85,86,87,88,89,90,91,93,94,96,97,98,99,100,101,102,103,104,108,109,110,111,112,114,115,116,117,119,120,121,123,124,125,126,128,130,131,132,133,134,135,138,139,140,141,142,143,144,145,147,148,149,150,151,152,153,154,155,156,158,159,160,161,162,163,164,165,167,168,169,170,171,172,173,174,175,177,178,179,180,181
12,13,14,15,16,18,19,20,21,22,24,25,26,27,29,30,31,32,33,34,35,36,37,38,39,40,41,42,43,44,45,47,48,49,50,51,52,53,54,55,56,57,58,59,60,61,62,63,64,65,66,67,68,69,70,71,72,73,74,75,76,77,79,80,81,82,83,84,85,86,87,88,89,90,91,92,93,94,97,99,100,101,102,103,104,105,106,108,109,111,113,114,115,116,118,119,120,121,122,123,125,126,127,128,129,130,131,132,133,134,136,138,139,140,141,147,151,153,155,156,157,159,161,162,163,164,165,166,167,168,169,171,172,173,174,175,176,178,180,181
13,14,15,16,17,18,19,20,22,23,24,25,26,27,28,30,32,33,34,35,36,37,38,40,41,42,43,44,45,47,49,50,53,55,56,57,58,59,61,62,63,64,65,66,67,68,69,70,71,73,74,75,76,77,78,81,82,84,85,86,87,88,90,91,92,93,94,95,96,97,98,99,100,101,102,103,104,105,107,108,109,110,111,112,113,115,116,117,118,119,120,121,123,124,125,126,128,131,134,136,137,138,141,142,143,144,145,146,147,148,150,153,154,155,156,157,158,159,160,161,162,163,164,166,167,168,169,170,172,173,174,175,177,180,181
14,15,16,18,19,20,21,23,24,25,26,28,29,30,31,32,33,34,35,36,37,38,39,40,41,42,44,45,47,48,49,51,54,55,57,60,61,62,65,66,67,69,70,71,72,73,74,75,76,77,78,79,80,81,82,83,85,86,87,88,90,92,93,94,95,96,99,100,101,102,103,104,105,107,108,109,110,111,112,113,114,115,116,117,119,121,122,123,124,125,126,127,128,130,131,132,133,134,135,136,137,138,139,140,141,142,143,145,146,147,148,149,150,151,152,153,154,155,156,157,158,159,160,161,163,164,165,166,167,168,169,170,171,172,173,174,175,176,177,178,180,181
15,16,17,18,19,20,21,22,23,24,26,27,28,30,31,32,33,34,36,37,38,39,41,42,43,44,45,46,47,49,50,51,52,53,55,56,57,60,63,64,65,66,67,68,70,71,72,73,74,75,76,77,78,79,81,82,83,85,86,87,89,91,93,94,95,96,98,99,100,101,102,103,104,105,106,107,108,109,110,111,114,116,118,119,120,121,122,123,124,125,126,127,129,130,133,135,136,137,139,140,141,142,144,145,146,147,148,149,150,151,152,153,154,155,156,157,158,160,161,162,163,164,166,167,169,170,171,173,174,175,176,178,181
16,17,20,21,22,23,24,25,26,27,28,29,30,33,34,35,36,37,38,39,40,41,42,43,44,46,47,48,49,50,51,52,53,54,55,56,58,59,60,61,62,63,64,65,67,68,69,70,71,73,74,75,76,77,78,79,81,82,83,84,85,86,88,89,90,91,92,93,94,95,96,97,99,100,101,102,103,104,105,106,107,108,109,110,111,113,114,115,116,118,120,121,122,123,124,125,126,127,128,129,130,131,132,133,134,135,136,137,138,140,141,142,143,144,147,148,149,150,151,153,155,156,157,158,159,160,161,162,163,164,166,167,168,169,170,171,172,173,174,176,177,178,180,181
17,18,19,20,21,22,23,24,25,26,27,28,29,30,31,33,34,35,36,37,38,39,41,42,43,44,45,46,47,48,49,50,51,52,53,54,55,56,57,58,60,62,63,64,65,66,67,68,69,70,72,73,74,77,78,80,82,83,84,85,86,87,88,89,90,91,92,93,94,95,97,98,99,100,101,102,103,104,105,106,107,108,109,111,112,115,117,118,119,121,122,123,124,125,127,128,129,130,132,133,134,135,136,137,138,139,140,141,143,144,145,146,147,148,149,150,151,152,153,154,155,156,160,161,162,163,164,165,166,167,168,169,170,173,174,175,176,177,178,179,180,181
18,19,20,21,22,23,24,25,26,27,29,30,31,32,33,34,35,36,37,40,41,42,43,44,45,46,47,48,50,51,52,53,54,55,56,57,58,60,61,62,63,64,65,66,67,68,70,71,72,73,74,75,76,77,78,79,80,81,82,83,84,85,86,87,88,90,91,92,93,95,96,97,98,99,100,101,102,103,105,106,107,108,110,111,112,113,114,115,116,117,118,119,120,121,122,123,124,125,126,127,128,130,132,133,134,135,136,137,140,141,142,143,144,146,147,148,149,150,152,153,154,155,156,157,158,159,161,163,164,165,167,168,170,171,172,173,174,175,176,177,178,179,180,181
19,20,21,22,23,24,25,26,27,28,29,30,31,33,35,37,38,39,41,43,44,45,46,47,48,49,50,51,52,53,54,55,56,57,58,60,62,64,66,67,68,69,70,71,72,73,74,75,76,77,78,79,81,82,83,84,86,87,88,89,90,91,92,94,95,96,97,98,99,100,102,103,104,105,106,108,109,110,111,112,113,114,115,116,117,118,119,120,121,123,124,125,126,127,129,130,131,132,135,136,137,138,139,140,142,143,144,147,148,149,150,151,152,153,154,155,156,157,160,161,162,163,164,165,166,167,168,169,170,172,173,174,175,176,177,178,179,180
20,21,22,23,24,25,26,27,28,29,30,31,32,33,34,35,36,37,38,40,41,42,43,44,45,46,47,48,49,50,51,52,54,55,57,58,59,61,63,64,65,66,67,68,69,70,71,73,74,76,77,78,79,80,81,82,83,86,87,88,89,90,91,92,93,95,96,97,98,99,100,101,102,103,104,105,106,107,108,109,110,111,112,113,114,116,117,118,119,120,124,125,126,127,129,130,132,134,135,137,139,140,141,142,143,145,146,147,148,149,150,151,152,153,154,155,156,158,159,160,161,162,164,165,166,167,168,169,171,172,173,174,175,176,177,178,179,180
21,22,23,24,25,26,27,28,29,30,31,32,33,34,36,37,38,39,41,43,44,46,47,48,49,50,51,52,53,54,56,58,59,60,61,62,63,64,65,66,67,68,69,70,71,72,73,74,75,79,80,83,84,85,86,87,88,89,91,92,93,95,96,97,98,99,100,101,103,104,106,107,108,109,110,111,112,114,115,116,119,120,121,122,125,126,127,128,129,130,131,134,135,136,137,138,139,140,141,142,143,144,145,147,148,149,150,151,152,153,154,155,156,157,158,159,160,161,162,163,165,166,167,168,171,172,173,174,175,176,177,179,180,181
22,23,24,25,26,27,30,31,32,33,35,36,37,38,39,40,41,42,43,44,45,46,47,48,49,50,51,52,53,54,55,57,58,59,61,62,63,64,65,66,67,68,69,70,71,73,75,78,79,80,81,82,83,84,85,86,87,88,90,91,92,93,95,96,97,98,99,100,101,102,104,105,106,107,108,109,110,112,113,114,115,117,118,119,120,121,122,123,124,125,126,128,130,131,134,135,137,138,139,140,143,144,145,146,147,148,149,150,151,152,153,154,155,156,157,158,159,160,161,162,163,164,165,166,168,169,170,171,172,173,174,175,176,177,178,179,180,181
23,24,25,26,27,28,29,30,31,32,33,34,35,36,37,38,39,41,42,43,44,45,46,47,48,49,50,51,52,53,54,55,56,57,58,59,60,62,63,65,66,68,69,70,71,72,73,74,75,77,78,79,81,83,84,86,87,88,89,90,91,92,93,95,96,97,98,99,100,101,102,104,105,106,107,108,109,110,111,112,113,114,115,116,117,118,119,120,121,122,123,125,126,127,128,129,130,131,132,133,134,135,136,137,138,139,140,141,142,143,145,146,147,148,149,150,151,153,154,155,156,157,158,159,160,161,162,163,164,165,166,167,168,169,170,172,173,174,176,178,179,180,181
24,25,26,27,28,29,30,34,35,36,38,40,41,42,43,44,45,46,47,48,49,50,51,52,53,54,55,56,57,58,60,61,62,64,65,66,67,68,69,70,71,72,73,74,75,76,77,78,80,81,83,85,86,87,88,89,90,91,92,93,94,95,97,98,99,100,101,102,103,104,105,106,107,108,109,110,111,112,113,114,115,116,117,118,119,120,121,123,124,125,127,128,129,130,132,135,136,137,138,139,140,141,142,144,145,146,147,148,149,151,152,154,155,156,157,158,159,160,162,163,164,165,166,167,168,169,170,172,173,174,176,177,178,179,180,181
25,26,27,28,29,30,31,32,33,34,36,37,38,39,41,42,43,44,45,46,48,49,50,51,52,53,54,55,56,57,58,59,60,62,63,64,65,66,67,68,69,70,71,72,73,74,76,77,78,80,81,82,85,87,88,89,90,92,93,94,95,96,97,98,99,100,101,102,103,104,105,106,108,109,110,111,112,114,115,116,117,119,120,122,123,124,127,128,129,130,131,132,133,134,136,137,139,140,141,142,143,144,145,147,149,150,151,152,153,154,155,156,157,159,160,161,162,164,165,166,167,168,169,170,171,172,173,174,175,176,177,178,179,180,181
26,27,28,29,30,33,36,37,38,39,40,41,42,43,44,45,46,47,48,49,50,51,53,54,56,57,58,59,62,63,64,65,66,67,68,69,70,71,72,73,75,76,77,78,79,80,81,82,83,85,86,87,88,89,90,91,92,93,94,95,96,97,98,99,100,101,102,103,104,105,106,107,108,109,110,111,112,113,114,115,118,119,120,121,123,124,126,127,128,130,132,134,135,136,138,139,140,141,142,143,145,147,148,149,150,151,152,153,154,155,157,158,159,160,161,163,164,165,166,167,168,169,170,171,172,173,174,175,177,178,179,180,181
27,28,29,31,32,33,34,35,36,37,39,41,42,44,45,46,47,48,49,50,52,54,55,56,57,58,59,61,62,63,64,65,66,67,68,69,70,71,72,73,74,75,76,78,80,83,84,85,86,87,88,89,90,91,93,94,96,97,98,99,100,101,102,103,104,105,106,107,108,109,110,111,113,115,116,117,118,119,120,121,122,123,124,127,128,129,130,131,132,133,135,136,137,139,140,141,142,143,144,145,146,147,148,149,151,152,154,155,156,157,158,159,161,162,164,165,166,169,170,171,172,173,174,175,176,177,178,179,180,181
28,29,30,31,32,34,35,36,37,39,40,41,42,43,44,46,47,48,49,50,51,52,53,54,55,56,57,58,59,60,61,62,63,66,67,69,70,71,73,75,76,77,78,79,80,81,82,83,84,85,86,87,88,89,90,92,93,95,96,97,98,99,100,101,102,103,104,105,106,107,108,111,112,113,114,115,116,117,118,119,120,122,123,124,125,126,128,129,130,132,134,135,136,137,138,139,140,141,143,145,146,147,148,149,150,151,152,154,156,157,158,160,162,163,164,165,166,167,168,169,170,171,172,174,177,178,179,180,181
29,30,31,32,33,34,35,36,37,38,39,40,41,44,46,47,48,49,50,51,52,53,54,55,56,57,58,59,60,61,62,63,64,66,67,68,73,74,75,76,77,78,79,80,81,82,83,84,85,86,87,88,89,90,91,92,93,94,95,96,97,98,99,100,101,102,103,105,106,107,108,109,110,111,112,113,114,115,116,117,118,119,120,121,122,123,125,126,127,128,129,130,132,133,134,135,136,137,138,139,140,141,142,143,145,146,147,148,150,151,152,153,154,155,156,157,158,159,160,161,162,163,164,165,166,167,168,169,170,171,172,173,174,175,176,177,178,181
30,32,34,35,36,37,38,39,41,42,43,44,45,46,47,48,49,51,52,53,54,55,56,57,58,59,60,61,62,63,64,65,66,67,68,69,70,71,72,73,75,76,77,78,79,80,81,82,83,84,85,88,89,90,93,94,95,96,97,98,99,100,102,104,105,106,107,108,109,110,111,112,113,114,115,116,117,118,119,120,121,122,125,126,127,128,129,130,132,133,135,137,138,139,140,141,142,143,144,145,146,147,148,151,153,154,155,156,157,158,159,160,161,162,164,167,168,169,170,172,173,175,176,179,180,181
31,32,33,34,35,36,37,39,41,42,43,44,45,46,48,49,50,51,52,53,54,55,56,58,59,60,61,62,63,64,66,68,69,70,73,74,75,76,77,78,79,81,82,84,85,86,87,88,89,90,92,93,94,95,97,99,100,101,104,106,107,108,109,110,111,113,115,117,118,119,120,121,122,123,124,125,128,129,130,132,133,134,135,136,137,138,139,140,141,143,144,146,147,148,149,150,151,152,153,154,155,156,157,159,161,162,163,165,166,167,168,169,170,171,172,173,174,175,176,177,178,179,181
32,34,35,36,37,38,39,40,41,42,43,44,46,47,48,50,51,53,54,55,56,58,59,60,61,63,64,66,67,68,70,71,72,73,74,75,76,77,78,79,80,81,82,85,86,90,91,92,93,94,95,96,97,98,99,100,102,103,104,105,106,107,108,109,110,111,112,113,114,115,116,117,119,120,121,122,124,125,126,128,129,130,131,132,133,135,136,138,139,140,143,144,145,146,148,149,150,151,152,154,155,156,157,158,159,160,161,162,164,165,167,168,170,171,172,173,175,176,177,178,179,180,181
33,34,36,37,38,39,40,41,42,43,44,45,46,47,49,50,51,52,53,54,55,57,58,59,60,61,62,63,64,65,66,67,68,69,70,71,72,73,74,75,76,79,80,81,82,83,85,86,87,88,89,90,91,92,93,94,95,96,97,98,99,100,103,104,105,106,108,110,111,112,113,114,115,116,118,119,120,121,122,123,124,125,126,128,129,130,132,133,134,135,136,137,138,139,141,142,144,145,146,147,149,150,151,154,155,156,157,158,159,160,161,162,163,164,165,166,167,168,169,170,171,172,173,174,175,176,177,178,179,180,181
34,36,37,38,39,40,42,43,44,45,46,48,49,50,51,52,53,54,55,57,58,59,60,61,62,64,66,67,68,69,70,71,72,73,74,75,76,77,78,80,81,83,84,85,86,87,88,89,90,93,94,96,97,98,99,101,102,103,104,105,106,107,108,109,111,112,113,115,116,117,118,120,121,122,123,124,125,126,127,128,129,130,131,132,133,134,135,136,139,140,142,143,144,145,146,147,148,149,150,151,152,153,154,155,157,158,159,160,161,162,163,165,166,169,171,172,173,174,175,176,178,180
35,36,37,38,40,41,42,44,45,46,47,48,49,50,51,53,54,56,59,60,63,64,65,66,67,68,69,70,71,74,75,76,77,79,80,81,82,83,84,85,86,87,88,89,90,91,94,95,96,98,99,100,101,102,103,104,105,106,107,108,109,110,111,113,114,115,116,117,118,119,120,121,122,123,124,125,126,127,128,129,130,131,132,133,134,135,136,137,138,140,141,142,143,144,145,148,150,151,152,154,155,156,158,159,160,161,162,163,165,166,167,169,170,171,172,173,174,175,176,177,179
36,37,38,39,40,41,42,43,44,45,46,47,48,49,50,51,52,53,54,55,56,57,58,60,61,62,63,64,65,66,67,68,69,70,71,72,74,75,76,79,80,81,82,84,85,86,88,90,91,92,93,94,98,99,102,103,104,105,106,107,108,109,110,111,113,114,115,117,118,119,120,121,122,124,125,126,127,129,130,131,132,133,134,135,136,137,138,139,140,141,142,143,145,146,147,148,151,152,153,154,155,156,157,158,160,161,162,163,164,165,166,167,168,169,170,171,172,173,176,177,179,180,181
37,39,40,41,42,43,44,45,46,47,48,50,51,52,53,55,57,58,59,60,61,63,64,65,66,67,69,70,71,73,74,77,78,79,80,81,82,85,86,87,88,89,90,91,92,93,95,96,97,98,99,100,101,103,104,105,106,107,109,110,111,112,113,114,115,117,118,119,120,121,122,124,125,126,127,128,129,130,131,132,133,134,135,136,137,138,139,141,142,143,144,145,146,147,148,150,151,155,156,157,158,160,161,163,164,165,166,167,168,170,172,173,174,175,176,177,179,180,181
38,39,40,41,42,43,44,45,46,47,48,49,50,51,52,53,54,55,56,57,58,59,60,61,62,63,64,66,67,68,69,70,71,72,73,74,75,76,77,78,79,80,81,82,85,87,88,89,90,91,92,93,94,96,97,98,99,100,101,102,103,104,105,106,111,112,114,115,116,117,118,119,120,122,123,124,125,126,127,128,129,132,134,135,137,139,141,143,144,145,146,148,150,151,152,153,154,156,157,158,159,161,162,163,164,165,167,169,170,171,172,173,174,175,176,177,178,180,181
39,40,41,42,43,44,45,46,48,49,50,51,52,53,54,56,57,58,59,60,61,62,63,64,65,66,67,68,69,70,71,72,73,74,75,76,77,78,80,81,82,83,84,85,86,87,89,90,93,94,95,96,97,98,99,100,101,102,104,105,106,107,108,110,111,113,115,118,119,120,121,122,123,124,125,127,128,129,130,131,132,135,136,137,139,140,141,142,143,144,145,146,147,148,149,150,151,152,153,154,156,158,159,160,161,163,164,165,166,167,168,169,170,171,172,173,174,175,176,179,180,181
40,41,42,43,44,45,47,48,49,50,51,52,53,54,55,56,57,58,59,60,61,62,63,64,65,66,67,68,69,70,71,72,73,74,75,76,77,78,79,82,83,85,86,87,88,89,90,94,95,97,98,99,100,101,103,104,105,108,111,112,113,114,115,116,117,118,119,120,121,122,123,124,126,127,128,129,130,132,133,134,135,136,137,138,139,140,141,142,143,145,146,147,148,149,150,151,152,153,154,155,156,157,158,159,161,163,164,165,166,167,168,169,170,171,172,173,174,175,176,177,178,179,180,181
41,42,43,44,45,46,48,49,50,51,52,53,54,55,56,57,60,61,62,63,65,66,67,68,69,70,71,72,73,74,75,76,77,78,79,80,81,83,84,85,87,89,91,93,94,95,96,97,99,100,101,102,103,104,105,107,108,109,110,111,114,116,117,118,119,120,122,123,124,125,126,127,128,129,130,131,132,135,136,137,138,140,141,143,144,145,146,147,149,151,152,153,155,156,157,159,160,161,162,163,164,165,166,167,169,170,171,172,173,174,177,178,180,181
42,43,44,45,46,47,48,49,50,51,52,53,54,55,56,57,58,59,60,61,62,63,65,66,67,69,70,71,72,73,74,75,76,78,79,81,82,83,85,86,87,88,89,91,93,94,95,96,98,99,100,101,103,104,105,106,107,108,109,110,111,112,113,114,115,116,117,118,120,121,122,123,124,125,127,128,129,130,131,132,135,136,137,138,139,141,142,143,144,146,148,149,150,152,154,155,156,157,158,159,160,161,162,163,164,165,166,167,168,169,170,171,172,173,174,175,176,177,178,179,181
43,44,45,46,48,49,50,52,53,55,56,57,60,62,63,64,65,66,67,68,69,70,72,73,74,75,76,77,78,80,81,83,84,85,86,88,90,91,92,93,94,96,97,98,100,101,102,103,105,106,107,108,109,110,111,112,113,114,115,116,118,119,120,121,123,124,125,126,127,128,129,131,132,133,134,135,136,137,138,141,142,143,144,145,146,147,148,149,152,154,155,156,157,158,159,160,161,162,163,164,165,166,167,169,170,172,173,174,176,177,178,179,180
44,45,46,47,48,49,50,51,52,53,54,55,56,57,58,59,60,61,62,63,64,65,66,67,68,70,72,74,75,76,77,78,79,80,81,82,83,84,85,86,87,88,89,90,92,93,94,96,97,99,100,101,102,103,104,105,106,109,110,111,112,113,114,115,116,117,118,119,120,121,122,123,124,125,126,127,128,129,130,131,132,133,134,135,136,137,138,139,140,141,143,144,145,147,148,150,151,152,153,154,155,156,158,159,160,161,162,164,165,166,167,168,169,170,171,172,173,175,176,177,178,179,181
45,46,47,48,50,51,52,54,55,56,57,58,59,61,62,63,64,65,66,67,68,69,70,71,73,74,75,76,77,78,79,80,81,82,83,84,85,86,87,88,89,90,91,92,93,94,95,96,97,99,101,102,103,104,105,106,107,108,109,110,111,112,113,114,117,118,119,120,122,123,124,125,126,127,128,129,130,131,132,133,134,135,136,137,138,139,140,141,142,144,146,147,148,149,150,151,152,155,156,157,159,160,161,162,164,165,166,167,168,169,170,171,172,173,174,175,176,177,178,179,180,181
46,47,48,49,50,51,52,53,54,55,56,57,60,61,62,63,64,65,66,67,68,69,71,73,74,75,76,78,79,80,81,82,83,84,85,86,87,88,89,90,91,93,94,95,96,97,98,100,102,104,105,106,107,108,111,112,113,114,115,116,117,118,119,120,122,123,124,126,127,128,129,130,131,132,133,134,135,136,137,138,140,141,142,144,145,146,147,149,150,151,152,153,154,155,156,157,158,159,160,161,162,163,164,165,166,167,168,170,171,172,173,175,176,177,178,179,180
47,48,49,50,51,52,53,54,55,56,58,59,60,61,62,63,64,65,66,67,69,71,72,73,75,78,79,80,81,82,83,85,86,87,88,90,91,92,93,95,97,98,99,100,101,102,103,104,105,106,107,108,109,110,111,112,113,114,115,116,118,119,120,122,124,125,126,128,129,130,132,133,134,135,136,137,138,139,140,141,142,143,144,145,146,147,148,149,150,151,152,153,154,155,156,157,158,159,160,163,164,165,167,168,169,170,172,174,175,176,181
48,49,51,52,54,55,56,57,58,59,60,61,62,65,67,68,69,70,71,72,73,74,76,77,78,79,80,81,83,84,85,86,87,88,89,91,92,94,95,96,97,98,99,100,101,102,103,104,105,106,107,108,109,110,111,112,113,117,118,119,120,121,122,123,124,125,126,127,128,129,130,131,132,133,135,136,137,138,139,140,141,143,144,145,146,147,148,149,150,151,152,153,154,155,156,157,158,160,162,163,164,165,166,167,168,169,170,172,173,174,176,177,178,179,180,181
49,51,52,53,54,55,56,58,59,60,61,62,63,65,66,67,68,69,70,72,73,74,75,76,77,79,81,82,83,84,85,86,87,88,89,90,93,95,96,97,99,100,101,102,103,104,105,107,108,109,110,111,112,113,114,116,117,118,119,121,122,123,124,125,126,128,129,130,131,132,134,135,137,138,139,140,141,142,143,144,145,146,147,148,149,151,154,155,156,158,159,160,161,163,166,167,169,171,172,173,174,175,176,177,178,179,180,181
50,51,52,53,54,56,57,58,59,60,62,63,64,65,66,67,69,70,71,72,73,74,76,77,78,79,81,82,83,84,85,86,87,88,89,91,92,93,94,96,97,98,99,100,101,103,104,106,107,108,109,110,111,112,114,115,116,117,118,119,120,121,122,123,124,125,126,127,128,129,130,131,132,133,134,136,137,138,139,140,141,143,145,146,147,148,149,150,151,152,153,154,155,156,157,159,161,162,163,164,165,166,167,168,169,170,171,172,173,174,175,176,178,179,180,181
51,53,54,57,58,59,60,61,62,63,64,65,66,67,68,69,70,71,72,73,74,76,77,78,80,81,82,83,84,85,86,87,89,90,91,92,93,95,96,97,98,100,101,102,103,104,105,106,108,109,110,111,112,113,114,115,116,117,118,119,120,121,122,123,124,125,126,127,128,129,131,132,133,134,135,136,137,138,139,140,141,142,143,144,145,147,148,149,150,151,152,153,155,156,158,160,161,163,164,165,166,167,171,172,173,174,175,176,177,179,180,181
52,53,54,55,56,57,58,59,60,61,62,63,64,65,67,68,69,70,71,72,73,74,75,78,80,81,82,83,84,85,86,87,88,89,90,91,93,94,95,96,97,98,99,100,101,102,103,105,106,107,109,110,112,113,114,115,116,117,118,119,120,121,123,125,126,127,128,129,131,132,134,135,136,137,138,139,140,141,142,143,144,145,146,148,149,150,152,153,154,155,157,158,159,160,161,162,164,165,166,167,168,169,170,172,173,174,175,176,177,178,179,180,181
53,54,55,56,57,58,59,60,63,64,65,67,68,69,71,72,74,75,76,77,78,79,80,81,82,83,84,85,86,87,88,89,92,93,94,95,97,98,99,100,101,102,103,104,105,106,107,108,109,112,113,117,118,119,120,121,122,123,124,125,126,127,128,129,130,131,132,133,134,136,138,140,141,142,143,146,147,148,150,152,153,154,155,156,157,158,159,161,162,164,165,166,167,168,169,170,171,172,173,176,177,178,179,181
54,55,56,57,58,60,61,62,63,64,65,67,69,70,71,72,73,75,77,78,79,80,81,82,83,84,85,86,87,88,89,90,91,92,93,94,95,96,98,99,100,101,102,103,105,106,107,108,109,111,113,114,115,116,117,118,119,120,121,122,123,124,125,126,127,128,129,130,131,132,133,134,135,136,137,138,139,140,141,142,144,145,146,147,148,149,151,152,153,154,155,156,157,158,159,160,161,162,163,165,166,167,169,170,171,172,173,175,176,177,179,180,181
55,56,57,59,61,62,63,64,65,66,67,70,71,72,73,74,75,77,78,80,81,82,83,84,85,86,87,88,89,90,91,94,95,96,97,98,99,101,102,103,104,105,106,108,109,110,112,113,114,116,117,118,119,120,121,122,123,124,125,126,127,128,130,131,132,133,134,135,136,137,138,139,140,142,143,145,146,147,148,149,150,151,152,153,155,158,159,160,161,163,164,165,166,167,168,170,171,172,173,174,175,176,177,178,180,181
56,57,58,59,60,61,62,63,64,65,66,67,68,69,70,71,72,73,74,75,76,77,78,79,81,82,83,84,85,86,87,88,89,90,91,92,95,96,97,98,99,103,104,105,106,107,108,109,110,111,112,113,116,117,119,120,121,122,123,124,127,128,129,131,133,134,135,136,138,139,140,141,142,143,145,146,147,148,149,152,153,154,155,156,157,158,159,160,161,162,163,164,165,167,168,169,170,171,175,176,177,178,179,180,181
57,58,59,60,62,63,64,67,68,70,71,72,73,74,76,77,78,79,80,81,82,83,85,86,88,89,90,91,92,93,95,96,98,99,100,101,102,103,104,105,106,107,108,109,110,111,113,115,117,118,119,120,121,122,123,124,125,126,127,128,129,130,131,132,133,134,135,136,137,138,139,140,141,142,143,144,145,146,147,148,149,151,153,154,155,156,157,158,159,160,163,164,166,167,168,169,170,171,172,174,175,177,178,179,180,181
58,59,60,61,62,64,65,66,67,68,69,72,73,75,77,78,79,80,81,82,83,84,86,87,88,89,90,91,92,93,94,95,96,97,98,101,102,103,104,105,106,107,108,110,111,112,113,114,115,116,117,118,119,120,121,122,123,124,125,126,127,128,129,130,131,132,133,134,136,138,139,140,141,142,143,144,145,146,147,148,150,151,152,154,155,156,158,159,161,163,164,166,169,172,173,174,175,176,177,178,179,180,181
59,60,61,62,63,64,65,66,67,68,69,70,72,73,74,75,76,77,78,79,80,81,82,83,84,85,86,88,89,90,91,92,93,94,95,96,97,98,99,100,101,103,105,106,107,108,109,110,111,112,113,114,117,118,119,120,122,123,124,125,127,129,131,132,133,135,136,137,138,139,140,141,143,144,145,147,148,149,150,151,152,153,155,156,158,159,161,162,163,164,166,167,168,169,170,171,172,173,175,177,178,181
60,61,62,63,64,65,66,67,68,69,70,71,72,73,74,75,77,78,79,80,81,82,83,84,86,88,89,90,91,92,93,94,95,96,97,98,100,101,102,103,104,105,106,107,108,109,110,111,112,113,114,116,117,118,120,121,122,123,124,126,127,129,131,132,133,134,135,136,137,138,139,140,142,143,144,145,146,147,148,149,151,152,153,155,156,158,159,160,161,162,163,164,165,166,167,168,169,170,171,172,173,174,175,177,178,179,180,181
61,62,63,64,65,66,67,68,69,70,71,72,73,74,75,76,77,78,79,80,81,82,83,84,85,86,87,88,89,90,91,92,93,95,96,97,99,100,101,102,103,104,105,106,107,108,109,110,111,113,115,116,117,118,119,120,121,122,125,127,128,129,130,131,132,133,135,136,137,138,139,140,141,142,143,144,146,147,148,149,150,151,152,153,155,156,157,158,159,161,162,163,164,165,166,167,170,172,173,174,176,177,179
62,63,64,65,66,67,69,70,71,72,73,74,75,76,77,79,80,81,82,83,84,85,87,89,90,91,92,93,94,95,96,98,99,101,102,103,105,106,107,108,109,110,112,113,114,115,116,117,118,120,122,123,124,125,126,127,128,129,132,133,134,136,137,138,139,140,141,142,143,144,145,146,147,148,150,151,153,156,157,158,159,160,161,162,164,166,168,169,170,171,172,173,174,175,176,177,178,179,180,181
63,65,67,68,69,70,71,73,74,75,76,77,79,80,82,83,84,85,87,88,89,90,91,92,93,94,95,96,97,98,99,100,101,102,103,104,105,106,107,108,109,110,112,113,114,117,118,120,122,123,124,125,126,127,128,129,130,131,132,133,134,135,136,137,138,139,140,141,142,144,146,147,148,149,150,152,153,154,155,156,158,159,160,164,165,166,167,168,169,170,172,173,174,175,177,178,179,180,181
64,65,66,67,68,71,72,73,74,77,78,79,80,81,83,84,85,86,88,89,90,91,92,93,94,95,96,97,98,99,100,101,102,103,104,106,107,108,109,110,112,113,114,115,116,117,118,119,120,122,123,124,125,126,127,128,129,130,133,134,135,136,137,138,140,141,142,144,145,146,147,148,149,150,151,152,153,154,155,156,157,158,159,160,161,162,163,164,165,167,169,170,171,172,174,175,176,177,178,179,180,181
65,66,68,70,71,72,75,76,77,78,79,80,81,82,83,84,87,88,89,90,91,92,93,95,96,97,98,99,101,102,103,104,105,106,107,108,109,110,111,112,113,115,116,117,118,119,120,122,124,125,126,127,128,129,130,131,132,133,134,135,136,137,138,139,140,141,142,143,144,145,146,147,148,149,150,152,153,154,155,156,157,158,159,160,161,162,163,165,166,167,168,169,170,174,175,176,177,178,179,181
66,67,69,70,71,72,73,74,75,76,77,79,81,82,83,84,85,86,87,88,89,90,91,92,93,95,96,97,98,99,100,101,102,103,104,105,106,107,108,109,110,111,112,113,114,115,116,117,118,119,121,122,123,124,125,126,127,128,130,132,133,134,135,136,137,138,139,140,141,142,143,144,145,146,147,148,149,150,151,152,153,154,155,156,157,158,159,160,161,162,163,164,165,166,167,168,169,170,171,172,173,174,176,178,179,180,181
67,68,69,70,71,73,74,76,77,78,80,81,82,83,84,85,86,87,88,89,90,91,92,93,94,95,96,97,100,102,103,104,106,107,109,110,111,112,113,115,116,118,119,120,123,124,125,126,127,128,129,130,131,132,133,134,135,136,137,138,140,141,142,143,144,145,146,147,148,149,151,152,153,155,157,158,159,160,161,162,163,164,165,167,168,169,170,171,172,173,174,175,176,177,179,180,181
68,69,70,71,72,73,74,76,77,78,79,80,81,82,84,85,86,87,88,89,90,91,92,94,96,97,98,99,100,101,102,104,105,106,108,109,110,111,112,113,114,115,116,117,118,120,121,122,123,124,125,127,128,129,131,132,134,135,136,137,138,139,140,141,142,143,144,145,146,147,150,151,152,154,155,156,157,158,159,161,163,164,165,166,167,168,169,170,171,172,173,174,175,176,178,180,181
69,70,71,72,73,74,75,76,77,78,79,81,82,83,84,85,86,87,88,89,90,91,92,93,94,95,96,97,98,99,100,102,103,104,105,106,107,108,109,112,113,114,115,116,117,118,119,120,121,122,123,124,125,126,127,128,129,130,131,132,133,134,135,136,137,138,139,141,142,143,144,145,149,150,152,153,154,156,157,158,159,160,162,163,164,165,166,167,168,169,170,171,172,173,174,176,177,179,180
70,71,72,73,74,76,77,78,79,80,81,83,84,85,86,87,88,89,91,92,93,94,95,96,97,98,99,100,101,104,105,108,109,110,111,113,114,115,116,117,118,119,120,121,122,123,124,125,127,128,129,130,131,132,133,134,135,136,137,138,140,141,142,144,145,146,147,148,150,151,152,153,154,155,156,157,158,159,160,161,162,163,164,165,166,167,168,170,171,172,173,174,175,176,177,178,179,181
71,72,73,74,76,77,78,79,80,81,82,83,84,85,87,88,90,93,94,95,96,97,98,99,100,101,102,103,104,105,106,108,109,110,111,112,113,114,115,116,117,118,119,120,122,123,124,125,126,127,128,129,130,131,132,133,134,135,136,137,138,139,140,141,142,143,144,145,146,147,148,149,150,151,152,153,155,156,157,158,159,160,161,162,163,164,165,168,169,170,171,172,173,175,176,177,178,180,181
72,73,74,75,76,77,79,80,81,82,83,84,85,86,89,90,91,92,95,96,98,99,100,101,102,103,104,105,107,108,109,110,111,112,113,114,115,116,117,118,120,121,122,123,124,125,126,127,129,130,131,132,133,134,135,136,137,138,139,140,141,142,143,144,145,146,147,148,149,150,151,152,153,154,155,157,160,161,163,164,165,166,167,168,169,170,171,172,173,174,175,176,177,178,180,181
73,75,76,77,78,79,81,82,83,85,86,87,88,89,90,92,93,95,96,97,98,100,101,102,103,104,105,106,107,109,110,113,114,116,117,118,119,120,121,122,124,125,126,127,128,129,130,131,132,133,137,138,141,142,143,144,145,146,147,148,150,151,152,154,155,156,157,158,159,160,161,162,163,165,166,167,168,169,170,171,172,173,174,175,176,177,178,179,180
74,75,76,77,78,80,81,82,83,84,85,86,87,88,89,90,91,92,93,95,96,98,99,100,101,102,104,105,106,107,109,112,113,114,115,116,117,118,120,121,122,123,124,125,127,129,130,131,132,133,134,135,136,137,138,139,140,142,143,144,145,146,147,148,149,150,151,152,153,154,155,156,157,158,161,162,163,164,166,167,168,169,170,172,173,174,175,177,178,179,180
75,76,77,78,79,80,81,82,83,84,86,87,88,89,92,93,94,95,96,99,100,101,103,104,107,110,111,112,114,115,116,117,121,122,123,124,125,126,127,128,130,131,132,134,135,136,137,139,140,141,142,143,144,145,146,147,149,150,151,152,153,154,157,158,159,160,161,162,164,165,167,168,170,171,172,173,174,175,176,177,179,180,181
76,77,78,79,80,81,83,84,85,86,87,88,89,91,94,95,97,98,99,100,101,102,103,105,106,107,108,109,110,111,112,113,114,117,119,120,121,122,123,124,125,126,127,128,129,130,131,132,135,136,137,138,139,141,142,143,144,145,147,148,149,150,151,152,153,154,155,156,157,159,160,161,163,164,165,166,167,168,171,172,173,174,176,178,179,180,181
77,78,80,81,82,83,84,85,87,89,90,91,92,93,94,95,96,97,98,99,100,101,102,103,105,106,107,108,109,110,111,112,113,114,115,116,117,118,120,121,122,124,125,126,127,128,129,130,131,132,133,134,135,136,137,138,140,141,142,143,144,145,146,147,149,151,152,154,155,156,157,158,160,161,162,163,164,165,166,168,169,170,171,172,173,174,175,176,177,178,179,180,181
78,79,80,81,82,83,84,85,86,88,89,90,91,92,93,94,95,96,97,98,100,101,103,104,106,107,108,109,110,112,113,114,116,118,120,121,122,124,125,126,127,128,131,132,133,134,135,136,137,139,140,141,142,143,144,145,146,147,148,149,150,153,154,155,157,158,159,160,161,162,163,164,165,166,167,168,170,171,172,173,174,175,177,178,179,180,181
79,81,82,83,84,85,86,87,88,89,90,91,92,93,94,95,96,97,98,99,100,101,102,103,105,106,107,108,109,110,111,112,113,114,115,116,117,119,120,121,122,124,126,127,128,130,131,132,133,135,136,137,138,139,140,141,142,143,145,146,147,148,149,150,151,152,153,154,155,156,157,158,160,161,162,163,164,165,166,167,168,169,171,172,173,176,178,179,180,181
80,81,82,83,84,85,86,87,88,90,91,92,93,94,95,98,99,100,101,102,103,104,105,106,108,109,110,111,113,115,116,117,118,119,120,121,122,123,124,125,126,128,129,130,131,132,134,135,136,138,140,141,142,144,146,147,148,149,150,153,154,155,156,157,158,159,160,161,162,163,164,165,166,167,168,169,170,171,172,174,175,176,177,180,181
81,82,83,84,85,86,87,88,89,90,91,92,93,94,95,96,97,98,100,101,102,103,105,106,108,109,110,111,112,113,114,116,117,118,120,123,125,126,128,130,133,134,135,136,137,138,139,140,141,142,143,144,145,146,147,148,149,150,151,152,153,154,155,156,158,159,160,161,162,164,165,166,167,168,169,170,171,172,173,174,175,176,177,178,179,180,181
82,83,84,86,88,89,90,91,92,93,94,95,97,98,99,100,101,103,104,105,106,107,108,110,111,112,113,114,115,116,117,118,119,120,122,123,124,125,126,127,129,130,131,132,133,134,135,136,137,138,139,140,141,142,143,144,145,146,147,148,149,151,152,153,154,155,156,157,158,159,160,161,162,163,164,165,168,169,171,172,173,174,175,177,178,179,180
83,84,85,87,88,89,90,91,92,94,95,96,97,99,100,101,104,105,106,107,108,110,111,112,113,114,115,116,117,118,120,121,122,123,124,125,126,127,128,129,130,131,133,136,138,140,141,142,143,144,145,146,147,148,149,150,152,153,155,156,157,158,159,161,162,163,164,165,166,167,168,169,171,175,176,177,178,179,180,181
84,85,86,87,88,89,90,92,93,94,95,96,97,98,99,100,101,102,103,104,105,106,107,108,109,110,112,113,114,115,116,118,119,120,121,122,123,124,125,127,128,129,131,132,134,135,136,137,138,139,140,142,143,144,145,149,150,151,152,153,154,155,157,158,159,160,162,163,164,166,167,168,169,170,171,172,173,174,175,176,177,178,179,180,181
85,86,88,89,90,91,93,94,95,97,98,99,100,101,102,103,105,106,107,108,110,111,113,114,115,116,117,118,119,120,121,122,123,124,125,126,127,128,129,130,131,132,133,134,135,136,137,138,139,140,141,142,143,144,145,147,148,149,150,151,152,153,154,155,156,157,158,159,160,161,162,163,164,165,166,167,168,169,170,171,172,173,174,175,177,178,179,180,181
86,87,88,89,91,92,93,94,95,96,98,100,101,102,103,104,105,106,107,108,109,110,111,112,113,114,115,116,118,119,120,121,124,125,126,127,129,131,132,133,136,137,138,139,140,141,142,143,144,145,146,147,149,150,151,152,153,154,155,157,159,160,162,163,164,165,166,168,169,170,171,172,175,177,178,179,180,181
87,88,89,90,93,94,95,96,97,98,99,100,101,102,103,104,106,107,108,109,110,113,114,115,116,117,118,119,121,124,125,126,127,128,129,131,132,134,135,136,137,139,140,141,142,143,144,145,146,147,148,149,150,151,152,153,154,155,156,157,158,159,160,161,162,163,164,165,166,167,168,169,170,171,172,174,175,176,178,179,180,181
88,89,90,91,92,93,94,95,96,97,98,99,100,101,102,103,106,107,108,109,110,111,112,113,114,115,116,117,118,119,120,121,122,123,126,127,128,129,131,132,134,135,136,137,138,139,140,141,142,143,144,145,146,147,148,149,150,151,152,154,156,157,158,159,160,161,162,163,164,165,166,167,168,169,173,174,175,179,180,181
89,92,93,94,95,96,97,98,99,100,101,102,103,104,105,106,107,109,110,111,112,113,114,115,118,119,120,121,122,123,124,125,126,129,130,131,132,133,134,135,136,137,138,139,140,142,143,144,145,146,147,148,150,151,153,155,156,157,158,159,160,161,162,164,165,166,169,170,171,172,173,174,177,178,179
90,91,92,93,94,95,96,97,98,99,101,102,103,105,106,107,108,109,110,111,112,114,115,116,117,118,119,120,121,122,124,126,127,128,129,130,131,132,133,134,135,136,137,138,139,140,141,142,143,144,145,146,147,148,149,150,151,152,153,155,156,157,158,159,160,161,162,163,165,166,167,168,169,170,171,172,173,174,175,178,179,180,181
91,92,93,94,95,97,98,99,100,102,105,106,107,109,110,111,112,113,114,115,116,117,118,119,120,121,122,123,124,125,126,130,131,132,133,134,135,136,137,138,140,141,142,144,146,148,149,150,151,152,153,155,156,157,159,160,161,162,163,164,165,166,167,168,170,171,172,173,174,175,176,178,179
92,93,94,95,96,97,98,100,101,102,103,104,105,107,108,109,110,112,114,115,116,117,118,119,120,121,123,124,125,126,127,128,129,130,131,133,134,135,136,137,138,139,140,141,142,143,144,145,146,148,149,151,152,153,154,155,156,157,158,159,160,161,162,164,166,167,168,169,170,172,174,175,176,177,178,179,181
93,94,95,96,98,100,101,102,103,104,105,106,107,108,109,110,111,112,113,114,115,116,118,119,120,122,125,126,128,130,131,132,133,134,135,136,137,138,139,140,141,142,144,145,146,147,148,149,150,151,155,156,157,159,160,161,162,163,164,165,166,170,171,173,174,175,176,177,179,180,181
94,95,96,97,98,99,100,101,102,103,104,105,106,107,108,109,110,112,113,115,116,118,119,120,121,122,123,124,125,126,127,128,129,130,131,132,133,134,135,136,137,138,140,141,142,143,144,145,146,147,148,149,150,151,152,153,154,155,156,158,159,160,161,162,164,165,166,167,168,169,170,172,174,175,176,177,179,180,181
95,96,97,98,99,100,101,102,104,105,106,108,109,110,111,112,113,114,115,116,117,118,119,120,121,125,126,127,130,131,132,133,134,135,136,137,138,139,140,141,143,144,145,146,147,151,152,153,154,155,156,157,158,159,160,162,164,165,166,167,168,169,170,171,172,173,174,175,177,178,179,180,181
96,98,99,100,101,102,103,104,105,106,107,108,110,112,113,114,115,117,118,119,120,122,123,124,125,126,127,128,129,130,131,134,135,136,137,138,139,141,142,143,144,145,147,148,150,151,152,153,155,156,157,159,160,162,165,166,167,168,169,170,172,173,174,175,177,178,180,181
97,98,99,100,101,102,103,104,105,106,108,109,110,111,113,115,116,119,120,121,122,124,127,128,129,130,131,134,135,136,137,138,139,141,142,143,144,145,146,147,148,149,150,151,152,153,156,157,158,159,160,161,162,163,164,165,166,167,169,170,171,172,173,174,175,176,177,179,181
98,99,100,102,103,104,105,106,107,108,109,110,111,112,113,114,115,116,117,118,119,120,121,122,123,124,125,127,128,129,130,133,134,135,137,138,139,140,141,142,143,144,145,146,147,148,149,150,152,153,154,155,156,157,158,159,161,162,164,165,166,167,168,170,171,172,173,174,176,177,179,180,181
99,100,102,105,106,107,108,109,110,112,113,114,115,116,117,118,119,120,121,122,124,125,126,127,128,129,130,131,132,136,137,138,139,140,141,142,144,146,148,149,150,151,152,153,154,155,156,157,158,159,160,161,162,163,164,165,166,167,168,169,170,172,174,176,177,178,179,180,181
100,101,102,103,104,106,107,108,109,110,111,113,114,115,116,117,118,119,120,122,123,124,125,126,127,128,130,131,133,134,135,136,138,139,140,141,142,143,144,145,146,147,148,149,150,151,152,153,154,155,156,158,159,161,162,163,164,165,166,167,168,169,170,171,172,173,174,176,177,178,179,180
101,102,103,104,105,106,107,109,111,112,113,115,116,118,120,121,123,124,125,128,130,131,132,133,136,137,139,140,141,142,143,144,145,146,147,148,149,150,151,152,153,154,155,156,157,158,160,162,163,164,165,166,167,168,170,171,173,174,176,177,178,179,181
102,103,104,105,106,107,108,109,110,111,113,114,115,116,117,118,119,120,121,122,123,124,125,126,127,128,131,132,133,136,137,138,139,140,141,142,143,144,145,146,147,148,149,150,151,152,155,156,157,158,159,160,161,162,163,164,165,166,167,170,171,172,175,176,177,179,181
103,104,106,107,108,109,110,111,112,113,114,115,117,118,119,120,121,122,123,125,126,128,129,130,131,132,133,134,135,136,138,139,140,141,142,143,144,145,147,148,149,150,152,153,154,155,156,157,158,159,161,162,163,164,165,166,167,168,169,171,172,173,174,175,176,177,178,179,180,181
104,105,107,108,109,110,112,113,114,115,116,118,119,120,121,122,123,125,126,127,128,129,131,132,133,134,136,137,139,140,141,142,143,144,145,146,148,149,150,151,153,154,156,157,158,159,160,161,162,164,165,166,168,169,170,171,172,173,174,175,176,178,179,180,181
105,107,108,109,110,112,113,114,115,118,119,120,123,124,125,126,127,128,129,130,131,132,133,135,136,137,139,140,141,142,143,144,145,146,147,148,149,150,151,152,153,154,155,156,157,158,159,160,161,162,163,164,166,167,168,169,170,171,172,173,174,175,176,177,178,179,180,181
106,107,108,110,111,112,114,115,116,117,118,119,120,121,122,124,125,126,127,128,129,130,131,133,134,135,136,137,138,139,140,141,142,144,145,146,147,148,149,150,151,152,153,154,155,156,157,159,160,161,163,165,166,167,168,169,170,171,172,173,174,175,176,179,180,181
107,109,110,111,112,113,114,115,117,118,119,120,122,123,124,125,126,127,128,129,131,132,133,134,135,137,138,140,142,143,144,145,146,147,148,150,151,152,153,154,155,156,157,158,159,160,161,162,163,164,166,167,168,169,170,171,172,173,174,175,176,177,178,181
108,109,110,111,112,114,115,116,117,118,119,120,121,122,123,124,125,126,127,129,131,132,133,134,136,137,138,140,142,143,144,145,146,147,148,151,153,154,156,157,158,159,160,162,164,165,166,167,168,169,170,171,173,174,175,176,178,179,180
109,110,112,113,114,115,116,117,118,119,120,121,122,123,124,125,126,127,128,130,132,133,135,137,138,140,141,142,143,145,146,148,149,150,151,153,154,155,158,159,160,161,162,163,165,167,168,169,172,173,174,176,180,181
110,111,112,113,114,115,116,117,118,119,121,123,124,125,126,127,128,129,131,133,134,136,138,139,140,141,142,143,145,146,147,150,151,152,153,154,155,156,157,158,159,160,161,162,163,164,165,166,167,168,169,170,171,172,173,174,175,176,178,179,180,181
111,112,113,114,115,116,117,118,119,120,121,123,125,126,127,128,129,130,131,132,133,134,135,136,137,138,139,140,141,142,143,144,145,146,147,148,149,150,151,152,153,154,155,156,157,158,159,161,162,163,164,166,167,168,169,170,171,172,173,174,176,177,178,179,181
112,113,114,115,116,117,118,119,120,121,122,124,125,126,128,129,131,132,133,135,136,137,138,139,140,141,142,143,144,145,146,149,150,151,153,154,155,156,157,158,159,161,162,163,164,165,166,167,168,169,170,171,172,173,174,175,176,177,178,179,180,181
113,114,115,116,117,118,119,120,121,122,124,125,127,128,129,130,131,132,133,134,135,136,137,139,141,142,143,144,145,146,147,149,150,152,154,155,156,157,158,159,160,161,162,164,166,167,168,169,170,171,172,173,174,175,176,177,179,180,181
114,115,116,117,118,119,120,121,122,123,124,125,126,127,128,129,130,131,132,133,135,136,137,138,139,141,143,144,145,146,148,150,151,152,153,154,155,157,158,159,160,161,162,163,165,167,170,171,173,174,175,176,178,179,180,181
115,116,117,118,119,120,121,123,124,125,126,127,128,129,130,132,133,134,135,137,138,139,140,141,142,145,146,147,148,149,150,151,152,154,156,157,158,159,160,161,162,163,164,165,166,167,168,169,171,172,173,174,175,179,180,181
116,117,118,119,120,121,122,123,124,126,128,129,130,131,132,133,134,135,136,137,138,139,140,141,142,144,145,146,148,149,150,151,152,153,155,156,157,158,159,160,161,164,165,166,168,169,171,172,173,175,176,177,178,179,180,181
117,118,119,120,122,123,124,125,126,127,128,129,131,134,135,136,137,138,139,142,143,144,145,146,147,148,149,150,151,152,153,154,155,157,158,159,160,161,162,164,165,166,168,169,170,171,172,173,175,176,177,178,179,180,181
118,120,123,124,125,128,129,131,132,133,134,135,136,137,138,139,140,141,142,143,144,146,147,148,149,150,151,152,153,154,155,156,157,158,160,161,163,164,166,167,168,170,171,172,173,175,176,178,179,180,181
119,120,121,122,123,124,125,126,129,130,131,133,134,135,136,137,138,139,142,143,144,145,147,149,150,151,152,153,155,156,158,159,160,161,162,163,164,165,166,167,168,169,171,172,173,174,175,176,177,178,179,180,181
120,121,122,123,124,126,127,129,130,131,133,134,136,137,138,139,140,141,142,143,144,145,146,147,148,149,151,152,153,154,155,157,161,162,163,164,165,166,167,168,169,170,171,172,173,174,175,176,177,178,181
121,122,123,124,125,126,127,128,129,131,132,134,135,137,138,139,140,141,142,143,144,145,146,148,149,150,151,153,154,155,156,157,158,160,161,163,164,166,167,168,170,171,172,173,174,175,176,177,178,179,180,181
122,124,125,126,127,129,130,131,132,133,134,135,136,137,138,139,140,141,142,143,144,145,146,148,149,151,152,153,154,155,156,157,158,159,160,161,162,163,164,165,166,167,168,169,170,171,172,173,174,175,176,177,178,179,180,181
123,124,126,127,128,130,131,132,133,134,135,136,137,138,139,140,141,142,143,144,145,146,147,148,149,152,153,157,158,160,161,162,163,165,166,169,170,171,172,173,174,175,176,179,180,181
124,125,126,127,128,129,130,131,132,133,135,136,137,138,140,141,142,143,144,145,146,147,148,149,151,152,153,154,156,157,158,159,160,161,162,164,165,166,167,168,169,170,171,173,174,175,176,177,178,179,180,181
125,126,127,128,129,130,131,132,133,135,136,137,139,140,141,142,143,144,145,146,147,148,150,151,152,153,154,155,156,157,158,159,160,161,162,163,164,165,166,167,168,169,171,172,173,174,175,177,178,179,181
126,127,128,129,130,131,132,133,134,135,136,137,138,139,141,142,143,144,145,146,147,149,151,152,153,154,155,156,157,158,159,160,161,162,163,164,166,167,168,169,170,171,172,174,175,176,177,178,179,180,181
127,128,129,130,131,132,133,134,135,136,137,138,139,140,141,144,146,147,148,149,150,152,153,155,157,158,159,161,162,163,164,165,166,168,169,170,171,172,174,176,177,178,179,180,181
128,129,130,131,132,133,134,135,137,138,139,140,141,142,143,144,145,146,148,149,151,152,153,154,155,156,158,159,160,161,162,163,164,165,166,167,169,170,171,172,174,175,176,177,178,179,180,181
129,130,131,132,133,134,135,136,137,139,140,141,142,143,144,146,148,149,150,151,152,155,156,157,158,160,162,164,166,168,169,170,171,172,174,176,177,179,180,181
130,131,132,133,134,135,136,137,139,140,142,143,144,145,146,147,148,152,154,155,156,157,158,159,160,161,162,163,164,165,166,167,168,169,170,171,172,174,175,176,177,179
131,133,134,135,136,137,138,143,144,145,146,147,148,149,150,151,152,153,155,156,157,158,159,160,161,162,163,164,165,166,169,170,171,172,173,174,175,177,179,181
132,133,134,136,137,138,139,140,141,142,143,144,146,147,148,149,150,152,153,155,156,157,158,159,160,161,162,164,165,166,167,169,170,171,172,174,175,177,179,180,181
133,134,135,136,137,138,139,140,142,143,144,146,147,148,149,150,153,154,155,156,157,158,159,161,162,163,165,166,167,168,169,170,171,172,173,174,175,176,177,178,179,180,181
134,135,136,138,140,142,143,144,145,146,147,148,149,150,151,152,153,154,155,156,157,158,159,160,161,162,163,164,165,168,169,170,171,172,173,174,175,176,177,178,179,180,181
135,137,138,139,140,141,142,143,144,145,146,147,148,149,150,151,152,153,154,155,156,158,161,162,163,164,165,167,168,169,170,171,172,173,174,175,176,178,181
136,137,139,140,141,142,144,145,146,147,148,149,150,151,153,154,155,156,157,159,160,161,165,166,167,168,169,170,171,172,173,174,176,177,178,179,180,181
137,139,140,141,142,144,145,146,147,148,149,150,151,152,153,154,155,156,157,158,159,160,161,162,163,164,165,166,167,168,170,171,174,175,176,177,178,179,180,181
138,139,141,142,143,144,145,146,147,149,151,152,153,154,155,156,157,158,159,160,161,162,163,165,166,167,168,169,170,171,172,173,174,175,176,177,179,180,181
139,140,141,142,143,144,146,147,148,149,150,151,153,154,155,156,158,159,160,161,163,164,165,166,167,171,172,173,174,175,176,177,178,179,180,181
140,141,142,143,144,145,146,147,148,149,150,153,154,155,156,157,158,159,160,161,162,164,165,166,167,168,169,170,171,172,173,174,175,176,177,179,180,181
141,142,143,144,145,146,147,148,149,150,151,153,154,156,157,158,159,160,162,163,164,165,168,169,170,171,172,173,174,175,176,177,178,179,180,181
142,145,146,147,148,149,150,151,152,153,154,155,156,157,158,159,160,162,163,164,166,167,168,169,171,172,174,175,178,179,180,181
143,144,145,146,148,149,150,151,152,153,154,155,156,157,158,159,160,161,162,163,164,166,168,169,170,171,172,173,174,175,176,177,178,179,180,181
144,145,146,147,148,149,150,151,152,153,154,155,156,157,158,159,160,161,163,164,165,167,168,169,170,171,172,173,174,175,176,177,178,179,180,181
145,146,147,148,149,150,151,152,153,154,155,156,157,159,161,162,163,164,165,166,167,168,169,170,171,173,174,175,176,177,178,179,180
146,147,149,151,152,153,154,155,156,158,159,160,161,162,164,165,166,167,169,170,171,172,174,175,177,179,180,181
147,148,149,150,151,152,153,154,155,157,158,159,160,161,162,163,164,165,166,167,168,169,170,171,172,173,174,175,176,178,179,180,181
148,149,150,151,152,153,154,155,156,157,158,159,161,162,163,164,165,166,167,168,169,170,172,173,174,175,176,177,178,179,181
149,150,152,153,154,155,156,157,159,160,161,162,163,164,165,166,167,168,169,171,172,173,174,175,176,178,179,180,181
150,151,152,153,154,156,157,158,159,160,161,162,164,167,168,169,170,171,172,173,174,175,176,177,178,179,180
151,152,153,154,155,156,158,159,160,161,162,163,164,166,167,168,169,170,171,172,173,174,175,176,178,179,180
152,153,155,156,157,158,159,160,161,162,163,164,165,167,170,171,172,173,174,175,176,177,178,179,180
153,154,155,157,158,159,160,161,162,163,164,165,166,167,168,169,170,171,172,173,174,175,176,177,179,181
154,155,156,157,158,159,160,161,162,163,164,165,166,167,168,170,171,172,173,174,175,176,177,179,180,181
155,156,157,158,159,160,162,163,165,166,167,168,169,170,171,172,173,174,176,177,178,181
156,157,158,159,160,161,162,163,164,165,166,167,168,169,170,172,173,174,175,176,177,178,179,180,181
157,160,161,162,164,165,166,167,168,169,170,171,172,173,174,175,176,177,179,181
158,159,160,161,162,163,164,165,167,168,169,170,171,173,174,175,176,177,178,179,180
159,160,161,162,164,165,166,167,168,169,170,172,173,174,175,176,177,178,179,180,181
160,161,162,163,164,165,166,168,171,172,174,175,176,178,179,180,181
161,162,163,164,165,166,167,168,169,170,171,172,173,174,175,176,177,178,179,181
162,163,165,167,168,170,171,172,173,174,175,176,177,178,179,180,181
163,165,166,167,168,169,170,171,172,174,175,177,178,179,180,181
164,165,166,167,168,170,172,173,175,176,177,178
165,166,167,168,169,171,172,173,174,175,176,177,178,179,180,181
166,167,168,169,170,171,172,173,174,175,176,178,179,180,181
167,168,169,170,171,172,173,174,176,177,179,181
168,169,170,171,172,174,175,176,177,178,179,180,181
169,170,171,172,173,174,175,176,177,179,180,181
170,171,172,173,174,175,176,177,178,179,180,181
171,172,173,175,176,177,178,179,180
172,174,175,176,177,179,180,181
173,174,175,176,177,178,179,180,181
174,175,176,177,178,179,180,181
175,176,177,178,179,180,181
176,177,178,179,180,181
177,178,180,181
178,180,181
179,180,181
180,181
181
