n_nodes:220
n_edges:16208
density:0.67281
0,1,2,3,4,5,6,7,10,12,15,17,18,19,20,22,23,25,26,27,29,30,33,34,38,39,40,41,42,43,44,48,49,53,54,55,58,63,65,68,71,74,75,76,77,78,79,80,81,82,85,87,88,93,95,96,98,99,101,102,106,107,108,109,111,112,113,114,117,118,119,123,124,128,130,131,132,134,135,136,138,140,142,145,150,151,152,154,155,158,159,160,161,162,163,166,167,168,170,171,173,174,175,176,177,178,179,180,184,185,186,187,188,189,190,193,194,195,196,197,199,200,201,203,205,206,207,210,212,213,214,215,216,217,219
1,2,5,6,7,10,11,13,18,19,20,21,22,23,25,26,27,28,29,30,32,33,34,35,37,40,41,44,46,47,48,49,50,51,52,53,56,57,58,59,60,63,64,65,66,68,69,70,72,75,78,79,80,81,82,83,84,86,88,89,90,92,94,95,96,97,98,100,102,103,105,106,107,109,110,112,113,115,116,117,120,121,123,125,126,129,131,132,133,134,135,137,138,139,140,141,143,144,146,147,148,149,150,151,152,154,155,156,159,161,162,163,165,168,170,171,172,177,178,179,180,181,182,183,185,186,187,189,190,191,194,196,197,199,202,204,206,207,209,211,212,213,215,216,217,219
2,5,8,9,10,11,12,13,14,16,17,18,19,22,23,24,25,27,28,29,30,31,32,33,34,35,37,38,39,42,43,44,45,46,47,48,50,51,53,56,57,58,59,62,64,66,67,68,70,71,72,73,76,79,80,83,84,85,86,87,88,90,94,95,99,100,101,102,103,104,105,106,107,108,109,110,111,112,113,114,115,116,117,118,119,120,121,122,125,127,128,129,130,132,134,135,136,137,138,139,144,147,148,152,153,154,155,156,157,158,160,161,162,163,166,167,169,172,173,175,176,177,179,180,181,182,183,185,189,190,191,192,193,194,196,197,200,201,202,203,204,205,206,209,210,211,212,214,217,218,219
3,4,5,12,13,14,15,16,17,19,20,23,24,26,27,29,31,32,34,35,37,38,40,41,43,44,46,50,51,53,56,60,61,62,66,67,68,71,72,74,75,76,78,80,81,82,83,85,87,88,89,90,91,92,94,95,98,99,100,102,103,104,106,107,108,109,111,112,113,115,116,117,120,121,122,123,125,126,127,128,130,132,133,134,137,138,140,141,143,145,146,147,148,149,150,155,156,157,159,160,161,162,163,165,167,169,171,172,173,176,178,180,184,185,186,188,189,190,192,194,196,199,201,202,203,205,206,207,209,211,213,214,216,218,219
4,5,7,10,13,14,15,17,18,20,21,25,26,29,31,32,33,34,35,36,39,40,41,43,44,45,46,47,48,49,52,53,54,55,56,57,59,62,66,67,68,69,70,72,73,74,75,80,81,84,85,86,88,89,90,91,92,93,94,96,97,98,99,100,102,103,104,105,106,107,108,109,110,111,114,115,116,117,119,120,123,124,125,126,127,129,132,133,134,135,137,138,139,140,141,142,145,147,149,150,151,152,153,155,156,157,158,160,161,164,165,166,168,169,170,172,173,174,175,177,178,179,180,182,185,186,187,188,190,191,192,193,194,195,196,198,199,201,202,203,204,206,207,209,210,211,212,216,217,219
5,6,7,8,10,11,13,15,17,20,21,22,23,24,25,26,28,29,30,32,33,34,36,37,38,40,42,43,45,46,49,50,51,54,55,56,58,60,61,62,63,64,65,68,70,71,73,74,76,78,79,80,83,84,85,87,88,90,91,92,93,94,98,99,101,102,103,105,106,107,108,110,112,114,116,119,120,121,125,126,127,128,129,131,133,134,136,138,139,141,142,143,144,145,147,148,149,150,151,152,154,155,156,157,158,159,162,165,166,167,169,170,174,175,179,181,182,185,187,189,191,192,193,194,196,197,198,199,200,203,204,205,207,208,209,210,211,213,214,215,217,218
6,8,10,11,13,16,17,18,19,20,22,23,24,26,27,28,29,30,32,33,34,35,36,37,38,41,42,43,45,47,48,52,53,55,58,59,60,62,63,64,66,67,69,71,72,73,75,76,78,79,80,81,82,84,88,91,92,93,94,95,97,98,99,102,103,104,106,107,108,109,110,112,114,115,116,117,119,120,121,123,124,126,129,130,135,136,137,140,142,144,145,146,147,149,150,153,154,156,157,159,160,161,162,163,164,166,167,168,170,171,172,174,177,178,179,180,181,184,185,186,187,189,190,191,195,196,197,199,201,203,204,205,206,208,209,210,212,213,214,215,216,217
7,8,9,10,11,12,13,14,15,16,17,19,20,22,23,25,26,27,28,29,30,31,32,33,34,35,36,37,40,41,42,43,45,46,48,49,50,51,52,53,54,56,58,62,64,66,68,69,71,72,77,78,79,81,82,85,87,91,92,94,95,96,97,99,100,101,102,104,106,107,108,109,110,111,112,113,114,115,118,120,123,124,125,126,127,130,131,133,136,137,140,141,142,144,145,146,149,150,151,152,154,156,158,162,165,166,167,169,170,172,173,175,176,177,178,179,180,181,186,189,190,191,192,193,194,197,199,201,203,206,207,209,210,211,212,213,214,215,216,219
8,10,12,14,18,19,20,22,23,25,28,29,31,32,33,35,36,37,38,40,41,42,43,44,46,50,54,55,56,57,59,60,61,63,64,66,67,68,71,72,73,74,76,77,78,79,83,84,87,89,90,91,92,93,94,95,97,98,99,100,102,103,105,106,108,109,110,111,112,115,116,117,118,119,120,121,122,123,124,126,129,130,133,134,137,140,141,142,143,144,146,147,148,149,150,151,152,153,154,155,157,158,159,161,164,165,167,168,170,172,174,175,177,178,179,180,186,188,189,190,191,192,193,195,196,198,199,200,202,204,207,208,210,212,213,214,215,216,217,218
9,10,11,12,13,16,17,18,19,22,24,26,27,29,30,32,34,38,40,43,45,46,47,48,50,51,52,56,57,58,59,60,61,62,63,64,65,68,69,70,71,72,74,75,76,80,81,82,84,85,86,87,88,89,92,93,94,95,96,97,99,100,101,102,103,104,105,106,108,109,110,113,116,117,118,119,120,122,125,127,128,129,130,132,138,139,140,144,146,147,148,149,150,151,153,154,155,156,160,163,164,165,166,167,169,173,175,179,180,181,183,184,185,186,187,188,190,191,192,193,198,199,201,203,204,205,207,208,211,212,215,216,217,219
10,12,14,16,17,21,23,24,29,30,31,32,33,35,37,38,41,42,43,44,45,46,47,48,50,52,53,54,55,57,59,60,63,65,66,67,69,71,72,73,74,75,76,78,79,81,83,84,85,86,87,88,89,90,91,92,95,97,99,102,104,105,106,107,108,109,110,115,117,118,119,120,122,123,124,125,126,127,128,129,132,133,135,136,137,140,141,142,143,144,145,147,148,152,155,158,160,161,164,165,166,167,168,171,172,173,178,179,180,181,183,184,186,188,189,190,191,192,193,194,195,196,199,200,201,204,205,206,207,208,210,211,212,213,215,216,217,218,219
11,12,13,15,16,18,19,21,24,25,26,27,28,30,31,32,33,34,36,39,40,41,42,43,45,46,47,49,50,53,54,56,57,58,59,60,61,62,63,64,65,66,68,70,71,73,74,77,78,80,81,82,83,84,85,87,88,89,91,92,93,95,97,100,101,102,103,104,105,106,107,108,109,110,111,115,116,117,118,119,120,122,124,125,126,127,129,130,131,133,135,138,139,140,142,143,145,147,148,149,152,153,154,155,157,160,161,163,164,166,167,171,172,173,174,176,177,178,180,181,183,185,186,187,188,189,190,191,192,194,195,196,198,199,200,202,203,205,208,210,212,213,214,215,216,218,219
12,13,14,16,17,18,19,20,22,25,26,30,32,34,35,37,38,39,41,43,45,46,47,48,49,52,55,57,58,60,61,62,63,65,66,67,69,70,71,73,75,76,77,78,79,81,83,84,85,86,88,89,91,92,93,95,96,97,99,103,106,107,108,110,111,112,113,117,118,119,121,122,125,126,130,131,132,133,134,136,138,139,141,142,147,148,151,152,153,155,156,160,162,163,165,166,167,168,169,170,172,173,174,175,177,181,182,183,184,185,186,187,188,189,191,192,193,195,196,198,199,200,201,202,203,206,207,208,210,211,212,213,214,216,219
13,14,15,17,18,21,22,23,26,27,28,29,30,31,33,34,35,36,37,38,39,40,42,44,45,46,47,48,49,50,53,55,56,57,58,59,60,62,63,65,66,67,70,72,73,74,75,76,78,79,80,82,86,89,90,91,92,93,94,95,98,101,102,103,104,106,107,108,110,111,112,113,114,116,117,118,119,120,121,123,125,126,128,129,130,132,133,134,136,138,143,144,146,150,151,152,154,155,157,158,159,160,163,166,168,169,170,171,174,175,176,177,178,179,180,183,184,185,186,190,192,193,194,195,198,199,200,201,203,204,205,206,207,208,210,211,212,213,214,215,216,217,218,219
14,15,16,17,18,19,20,25,27,28,29,30,34,35,36,37,38,39,40,41,42,43,44,45,46,47,48,49,50,51,52,54,55,56,60,61,63,64,66,67,68,70,71,72,73,74,75,76,79,80,81,82,83,85,86,88,89,90,92,93,94,99,100,102,103,104,105,106,107,108,109,112,114,115,119,120,121,123,124,125,127,128,129,130,131,134,135,136,137,138,139,140,141,142,144,145,146,147,148,149,150,151,153,154,155,156,157,158,159,160,161,162,163,164,166,168,169,170,171,172,173,175,176,177,178,179,180,182,183,184,185,186,187,188,189,190,192,193,194,195,196,197,199,200,201,202,205,206,209,210,211,212,214,215,216,218
15,16,17,21,22,23,24,25,27,28,32,34,36,38,41,42,43,45,47,48,49,51,52,53,54,55,56,58,60,61,63,64,65,66,67,68,70,71,72,73,75,76,77,78,80,82,83,84,86,87,88,89,90,93,94,95,96,97,98,99,102,103,104,105,109,111,112,114,115,116,118,119,120,121,122,123,124,126,128,129,132,133,134,135,139,140,141,143,144,146,147,148,151,153,154,155,157,158,159,160,162,163,164,165,167,168,169,170,171,172,173,175,176,177,178,179,181,182,183,184,185,186,187,189,195,198,199,201,202,204,205,206,207,210,211,212,213,214,215,216,219
16,17,18,19,21,23,25,26,28,29,30,31,32,33,35,36,37,38,39,40,41,42,43,45,46,47,48,49,50,51,53,54,55,56,57,59,61,63,64,66,69,70,74,75,76,77,79,80,83,84,85,86,87,88,90,93,94,95,96,97,99,100,101,103,104,106,107,110,111,113,114,115,116,117,121,123,124,125,126,127,129,131,136,137,138,141,142,146,147,148,149,150,151,154,155,157,158,161,162,163,166,171,172,173,176,178,182,183,184,186,188,189,190,192,193,194,195,196,198,199,200,201,203,204,207,208,209,210,213,214,215,218
17,18,19,20,22,23,24,26,27,28,30,31,34,35,40,43,44,45,46,50,51,52,54,55,56,57,61,63,64,66,68,69,70,71,72,73,75,76,80,81,83,85,88,89,90,92,93,95,97,99,100,103,104,106,107,108,109,111,112,113,117,119,120,121,122,123,124,126,127,128,129,130,133,134,135,139,141,142,143,145,146,147,148,149,150,151,152,153,154,155,156,160,161,162,163,166,168,169,171,174,176,177,178,180,181,182,183,187,188,192,194,196,197,199,200,201,203,205,207,208,209,210,211,212,213,214,216,218,219
18,19,20,21,23,24,25,26,29,30,33,34,36,39,40,41,42,43,45,47,48,50,51,53,55,56,58,59,63,66,68,69,70,73,74,75,76,77,78,79,83,85,86,87,89,90,91,92,95,96,97,100,101,102,106,107,108,112,113,114,116,117,119,121,122,123,124,125,126,128,129,130,131,132,133,134,135,136,137,138,139,141,142,144,145,146,148,149,150,153,155,156,158,159,161,162,163,167,169,170,171,173,174,175,176,178,182,186,188,189,190,192,193,194,195,196,198,199,200,201,203,204,205,207,208,209,212,213,216,217,218,219
19,20,21,22,23,24,26,27,28,29,30,31,32,33,34,35,39,42,43,44,45,46,47,48,49,50,53,55,56,57,58,59,62,63,64,65,66,67,68,70,72,75,78,79,82,84,85,87,88,89,90,91,93,94,95,98,99,101,103,104,107,108,109,110,111,113,114,116,117,118,120,123,124,127,128,129,133,134,135,136,137,138,139,140,142,145,146,147,148,149,151,152,157,158,159,160,161,163,165,166,167,168,169,170,171,175,176,180,181,182,183,185,186,187,189,191,192,193,194,197,199,200,202,203,205,206,208,211,212,216,217,218
20,21,23,25,26,27,29,30,31,32,33,35,36,37,38,39,40,41,44,45,46,47,48,50,51,52,53,54,55,56,57,58,60,61,63,64,67,71,74,75,76,79,82,83,84,85,86,88,89,91,93,94,95,96,97,98,99,101,102,103,105,108,109,110,111,112,114,115,116,117,118,119,120,121,122,124,125,127,128,129,130,131,132,133,134,135,136,138,140,142,143,144,145,146,147,148,149,150,151,152,157,158,162,163,164,165,166,169,170,171,172,174,175,177,178,179,180,181,185,187,188,189,190,191,192,193,194,195,196,197,201,202,203,205,207,208,209,210,213,214,215,216,219
21,23,26,28,29,30,31,33,35,36,37,38,40,41,42,43,44,46,48,50,51,52,54,55,57,58,59,60,61,62,63,66,67,68,71,72,73,77,78,79,80,82,83,85,87,88,89,90,91,92,93,94,95,96,99,101,102,104,106,107,108,110,111,112,113,115,118,120,121,123,124,125,126,127,131,135,136,137,138,139,141,142,143,144,146,147,148,149,151,154,155,156,157,158,159,160,161,163,164,165,166,167,169,172,173,178,180,181,185,187,189,190,193,195,197,198,199,200,201,204,205,206,207,208,209,210,211,213,214,215,216,217,218,219
22,23,24,25,27,28,29,30,32,33,34,35,37,38,39,41,42,43,44,45,46,47,48,49,50,51,52,53,54,56,57,58,60,61,62,63,64,65,66,67,68,71,72,73,74,75,76,77,79,80,82,86,87,88,90,91,93,96,97,98,100,101,103,104,105,106,109,111,113,114,115,116,117,120,121,122,123,125,126,127,128,129,131,132,133,136,139,140,141,143,144,145,146,149,150,152,154,155,156,157,158,159,161,165,166,167,168,169,170,173,174,175,176,177,178,180,181,182,183,184,185,186,187,188,189,190,192,193,196,197,198,199,200,201,202,203,204,205,206,207,208,209,211,212,215,216,217,219
23,25,27,28,29,31,33,35,36,37,38,39,40,41,43,44,45,46,48,50,52,53,54,56,57,58,59,60,61,62,63,64,68,69,70,71,74,76,77,78,79,80,81,82,84,86,87,90,91,92,94,95,96,98,99,102,103,106,107,108,109,112,114,117,118,119,121,123,124,125,126,127,128,129,130,131,132,133,134,137,138,139,140,145,146,147,150,151,153,154,155,157,159,160,161,162,163,164,165,166,167,168,169,170,175,176,177,179,181,182,183,184,185,186,188,191,192,194,195,196,197,198,200,201,202,203,205,206,208,211,213,214,216,217,218
24,27,28,30,31,34,36,37,39,41,42,43,44,45,46,47,50,51,52,53,55,56,57,58,60,61,62,63,64,65,66,67,68,70,71,72,74,76,78,79,81,82,84,85,88,89,91,92,93,94,104,106,108,109,111,112,113,114,115,117,118,119,120,121,122,123,125,127,129,132,133,134,135,136,137,138,139,140,142,144,145,148,150,151,153,154,155,156,157,158,162,163,165,167,168,169,170,171,172,173,174,175,176,177,181,182,183,184,186,187,188,190,192,197,198,199,200,202,204,205,206,207,208,210,211,214,215,216,218,219
25,26,27,31,32,38,40,41,43,44,47,49,50,53,54,55,56,57,60,63,64,65,66,68,72,73,74,75,78,79,80,82,83,84,85,88,89,90,93,94,95,96,97,98,99,100,101,102,104,105,107,108,109,110,111,112,113,114,118,120,121,123,124,125,127,132,135,136,137,138,139,140,141,142,144,146,149,150,151,153,154,155,156,157,158,159,160,161,162,163,164,165,167,168,170,171,174,175,177,178,179,180,181,184,185,186,187,188,191,192,193,198,199,200,201,202,206,207,211,212,214,215,216,217,218
26,28,29,31,32,35,36,37,38,39,42,43,45,46,48,49,50,52,54,56,58,60,64,67,68,69,70,71,72,75,76,77,78,79,83,84,85,87,88,89,90,91,92,95,96,97,98,101,102,103,104,106,107,109,112,113,116,117,118,119,121,122,123,124,126,127,128,129,131,133,135,136,137,138,139,140,142,143,144,146,147,148,150,152,153,154,155,156,157,158,159,160,163,164,165,167,168,169,171,172,174,176,178,179,180,181,182,183,184,187,189,190,191,194,196,197,198,199,200,201,202,203,204,206,209,212,214,215,216,218,219
27,29,31,33,34,35,36,37,38,40,42,43,44,45,47,48,49,51,54,56,57,58,59,60,61,63,64,69,70,71,73,75,76,77,78,79,80,81,82,83,86,88,90,91,93,94,95,96,97,98,101,102,104,108,109,110,111,113,114,115,116,118,119,120,122,123,124,125,126,127,129,133,134,135,137,138,139,140,141,142,143,144,145,147,148,149,150,152,153,155,156,157,160,161,162,163,164,167,168,170,171,173,175,176,177,178,179,180,181,182,185,186,188,189,190,191,192,193,194,198,201,204,205,207,208,209,210,211,212,213,214,215,216
28,29,30,32,33,34,36,37,38,39,40,41,42,43,44,45,46,48,50,51,52,57,58,59,60,62,63,65,66,69,71,72,74,76,77,78,80,83,85,86,87,89,90,91,92,93,95,96,97,99,101,102,104,105,106,107,108,109,111,112,113,115,116,117,118,120,121,123,128,130,131,132,134,135,140,141,142,143,144,146,150,151,152,153,154,158,159,161,162,163,165,166,167,169,171,172,173,174,175,177,178,182,183,184,188,190,191,196,197,198,199,200,201,203,204,205,209,210,211,213,214,215,219
29,31,32,33,34,35,36,41,42,44,50,51,53,54,59,60,61,62,64,65,67,70,71,72,74,75,76,77,79,80,81,82,83,84,85,86,87,91,92,93,94,95,96,97,98,99,102,103,104,105,106,107,111,112,113,116,119,120,122,123,124,127,128,130,131,132,135,138,141,142,143,144,148,149,150,151,152,153,154,155,157,158,159,160,163,164,165,166,167,170,171,172,175,177,178,179,181,182,183,184,186,187,189,190,192,193,194,195,197,198,199,201,202,203,204,205,207,209,213,214,216,217
30,32,33,36,37,38,39,41,42,43,44,45,46,47,49,50,51,54,55,57,58,60,61,62,63,64,65,67,70,71,73,77,78,79,80,84,86,88,89,91,92,94,95,96,97,98,99,100,101,102,104,105,106,108,109,112,115,116,118,119,121,122,123,126,128,129,130,131,132,135,136,137,138,139,140,141,142,143,144,145,146,147,148,149,150,152,154,155,156,158,159,160,161,163,165,166,168,169,172,173,174,177,178,179,180,181,182,183,185,188,189,191,193,194,195,196,198,199,202,203,205,207,208,209,210,212,213,214,215,216,217,218
31,35,36,37,38,39,42,43,45,47,48,49,50,52,53,54,55,58,59,60,62,65,66,68,69,70,71,72,73,74,75,76,77,79,81,83,86,87,88,89,90,92,93,95,96,97,98,100,101,103,104,105,106,107,109,110,112,113,114,116,119,120,121,122,124,125,133,134,135,136,137,139,140,141,142,143,145,146,147,148,150,151,153,154,155,156,157,158,159,160,161,163,164,166,167,171,173,175,176,177,178,179,180,181,182,183,185,186,188,189,190,192,195,197,201,202,204,205,206,207,208,209,211,212,215,216,218,219
32,34,35,37,38,39,40,41,43,44,45,46,47,51,52,53,55,56,58,59,60,62,65,66,67,68,70,72,73,74,75,76,78,79,80,81,83,84,85,87,88,89,90,92,93,94,95,97,100,104,105,106,107,108,110,112,113,115,116,117,118,119,121,122,124,125,126,127,128,129,130,132,133,135,136,137,140,141,142,147,150,153,155,156,158,160,161,162,163,164,165,166,167,168,169,170,171,173,174,175,176,179,180,182,184,186,188,189,190,192,193,196,197,198,202,203,207,208,209,210,211,212,215,219
33,34,35,36,37,38,40,41,45,46,47,48,49,50,51,52,54,55,56,58,60,62,63,64,65,67,68,69,70,71,72,74,75,76,80,81,83,87,88,89,91,92,93,94,95,96,97,98,99,100,101,102,103,104,106,107,108,110,111,112,113,114,115,116,118,120,121,122,124,125,127,128,131,134,135,136,137,138,139,140,141,143,144,146,147,149,150,151,152,153,154,155,157,158,159,160,161,162,163,164,165,166,167,168,169,171,172,173,175,176,177,179,182,183,184,186,188,189,191,193,194,195,198,199,200,201,203,206,207,209,210,211,213,214,215,216,217,218,219
34,36,37,39,41,43,44,47,48,49,50,51,53,54,55,56,59,61,62,63,65,66,67,69,70,73,75,76,78,79,80,82,83,84,88,89,91,93,94,96,97,98,99,100,101,103,105,106,107,108,109,110,111,113,114,115,116,117,118,119,121,122,123,124,125,126,127,128,129,130,131,132,133,134,135,136,137,138,139,141,143,144,145,146,148,149,153,155,157,158,160,162,163,166,167,168,169,172,173,175,176,177,178,179,180,181,182,184,185,188,189,190,191,194,195,196,197,198,199,200,201,202,206,207,208,210,211,213,214,215,217,218,219
35,36,37,38,39,40,41,49,50,51,53,54,56,57,60,61,64,66,67,68,69,71,72,75,76,79,82,83,86,87,89,91,92,93,94,96,97,99,100,101,102,103,104,105,106,107,109,110,112,113,115,116,117,118,119,120,121,123,124,126,128,130,133,135,139,140,141,142,144,145,146,147,149,150,153,154,156,157,158,160,161,164,165,166,168,169,170,171,172,173,174,175,177,178,180,181,182,184,188,189,190,191,194,196,199,200,201,203,204,205,207,208,209,212,213,214,215,216,219
36,37,38,41,44,45,47,49,51,52,53,54,57,58,62,63,64,66,67,68,69,70,71,72,73,74,75,77,79,80,81,82,84,85,86,88,89,90,91,92,94,95,96,97,98,99,101,104,105,106,108,109,111,112,113,115,116,117,118,119,120,121,123,125,128,129,130,131,132,133,134,135,137,140,142,143,144,145,146,147,148,149,151,154,157,158,159,162,163,164,165,166,167,168,170,171,173,174,175,176,177,178,180,182,183,185,189,190,191,192,193,195,196,197,198,199,201,202,203,205,207,209,210,211,212,213,214,216,217,218,219
37,38,40,42,43,45,47,50,53,54,55,57,58,60,62,63,66,68,71,72,74,75,78,80,81,82,84,85,86,87,90,91,92,93,96,97,100,101,102,103,104,105,106,107,108,109,110,111,114,115,117,119,121,122,125,126,127,128,129,130,131,132,133,136,138,139,140,142,145,147,150,153,154,155,157,158,160,161,163,164,165,167,168,173,175,176,178,180,183,184,187,188,189,190,192,194,195,196,197,198,199,200,201,202,203,204,205,206,208,209,212,215,216,217,218
38,39,40,41,43,45,46,47,49,50,51,52,55,56,57,58,59,60,61,62,64,66,67,68,69,70,74,75,76,78,80,82,83,84,85,86,88,89,90,91,93,95,97,98,99,100,102,103,104,106,107,108,109,110,111,112,113,116,117,118,119,120,122,124,125,126,127,128,130,131,132,133,134,135,136,137,139,141,142,143,144,147,148,150,151,152,153,155,159,162,163,166,169,170,171,172,173,177,178,180,181,182,186,187,188,191,193,194,195,199,200,201,202,203,206,207,209,211,212,213,214,215,216,217,218,219
39,40,41,42,44,45,46,48,49,50,51,52,57,58,59,60,63,65,66,67,68,70,71,74,76,78,80,81,82,84,85,86,87,88,89,90,91,92,93,95,97,98,99,100,102,103,104,105,106,108,109,110,111,113,114,115,116,117,119,120,121,123,124,125,126,129,130,131,132,133,134,135,136,137,138,139,140,142,143,144,147,148,149,150,151,153,154,155,156,157,158,161,162,164,166,167,169,172,173,174,175,177,178,179,180,181,182,183,184,185,186,187,190,191,195,196,199,200,202,204,206,207,208,209,212,213,215,216,217,218,219
40,41,42,43,45,46,47,48,49,50,54,56,57,60,61,62,63,66,67,71,72,73,76,79,81,82,83,87,90,91,92,93,95,97,100,101,102,104,105,106,107,108,109,110,111,113,114,119,120,122,123,125,126,127,128,130,131,133,134,136,138,139,141,143,145,146,147,148,150,151,152,153,156,157,158,159,160,161,163,164,166,167,170,171,172,173,175,177,178,179,182,183,184,186,187,188,189,190,191,193,196,197,198,199,200,201,204,205,207,208,209,210,212,214,215,216,217,219
41,42,43,44,45,46,48,49,50,51,54,55,56,60,62,63,64,65,66,67,68,70,71,72,73,74,75,78,80,82,83,85,86,87,88,89,90,91,92,94,95,96,98,99,100,101,102,103,105,106,110,111,113,114,115,116,117,120,121,122,125,127,128,129,130,131,132,133,134,136,138,140,142,143,145,146,148,149,150,151,152,159,163,168,169,171,172,175,176,177,179,183,185,186,188,189,194,195,196,197,198,199,200,201,202,203,204,205,206,207,208,209,210,212,213,214,219
42,44,45,46,48,50,51,53,54,55,56,57,58,59,61,62,63,65,66,67,69,71,72,74,75,77,78,80,81,82,83,85,86,89,91,94,95,96,97,98,99,101,103,105,106,107,108,111,112,115,117,118,120,121,122,123,124,125,127,129,130,132,133,134,135,136,137,138,139,140,142,144,149,150,151,153,154,155,156,157,158,159,162,163,165,168,170,172,173,174,175,176,177,178,179,181,185,186,187,189,190,191,194,196,197,198,199,200,202,203,204,207,208,209,210,212,213,214,215,216,217,218,219
43,44,45,46,47,49,50,51,55,56,60,61,65,67,69,70,72,73,74,75,76,78,79,80,82,83,84,85,87,89,90,92,99,100,102,103,105,106,107,110,111,112,113,114,115,116,117,118,119,120,121,122,123,125,126,128,130,131,132,133,134,136,138,139,141,145,149,151,153,154,155,158,160,161,163,164,166,167,168,169,171,172,173,175,177,179,180,181,182,187,189,190,191,192,194,195,196,197,199,201,203,204,207,208,209,210,211,212,214,216,218,219
44,46,47,49,52,54,55,56,57,59,61,62,64,65,66,67,68,72,73,75,76,78,80,81,83,84,87,89,91,92,93,94,95,96,97,98,99,101,102,104,105,106,108,109,110,111,112,116,117,118,119,122,123,124,125,126,127,130,131,132,139,141,142,143,144,146,148,149,150,153,154,155,158,159,160,161,162,166,167,168,170,171,172,173,174,175,176,177,178,181,182,183,184,185,186,188,189,190,194,195,196,197,199,200,201,202,203,204,205,206,207,209,210,211,212,213,214,217,218
45,47,48,49,51,52,53,54,55,56,57,59,60,64,65,66,68,69,71,73,74,76,77,78,79,80,81,82,86,88,89,91,92,93,94,95,96,97,98,99,100,102,104,105,107,108,110,112,113,114,115,116,117,118,119,120,121,122,123,124,125,127,130,131,132,133,135,136,137,138,140,143,148,149,150,151,153,154,155,156,157,159,160,161,164,165,167,169,170,171,173,174,175,177,178,183,184,188,193,194,196,198,200,202,204,207,210,211,212,213,214,215,216,218,219
46,49,50,51,53,54,55,56,57,58,59,60,61,62,64,65,71,75,76,77,78,80,82,84,86,87,88,89,90,91,93,94,95,96,97,98,99,101,102,104,108,109,111,112,113,115,116,119,121,123,124,125,130,135,136,137,138,139,141,142,144,146,147,149,150,152,153,155,156,157,158,159,160,161,163,164,165,166,167,168,171,172,173,174,175,179,180,182,183,185,187,188,189,190,191,192,193,194,196,197,199,200,201,202,203,204,205,206,208,209,211,212,213,214,216,217
47,48,49,51,52,53,55,58,59,60,61,62,64,66,67,68,69,70,72,74,75,77,79,80,81,82,83,85,86,87,88,95,97,98,99,102,105,106,107,108,109,112,113,114,115,117,118,119,120,121,122,123,126,127,132,133,134,135,136,138,140,141,142,144,146,147,148,149,150,151,152,153,154,156,157,159,160,162,164,165,166,167,169,170,174,175,176,177,178,181,182,184,185,187,189,190,192,193,194,195,196,197,198,199,200,201,205,210,211,213,214,215,216,217,218,219
48,49,50,52,53,54,55,56,57,58,60,61,62,63,64,65,67,68,69,73,74,75,76,77,80,81,82,83,85,86,87,90,91,92,93,94,95,100,101,102,104,106,107,108,109,110,111,112,113,114,115,116,119,123,124,125,128,130,132,133,134,136,137,139,140,141,142,143,144,145,147,148,150,151,152,153,157,159,160,161,162,164,166,167,170,171,172,173,174,176,178,179,180,182,184,186,187,188,189,191,192,193,195,196,197,198,199,200,202,209,210,211,212,213,214,216,217,218,219
49,50,52,53,54,55,57,58,59,63,65,66,68,69,70,71,72,76,79,83,85,86,87,88,90,93,95,96,99,100,102,104,105,106,108,110,111,113,114,116,117,118,119,120,122,125,126,127,128,129,130,131,132,134,135,136,139,141,143,145,146,147,149,150,153,154,155,156,157,158,159,160,161,162,163,165,166,168,169,170,174,175,177,178,179,180,181,182,183,184,185,186,187,190,191,192,193,194,195,199,200,201,202,203,204,208,211,212,213,214,216,217,219
50,51,52,53,54,56,57,59,60,61,62,63,64,65,68,69,70,72,73,74,75,76,77,78,79,82,84,85,87,92,94,95,96,97,98,99,100,101,102,104,107,108,112,113,114,117,118,119,120,121,122,123,125,126,127,130,132,133,135,136,137,138,139,140,141,143,144,145,146,149,151,155,157,158,159,161,164,165,166,167,169,172,173,178,179,181,182,183,184,185,186,188,189,191,192,193,195,196,198,199,200,201,202,203,204,205,206,207,208,210,213,215,216,217
51,53,54,55,56,57,58,60,62,64,65,66,67,70,71,72,73,74,75,76,77,78,79,80,83,85,87,88,89,90,91,92,94,95,96,97,98,101,102,103,104,105,106,107,110,111,112,117,118,119,121,122,123,125,126,127,128,130,132,138,139,140,142,143,144,145,146,147,152,153,154,158,159,160,162,163,164,165,167,170,171,172,173,174,175,178,179,183,185,186,189,190,191,194,196,197,199,200,202,203,204,205,206,207,208,209,211,214,215,217,218
52,53,55,57,58,60,63,64,67,71,72,79,80,82,83,85,88,89,91,92,93,94,95,96,97,99,100,101,102,103,105,107,108,109,110,111,112,113,114,115,117,118,123,124,125,127,128,130,132,134,135,137,140,141,142,143,144,145,147,149,150,152,153,154,156,157,158,160,161,163,164,167,168,170,171,172,175,177,178,179,180,183,184,187,188,189,190,191,192,194,195,197,199,200,201,203,204,206,209,213,214,216,217,219
53,55,56,57,58,59,61,62,64,65,67,68,69,70,71,72,73,74,75,77,79,81,82,83,84,85,88,89,90,91,92,96,97,99,100,101,104,106,108,109,110,112,113,114,115,116,117,118,121,126,128,129,130,132,133,135,137,139,141,142,144,145,146,148,149,150,155,156,157,158,159,160,161,162,163,166,167,169,172,174,175,179,180,181,182,183,184,186,187,188,189,190,191,192,193,194,196,197,198,199,201,202,203,204,205,206,208,211,213,215,217,218
54,56,57,59,62,63,64,66,69,70,71,72,73,74,75,76,77,79,80,81,82,83,84,85,86,87,88,89,90,92,93,94,95,96,99,101,102,103,104,105,106,107,109,110,112,114,115,116,117,118,124,127,128,130,131,132,133,134,135,137,138,140,142,143,145,146,147,148,149,154,155,157,158,159,160,162,163,164,166,167,168,169,170,171,172,175,176,177,178,179,180,181,182,184,185,188,189,191,192,193,194,197,198,199,200,201,202,205,206,207,209,210,211,212,214,216,217,218,219
55,56,57,58,60,61,62,63,65,68,71,72,74,75,76,77,78,81,82,83,89,92,93,95,96,97,98,99,100,101,104,105,111,112,113,114,118,119,120,123,124,125,127,128,129,131,133,134,138,139,140,141,143,144,145,146,147,148,149,150,151,152,153,154,157,158,159,160,162,163,164,166,167,168,169,170,171,172,173,175,176,179,180,182,184,187,188,191,194,195,197,198,199,200,201,204,207,208,209,210,211,213,215,217,218,219
56,57,59,61,62,63,64,65,66,67,68,69,70,74,76,77,78,82,83,84,87,88,89,90,91,92,93,96,97,99,100,101,102,103,104,105,107,108,109,112,113,114,115,116,117,118,119,120,121,122,123,126,127,129,130,131,132,133,134,136,137,139,140,142,143,145,147,148,149,150,151,155,156,157,158,159,160,161,163,164,166,167,168,172,175,177,178,179,180,181,182,183,184,185,186,189,192,193,195,196,197,200,201,202,203,204,205,206,207,208,209,210,211,212,213,214,215,216,217,219
57,58,59,61,62,64,66,67,68,70,71,72,73,75,76,77,78,79,80,82,85,86,87,89,90,91,92,93,94,95,96,97,98,99,100,101,102,103,104,105,106,107,108,109,110,113,114,115,116,117,118,119,120,123,124,125,126,127,130,131,132,135,136,137,140,144,145,146,148,149,150,151,152,154,155,156,159,161,162,163,164,165,166,167,168,171,172,173,174,175,176,177,179,180,181,182,183,184,186,187,188,189,190,191,193,194,195,196,198,199,200,202,203,204,205,208,209,211,213,214,216,219
58,59,60,63,64,65,68,70,73,74,75,76,77,81,82,84,85,88,89,90,91,92,94,95,96,97,99,100,102,104,107,108,109,110,111,112,113,114,116,117,118,119,120,121,122,123,125,128,129,130,131,132,133,134,135,138,139,141,142,144,145,146,148,150,151,152,154,156,158,160,161,163,164,165,166,167,168,169,171,172,174,175,176,177,181,183,186,187,188,190,191,194,195,196,197,198,199,202,203,205,206,207,208,213,215,216,218
59,60,61,63,65,66,67,68,69,70,72,76,77,78,79,80,82,84,86,89,90,92,94,95,96,97,98,99,100,104,105,106,107,108,109,111,112,115,116,117,119,121,122,125,126,127,128,129,130,132,133,134,135,136,137,138,139,141,142,143,144,145,146,147,148,149,150,151,153,154,155,159,160,161,162,163,164,165,166,168,169,170,173,174,175,176,178,179,183,186,192,193,194,197,200,201,202,203,204,205,206,208,209,211,213,215,217,219
60,61,62,63,64,65,66,67,70,71,72,74,76,77,80,81,82,83,84,85,87,90,91,92,93,94,97,100,102,103,104,105,106,107,108,112,113,114,115,118,119,120,122,124,126,128,130,132,133,135,136,137,139,140,142,143,145,146,149,152,153,154,158,159,160,161,165,167,168,169,171,172,173,174,175,176,178,179,180,182,188,189,191,192,193,196,197,198,199,200,201,204,205,206,207,208,209,210,212,213,214,215,216,218
61,63,64,65,66,67,68,69,73,74,76,77,79,80,82,83,84,85,89,90,93,94,96,97,98,99,100,102,103,105,106,107,109,110,111,112,114,115,117,118,120,121,122,124,126,128,129,131,133,134,135,137,142,145,146,147,148,149,151,152,154,155,156,159,160,163,164,166,168,171,172,173,174,175,177,178,180,181,183,184,185,186,187,188,189,190,191,192,193,195,196,197,198,205,207,209,210,211,212,215,217,219
62,63,65,66,67,68,69,70,71,72,73,75,77,78,79,83,84,87,88,89,91,93,94,95,97,98,99,100,102,105,106,109,111,112,113,114,116,121,122,123,124,125,126,127,128,129,130,131,133,134,135,136,137,139,141,143,144,145,146,147,148,150,152,153,154,155,156,158,159,162,163,164,166,167,169,170,171,172,174,176,177,178,179,181,182,183,184,185,186,189,190,191,193,195,196,197,198,199,201,202,206,207,209,210,212,215,217,218,219
63,64,65,66,68,71,72,73,74,75,76,77,78,81,83,85,86,87,89,90,91,92,93,94,95,96,97,99,100,101,102,104,105,108,109,111,112,113,115,116,117,118,119,120,121,124,126,127,128,129,132,133,134,135,138,140,142,143,144,145,147,148,149,150,151,152,154,156,158,160,163,164,166,167,168,170,171,172,173,174,175,177,178,179,180,181,184,187,188,189,194,196,197,198,201,202,203,205,207,208,209,211,212,214,217,218,219
64,65,69,70,71,72,74,76,77,78,81,82,83,84,85,86,87,88,89,90,91,93,95,96,98,101,103,106,107,109,111,112,113,114,115,116,117,120,122,123,127,128,129,130,132,133,135,136,137,138,140,141,143,144,145,146,147,148,149,150,151,152,154,155,156,157,158,159,160,162,165,166,168,169,170,171,172,173,175,177,178,179,181,182,183,184,185,186,187,188,189,191,194,195,197,198,199,200,201,202,204,205,207,208,209,210,213,215,216,217,218,219
65,66,68,69,75,76,78,80,83,84,86,87,88,94,95,97,99,100,101,105,106,107,108,109,110,114,115,116,118,120,124,125,126,127,128,129,130,131,132,133,136,138,142,143,144,146,147,148,151,152,156,157,158,159,160,163,165,167,169,170,171,172,174,175,176,177,179,180,182,183,184,186,187,188,189,191,192,193,194,196,197,198,199,202,205,206,209,210,212,213,214,215,216,217,218
66,67,70,71,72,73,75,76,77,80,81,82,83,84,86,87,88,89,90,92,93,95,96,98,99,100,101,102,103,104,107,108,109,110,112,113,115,116,118,119,120,121,123,124,127,128,129,131,132,133,134,135,136,137,138,140,141,142,143,145,146,147,148,150,151,152,156,157,158,159,160,161,162,164,165,166,167,168,169,170,171,175,176,179,180,181,182,183,184,185,187,188,189,190,191,192,193,194,195,196,197,198,199,201,203,204,207,208,209,210,211,212,213,215,216,217,219
67,68,70,71,72,74,75,76,77,78,80,82,83,84,85,87,89,91,93,94,95,96,99,101,103,104,105,108,109,112,113,115,116,118,119,121,122,123,125,126,127,128,129,131,132,133,137,138,139,140,141,142,144,145,147,150,151,152,153,156,157,159,160,162,163,164,166,167,168,169,171,174,175,176,177,179,181,182,183,186,187,188,190,192,194,195,196,198,199,200,201,202,203,204,207,210,211,213,214,215,218,219
68,69,70,71,72,73,74,77,78,79,80,81,83,84,85,87,88,90,91,92,94,96,97,100,101,102,104,106,107,108,110,112,113,114,116,117,119,121,122,123,124,125,126,128,129,131,132,133,134,137,139,140,141,142,143,144,147,150,151,152,153,154,155,156,158,159,160,161,162,163,164,165,166,168,169,170,171,172,173,174,176,177,178,179,181,182,183,184,185,186,188,189,191,192,193,195,196,198,199,200,201,202,206,207,208,209,212,214,216,217,218,219
69,70,71,72,73,75,76,77,78,79,80,81,82,83,84,86,88,90,91,92,93,94,95,96,98,99,100,102,103,104,108,110,111,112,113,116,119,120,121,122,126,129,130,131,132,134,135,137,139,140,143,144,146,147,148,149,150,152,154,155,156,160,161,164,165,166,167,168,170,171,174,175,176,178,179,181,184,185,186,187,189,190,193,194,197,198,200,201,203,205,206,207,209,211,212,213,215,216,217,218
70,71,72,73,74,75,78,79,82,83,84,85,86,87,88,90,91,92,93,94,96,97,100,102,105,107,108,109,110,111,112,114,115,117,118,119,120,121,123,125,126,128,129,130,132,133,134,135,136,138,139,140,141,142,144,145,146,150,151,152,153,156,159,160,161,162,163,165,166,167,168,170,172,173,174,175,176,177,179,180,181,182,184,185,188,189,190,191,193,194,195,197,199,201,202,203,204,205,206,207,208,209,210,212,214,217,218,219
71,72,73,75,76,77,78,79,80,81,82,84,85,87,88,90,92,94,97,98,99,100,103,105,106,107,108,109,110,111,112,113,114,119,120,123,124,125,127,129,130,131,133,134,135,136,138,139,140,141,142,145,147,150,154,155,156,157,159,161,162,163,164,165,166,168,169,170,171,173,175,176,178,179,181,183,185,186,187,189,190,191,192,193,195,197,198,199,201,203,204,205,206,207,208,209,212,213,215,218
72,73,74,75,76,77,78,79,82,83,85,88,93,94,95,97,99,100,101,103,104,105,106,109,111,112,113,114,116,117,119,121,122,124,125,126,127,129,130,131,132,133,134,137,139,140,143,146,149,150,152,154,155,156,158,159,161,162,164,165,166,169,170,171,172,173,176,177,178,179,180,181,183,184,187,188,189,190,191,193,194,195,197,199,200,201,203,205,206,208,209,211,214,215,217,218,219
73,75,76,78,82,83,84,85,86,87,89,91,93,95,96,97,98,100,102,103,106,108,109,111,112,113,114,116,118,121,122,123,125,130,132,134,136,137,139,142,145,146,149,150,152,157,158,159,163,166,167,171,172,173,174,175,176,178,181,182,184,185,186,187,189,190,191,194,195,196,198,202,203,204,205,207,209,212,213,214,215,216,217,219
74,78,80,81,82,86,87,90,93,94,95,96,99,101,102,103,104,105,106,107,108,109,110,113,115,116,117,118,119,120,121,123,124,126,128,130,133,134,135,136,137,138,139,140,141,142,143,145,146,148,149,150,153,155,156,157,158,159,160,163,164,166,168,171,172,173,174,177,178,179,180,182,183,188,190,193,194,198,199,200,201,202,203,204,205,206,207,208,209,211,212,213,214,217,219
75,77,78,79,80,81,82,84,86,89,92,93,94,96,97,98,102,103,105,106,107,108,110,112,113,115,116,118,119,120,122,123,124,125,126,127,129,130,131,132,133,134,137,138,139,140,141,142,143,147,148,149,150,151,152,154,155,157,158,159,161,162,164,165,166,169,170,171,174,175,176,177,178,179,180,182,183,185,186,187,189,190,192,193,194,195,196,197,198,199,200,201,202,203,204,205,206,207,208,210,211,213,214,215,216,217,219
76,77,78,80,81,83,84,85,86,88,90,91,92,93,94,96,101,102,103,105,106,107,110,111,113,115,116,117,118,119,120,121,124,125,127,128,129,130,131,132,133,135,136,137,138,140,142,143,144,145,146,147,148,150,155,156,157,158,159,160,161,163,164,165,167,169,173,175,176,177,179,182,183,184,186,189,190,191,192,194,196,198,199,201,202,204,205,208,210,212,213,217,218,219
77,78,79,82,83,85,88,89,92,93,94,95,96,98,100,101,103,105,106,107,108,110,112,113,114,116,118,119,120,121,122,123,126,127,131,132,134,136,138,139,140,142,143,144,145,148,149,151,155,157,158,160,162,164,165,168,171,172,173,174,175,179,180,181,182,185,187,188,191,192,194,195,196,198,202,203,206,207,209,210,212,213,217,218
78,80,81,82,83,84,85,87,88,89,90,91,92,95,96,97,98,99,101,102,103,104,105,106,107,108,109,111,113,116,117,118,119,120,122,123,126,127,128,129,130,131,132,133,135,136,138,139,140,141,142,143,144,145,146,147,149,150,152,153,154,155,156,157,158,159,160,161,162,163,164,165,166,168,169,170,172,174,175,176,181,182,183,184,185,187,188,189,191,192,193,194,198,201,202,203,204,205,207,208,209,212,213,216,219
79,80,81,82,83,84,85,88,89,92,94,98,99,103,105,106,107,108,109,111,112,114,117,118,119,121,122,123,124,125,126,129,130,131,134,135,138,140,141,142,143,144,145,146,147,148,149,150,151,152,154,155,157,160,162,163,164,166,168,169,170,172,173,175,176,179,183,184,185,186,188,189,190,192,193,194,198,199,200,201,203,204,207,208,210,211,212,213,215,217,218,219
80,81,82,84,85,86,87,88,89,93,94,97,100,101,102,105,108,110,111,112,113,114,115,117,119,122,124,125,128,130,133,134,137,138,139,140,142,144,145,146,148,149,150,152,153,154,156,158,160,164,166,168,170,171,172,173,174,175,176,177,179,180,182,183,184,185,189,190,192,193,194,196,200,202,203,205,206,209,212,213,214,215,216,218,219
81,83,84,85,86,87,89,90,91,92,93,96,98,99,100,102,105,106,108,113,114,115,116,119,121,122,123,124,125,127,128,129,130,132,133,134,138,139,144,146,148,150,151,152,153,155,156,157,158,160,162,166,170,171,172,173,178,180,181,182,183,184,185,187,188,189,190,191,192,193,194,195,196,198,200,201,204,205,207,209,210,212,214,215,216,217,218,219
82,83,85,88,91,92,93,95,98,99,100,101,102,103,104,105,106,107,108,110,113,114,115,117,118,119,121,123,125,126,127,128,129,130,131,133,134,135,136,137,138,139,140,141,142,144,145,146,147,148,149,150,152,153,154,155,156,157,158,159,160,161,162,164,165,166,169,171,173,174,176,177,178,179,181,184,186,187,188,189,190,191,192,193,195,197,198,199,200,202,203,204,205,206,207,208,210,211,213,214,215,218,219
83,85,87,89,90,91,92,93,94,96,97,99,100,101,102,103,105,106,108,109,110,111,112,113,115,118,120,121,123,124,125,126,127,129,130,131,132,133,135,136,137,138,139,140,141,142,144,145,146,147,149,150,151,153,155,156,157,158,159,160,162,163,165,167,170,173,174,175,176,177,178,179,180,181,183,184,187,190,193,194,195,196,199,202,204,206,207,208,210,212,213,214,216,217,219
84,86,88,90,91,92,94,96,97,100,101,103,105,106,107,108,110,111,112,113,114,116,117,120,122,123,124,127,128,129,130,131,132,134,135,136,137,138,139,140,141,143,144,145,146,147,150,151,152,153,154,155,158,160,162,165,166,167,168,172,173,175,176,177,179,181,182,183,185,188,189,191,192,196,197,198,199,200,201,202,203,205,206,207,211,212,213,214,215,217,219
85,86,87,88,89,92,93,94,95,96,98,99,101,102,103,104,105,108,109,110,111,112,113,116,117,118,120,121,123,124,126,127,128,129,130,131,132,133,135,137,138,139,140,141,142,143,144,147,148,149,150,151,152,153,154,156,157,163,165,166,167,168,169,170,171,173,175,176,177,178,179,182,183,184,187,188,189,190,191,193,195,196,197,199,200,202,203,206,207,208,209,210,212,213,214,215,216,217,218,219
86,87,89,91,93,96,98,102,104,105,106,109,110,111,112,113,114,115,116,118,119,120,122,123,124,126,130,132,133,134,135,136,137,139,140,141,142,143,144,145,146,147,148,149,152,153,154,155,156,157,160,161,165,166,168,170,171,172,173,175,176,177,179,181,182,184,185,186,187,188,189,192,193,197,198,200,201,202,203,204,206,207,208,209,210,211,212,214,215,216,217,219
87,88,89,90,91,93,96,97,98,100,102,103,105,106,107,108,109,111,112,114,116,117,118,119,120,121,122,123,124,125,126,127,129,130,131,137,138,140,141,142,143,148,149,150,153,154,155,159,160,161,162,163,165,166,167,168,169,170,171,172,175,177,178,179,180,182,183,187,188,193,194,195,196,198,199,201,202,207,208,209,211,212,213,214,215,217,218
88,89,90,91,92,93,95,96,97,98,99,100,103,104,105,106,107,108,109,110,111,112,113,115,116,118,121,122,123,124,125,126,127,128,129,133,134,135,136,137,138,139,140,143,144,146,148,149,150,151,152,153,155,156,157,158,160,162,163,164,165,167,168,170,172,173,175,176,178,181,183,184,185,186,188,189,190,193,194,195,197,199,200,201,203,204,205,206,207,208,209,210,212,213,214,215,216
89,90,92,93,94,95,98,101,103,105,106,107,109,110,114,115,116,117,118,123,125,126,128,130,132,133,134,135,137,138,140,141,144,146,148,149,150,151,153,155,157,158,159,160,162,163,164,166,167,169,171,173,174,178,179,180,185,186,187,188,189,193,194,195,197,198,202,206,208,210,211,214,215,216,217,218,219
90,91,92,93,94,95,96,97,98,100,102,104,107,108,109,110,111,112,113,114,115,116,117,119,120,122,123,124,125,127,130,131,132,134,135,136,137,139,140,141,142,143,144,145,146,147,148,149,151,152,154,157,159,160,161,162,163,164,165,166,169,170,172,174,177,178,179,181,183,184,185,189,190,191,194,195,197,198,200,202,203,205,206,209,211,212,213,215,216,217,219
91,93,95,96,97,98,99,100,101,102,103,104,105,106,107,108,110,112,113,114,115,116,117,118,119,120,122,125,126,127,128,129,130,131,132,134,135,136,137,138,139,141,143,144,146,147,148,149,150,153,154,155,156,158,159,160,161,162,163,164,165,166,167,169,171,172,173,174,175,176,177,178,180,181,182,183,184,186,187,188,189,192,194,195,197,199,200,202,203,206,207,209,210,211,213,214,216,217,218
92,93,94,98,99,100,101,102,103,105,107,108,109,111,112,114,116,117,119,120,122,123,124,128,130,132,133,137,138,139,140,141,142,145,146,147,148,149,151,152,153,155,157,159,160,161,163,164,165,166,167,169,171,172,173,175,177,179,180,181,182,183,186,187,188,189,190,191,195,197,198,200,202,203,204,205,207,208,209,210,211,212,215,217,218
93,94,95,96,97,98,99,101,102,104,105,106,107,108,110,111,112,113,114,115,116,117,119,121,123,124,125,127,128,129,131,132,133,136,137,139,140,143,145,146,148,149,150,151,152,155,156,157,158,159,160,161,162,163,164,166,167,168,169,170,175,176,178,179,182,185,186,187,188,189,190,191,193,194,196,197,199,201,202,203,204,206,207,210,211,214,216,217,218,219
94,95,97,98,99,101,102,103,105,106,108,109,111,112,115,116,117,119,121,123,124,125,126,127,129,130,132,134,135,141,142,143,145,146,148,149,150,151,152,154,157,158,162,163,164,165,166,167,168,169,170,171,174,175,176,177,181,182,183,185,186,187,188,189,191,192,193,195,197,200,201,202,203,204,205,206,207,208,211,212,213,214,215,217,218,219
95,96,97,99,100,103,104,105,106,107,109,110,111,114,115,116,117,118,121,122,123,125,127,128,129,130,134,136,137,140,141,142,143,145,147,149,150,151,153,155,156,157,158,159,160,162,163,165,166,167,168,169,170,171,173,174,175,177,178,179,181,184,185,186,188,190,191,192,194,196,198,200,201,202,203,206,207,208,209,210,212,213,216,218,219
96,97,98,99,100,102,103,104,105,106,107,108,109,110,111,112,114,116,118,119,120,122,124,125,126,128,129,130,131,132,134,135,136,137,138,139,142,144,147,150,151,153,155,156,157,159,161,162,164,165,167,168,170,171,172,174,175,176,177,179,180,181,182,183,184,185,186,187,188,189,190,191,192,193,195,196,198,200,201,202,204,208,209,210,211,212,213,214,215,217,218,219
97,98,99,100,103,106,108,110,112,113,114,115,118,119,122,123,126,127,128,129,132,133,134,135,136,137,138,139,141,144,145,146,147,148,149,150,151,152,153,154,155,156,158,160,162,163,164,165,166,168,169,170,171,172,174,176,177,179,180,181,182,184,185,187,189,190,191,192,193,194,195,196,198,199,200,201,202,203,205,208,211,213,215,216,217
98,100,101,102,103,106,107,108,109,110,113,114,115,116,118,120,121,123,124,126,128,129,130,131,132,134,136,138,139,142,143,145,147,149,152,154,155,156,157,158,160,161,164,165,167,168,169,171,173,174,175,176,177,180,181,182,183,185,186,187,188,189,192,193,195,198,199,200,201,203,204,205,206,208,210,211,212,213,214,215,216,217,219
99,101,102,107,108,109,110,111,112,113,114,116,117,118,119,121,122,123,126,127,129,130,131,132,135,136,137,139,140,141,143,145,147,148,149,151,152,153,155,159,160,161,163,165,166,168,169,170,171,172,173,174,177,178,179,180,182,184,185,186,187,188,189,190,191,192,193,194,195,196,197,198,200,203,204,205,207,208,209,211,213,214,215
100,101,102,103,105,106,107,108,109,110,111,112,113,114,115,116,117,119,121,122,125,127,129,130,131,133,135,139,140,141,142,143,145,146,151,152,153,155,156,157,158,159,161,162,166,169,170,171,172,173,176,177,178,179,180,183,187,189,192,194,196,197,198,199,200,201,204,205,206,207,208,210,213,214,215,216,218,219
101,102,103,104,105,106,107,108,109,110,111,112,113,114,115,117,118,120,121,123,124,127,128,129,131,132,133,134,135,136,137,139,140,141,142,146,149,150,152,155,157,158,160,165,166,167,168,171,172,173,175,176,177,179,181,182,183,188,189,190,192,194,195,196,197,198,200,201,204,205,206,209,210,212,213,214,217,218
102,103,104,105,108,109,110,112,114,117,119,120,121,123,125,126,133,134,136,139,140,141,144,146,147,148,149,150,151,152,155,156,158,160,161,164,165,166,167,168,169,170,171,172,174,177,178,179,180,181,182,183,184,185,186,187,190,191,192,193,194,195,197,198,199,200,201,203,204,205,206,207,208,209,210,211,212,213,215,218,219
103,104,106,109,110,111,112,113,114,116,119,120,122,123,124,125,126,128,129,130,134,135,137,138,141,143,144,145,147,148,149,151,153,157,158,159,160,161,164,167,169,170,171,172,173,175,176,177,178,179,180,181,182,185,186,187,188,189,191,192,193,195,196,198,199,200,201,202,203,207,208,209,211,216,217,219
104,105,106,107,108,112,113,116,117,118,120,121,123,124,125,127,129,130,131,132,134,136,137,138,139,140,141,143,145,148,149,154,155,157,159,163,164,165,166,167,170,171,172,173,174,175,178,180,181,182,183,184,185,186,188,189,190,192,193,196,198,199,200,203,204,205,206,207,208,209,211,213,214,215,216,217,219
105,106,109,110,111,112,113,115,117,118,119,120,121,122,126,128,130,132,133,135,142,143,144,147,149,151,152,154,156,157,158,161,162,163,165,167,168,169,172,175,176,177,178,180,181,182,183,184,185,186,187,188,189,190,191,192,193,197,200,201,202,203,204,206,208,209,210,212,213,214,216,217,218
106,107,109,110,111,112,113,114,116,125,128,131,133,136,137,139,141,142,143,146,148,149,150,151,152,153,154,155,156,157,158,159,160,162,163,164,166,168,171,172,173,174,175,176,177,178,179,180,181,182,183,185,186,188,189,190,192,194,195,196,197,198,199,200,201,202,203,204,205,207,208,209,210,211,212,214,215,216,219
107,108,109,112,113,115,116,118,120,121,122,123,124,126,129,131,132,133,135,136,137,138,139,140,141,142,143,145,146,147,148,149,150,153,154,156,158,161,162,163,164,165,166,167,168,169,171,172,173,174,176,177,180,181,183,184,185,186,187,188,189,190,191,192,193,195,196,198,199,200,203,204,205,206,208,211,212,213,214,215,216,217,219
108,109,110,111,112,113,114,115,116,118,119,120,121,122,124,125,127,128,129,130,131,132,133,134,135,136,137,138,139,140,142,145,146,147,148,149,150,153,154,155,156,157,161,163,164,166,167,169,170,171,175,176,177,179,183,184,185,186,188,189,191,192,194,195,196,198,199,200,202,203,204,205,206,207,208,209,210,211,212,213,214,218,219
109,110,114,115,116,118,119,122,123,126,129,130,132,134,135,136,137,138,140,141,142,143,147,148,150,153,155,156,158,160,161,164,166,167,168,169,170,171,173,174,178,179,180,181,182,183,184,185,187,189,190,193,194,197,198,199,201,202,203,204,206,207,208,210,212,213,214,215,216
110,113,116,119,121,123,124,126,127,128,131,132,133,134,136,137,138,139,140,141,145,147,149,150,151,152,153,156,160,161,162,163,165,166,169,170,171,173,175,176,177,179,181,182,183,185,186,187,189,190,195,196,197,199,200,201,203,204,206,207,209,210,213,214,216,217
111,112,113,114,116,117,118,120,121,122,123,124,126,127,131,132,133,134,135,136,137,139,143,147,149,150,151,152,153,154,158,161,162,163,165,167,168,170,173,174,175,177,180,181,182,183,187,188,189,191,192,193,195,197,198,199,201,202,203,206,208,210,211,212,214,215,216,217
112,114,115,118,119,121,122,125,126,127,129,133,134,137,139,140,144,145,146,147,148,150,152,153,154,155,156,157,158,159,160,161,162,164,166,167,168,169,170,171,172,173,175,177,179,180,184,186,189,190,192,193,195,196,197,199,201,204,205,206,207,208,209,210,211,212,214,216,217,219
113,114,116,117,118,119,121,124,126,127,128,129,130,132,133,134,137,139,140,143,145,146,148,149,150,151,152,153,154,156,158,159,160,162,163,164,165,166,168,169,170,171,172,176,177,179,180,181,182,183,184,185,188,190,191,193,194,195,196,197,198,201,203,204,205,208,209,210,211,212,214,218,219
114,115,117,118,119,120,121,122,123,125,126,129,130,132,133,134,135,138,139,141,143,144,145,146,147,148,149,150,151,152,153,155,156,157,158,159,160,161,165,166,168,169,170,171,173,174,175,176,177,179,180,181,185,186,187,188,189,191,192,194,196,197,198,199,201,202,203,205,206,210,211,214,215,217,218,219
115,116,117,118,120,121,124,125,127,128,129,130,133,134,135,136,138,140,142,144,145,147,148,149,152,153,155,156,157,158,160,161,162,163,164,167,168,169,170,171,172,174,175,176,177,178,179,180,181,184,185,186,187,189,190,191,193,195,197,202,203,204,206,207,208,210,212,213,214,215,216,217,218
116,117,118,120,123,125,126,127,128,132,134,138,139,140,141,143,144,145,146,147,148,149,150,151,152,153,155,156,157,158,159,160,161,162,163,165,166,168,169,172,173,175,176,177,178,179,182,183,184,185,187,188,192,193,194,195,198,199,200,202,204,206,207,209,210,213,214,215,217,218
117,118,119,120,121,122,123,125,126,127,128,129,130,131,132,135,137,138,139,142,143,144,145,147,149,151,152,153,155,157,158,159,160,161,163,164,165,168,171,173,175,176,178,179,180,184,185,186,187,188,190,191,192,193,194,196,198,201,202,206,208,209,210,211,213,215,216,217,218
118,119,120,121,125,126,130,133,137,138,139,140,141,142,144,145,147,148,149,150,151,152,153,157,158,159,161,162,163,164,166,167,168,169,171,172,173,175,176,178,180,181,183,185,186,187,188,190,193,194,195,196,197,198,200,201,202,203,204,205,206,207,208,209,210,211,212,213,214,215,216
119,120,121,122,124,125,126,127,129,131,132,133,134,135,136,137,138,140,141,142,143,144,150,151,152,154,155,156,157,158,160,163,165,167,169,171,173,175,176,182,183,184,185,186,187,190,192,193,194,196,198,199,201,203,204,207,208,209,210,211,215,217,218
120,121,122,124,126,127,128,129,130,131,132,133,136,137,139,140,141,143,144,147,148,149,151,152,154,156,158,159,160,161,162,163,164,165,167,168,169,171,172,173,174,175,177,178,179,181,182,183,184,185,187,188,190,192,193,194,197,202,206,207,208,209,210,211,212,214,215,216,218
121,122,124,125,126,127,128,129,130,131,133,134,135,136,137,138,139,140,142,143,144,146,147,148,149,150,153,155,157,158,159,162,163,165,166,169,170,171,172,173,175,177,179,180,181,183,186,187,189,191,192,193,194,195,196,197,198,199,200,201,202,203,206,207,211,213,215,216,217,218,219
122,123,124,127,128,129,130,131,132,133,134,135,136,138,140,141,143,144,146,147,149,151,152,153,154,155,157,158,159,160,161,162,164,165,167,168,170,171,172,175,176,178,179,180,182,184,187,188,189,190,191,192,193,194,196,198,203,204,205,206,207,208,209,211,212,214,217,219
123,125,126,127,128,129,130,132,133,135,137,138,139,141,143,144,145,146,149,151,152,155,157,158,159,160,161,162,166,167,168,169,170,171,172,175,176,179,180,181,182,184,185,187,188,189,190,193,194,195,197,198,199,200,204,206,208,210,213,214,215,216,217,218,219
124,125,126,127,129,130,131,132,137,138,139,141,142,144,145,146,147,148,149,150,151,153,155,158,159,160,161,162,163,164,165,167,168,169,172,173,175,176,178,179,180,181,183,185,186,190,191,192,193,194,196,197,198,199,200,201,202,205,208,210,211,212,213,218,219
125,127,128,129,130,131,133,134,135,136,140,141,142,143,144,145,146,147,149,150,151,152,153,154,156,157,158,159,161,162,163,164,165,166,168,169,172,174,175,177,178,179,180,181,184,185,186,187,188,190,191,193,194,195,196,197,198,199,200,201,208,209,210,212,213,214,215,216,217
126,127,128,129,130,131,133,134,135,136,137,140,142,143,144,146,147,148,149,151,152,153,155,156,157,158,159,160,161,163,164,165,166,167,168,169,170,171,172,173,176,178,179,180,181,182,183,185,186,188,189,191,192,193,195,196,197,198,199,200,201,204,205,206,207,208,209,210,211,212,213,214,215,217,219
127,128,129,130,133,135,136,137,139,143,147,148,149,150,151,153,154,156,157,159,160,162,163,164,165,166,169,170,173,175,176,177,181,182,184,185,186,187,188,189,191,192,193,194,195,196,197,198,199,201,203,204,205,206,207,208,211,213,215,217,219
128,131,133,134,135,137,138,139,140,141,142,143,144,146,147,149,150,152,153,155,157,161,163,164,166,169,170,172,173,174,176,177,178,179,181,182,183,185,188,191,195,197,199,200,201,202,204,207,208,209,213,214,215,217,218,219
129,130,131,132,133,134,135,136,137,138,139,141,143,144,146,148,149,151,152,154,155,156,158,160,164,167,168,169,170,171,173,174,175,180,181,182,183,184,185,186,187,189,190,191,192,193,194,195,196,198,200,201,202,204,205,206,207,211,213,214,217,218,219
130,131,134,135,136,138,140,141,142,143,145,146,148,150,151,152,153,154,155,158,162,163,165,166,167,168,169,171,172,173,175,176,178,183,186,187,188,189,190,195,196,198,199,200,204,205,206,210,213,214,216,217
131,132,133,135,136,140,144,145,146,147,148,149,151,153,154,156,157,158,159,160,163,164,166,167,168,169,170,174,175,176,178,179,180,181,183,184,185,186,187,189,191,195,197,198,199,201,202,203,204,205,206,207,208,209,211,213,215,216,217,218
132,133,135,136,137,139,140,141,142,145,147,148,149,150,152,153,155,158,159,160,161,162,163,165,167,171,173,174,175,177,178,179,181,182,183,184,185,186,187,189,190,191,192,193,194,195,196,197,201,203,204,205,206,207,210,213,214,215,217,218
133,134,136,137,138,140,142,143,146,147,148,149,152,154,156,158,159,160,161,164,165,166,167,168,169,170,172,174,176,177,178,179,180,181,185,186,187,188,189,190,191,197,199,200,201,202,203,204,205,207,208,209,210,211,212,214,215,218,219
134,136,139,140,141,142,143,144,145,146,147,149,151,153,154,156,158,159,161,163,164,165,166,167,169,171,173,174,175,176,179,180,181,184,185,186,187,189,190,192,196,197,198,201,205,207,208,209,213,214,215,216,217,218,219
135,136,137,138,140,141,143,144,145,146,147,148,150,151,153,154,155,156,160,161,163,164,166,167,168,169,170,171,173,174,177,178,179,180,181,182,184,185,187,188,191,192,193,194,195,196,197,198,199,200,201,202,203,204,206,207,210,212,214,215,216,217,218,219
136,137,139,141,142,143,144,145,146,151,152,154,155,156,157,158,162,164,168,169,170,171,172,177,179,180,181,182,183,185,186,188,189,190,191,192,193,194,197,198,199,200,201,202,203,204,205,206,207,208,209,210,211,212,214,216,219
137,138,140,141,147,149,150,152,153,155,156,157,158,159,160,161,163,164,165,169,171,172,174,175,176,177,179,180,181,182,183,185,187,188,189,190,191,192,194,195,196,202,204,206,207,208,210,211,212,213,214,217,218,219
138,139,140,142,143,144,145,146,147,148,149,150,151,152,153,155,159,161,162,163,164,166,170,172,173,175,176,177,178,179,180,183,184,185,186,190,191,192,193,195,196,199,200,202,205,206,207,208,209,210,214,216,217,218,219
139,140,142,143,144,145,152,153,154,156,157,159,160,162,164,165,168,169,170,172,173,174,175,177,178,179,180,182,183,184,185,186,188,189,190,191,192,193,194,195,196,198,200,202,203,204,205,207,208,209,210,212,213,215,216,217,218,219
140,142,143,145,146,147,149,150,151,152,153,154,155,156,157,158,160,161,162,165,166,167,168,169,171,172,173,175,176,177,178,179,180,183,185,186,187,188,189,191,192,193,198,200,202,204,205,211,213,214,216,217,218
141,142,143,145,146,147,149,150,153,154,155,156,157,158,159,162,163,164,165,166,168,169,171,173,174,175,176,179,180,181,183,185,186,189,190,191,192,193,194,195,198,199,200,201,202,203,206,207,208,209,210,211,212,215,216,219
142,144,145,146,148,149,151,152,153,154,158,161,163,164,165,166,168,169,170,172,173,175,177,179,180,182,184,185,189,190,193,194,195,197,198,199,200,201,202,203,204,205,206,207,208,210,212,213,215,216,217,218,219
143,144,145,146,147,148,149,150,151,153,155,157,158,159,162,163,164,165,166,167,168,170,172,175,176,178,180,181,184,186,187,188,189,190,191,192,194,195,197,198,200,201,203,204,205,206,208,209,213,214,216,217,218,219
144,146,147,148,149,150,152,153,154,155,156,157,158,159,162,163,164,165,167,168,169,170,171,173,174,175,176,178,179,180,181,182,183,186,187,194,195,198,199,201,202,204,205,206,211,213,214,216,218,219
145,146,147,148,150,151,153,154,155,157,158,159,160,161,163,164,166,167,169,170,172,173,177,179,180,181,182,183,185,186,187,188,189,191,192,193,196,197,199,200,202,203,206,207,208,211,212,214,216,217,218,219
146,147,149,150,151,152,153,155,157,159,160,161,162,164,166,167,168,171,172,173,175,176,178,179,180,182,184,185,186,187,193,195,196,197,198,201,203,207,208,209,210,211,212,213,214,217,219
147,150,151,155,156,157,158,159,160,161,162,163,166,167,168,169,170,171,172,174,175,176,177,178,179,180,182,186,190,191,192,193,194,195,196,197,198,200,202,203,204,206,208,209,210,212,213,216,218,219
148,149,151,152,154,155,156,157,159,161,163,164,165,167,168,169,176,177,178,179,180,183,184,185,186,187,188,191,193,194,195,196,197,200,201,203,204,205,206,207,209,211,212,213,215,216,217,218,219
149,150,153,154,155,158,159,160,161,162,163,164,165,167,168,169,172,173,174,176,177,179,182,183,185,186,188,189,191,192,194,195,196,197,198,199,203,204,209,210,211,213,214,217,218
150,151,152,158,159,160,161,162,163,164,168,169,170,171,172,173,174,177,178,179,182,183,184,185,186,187,188,191,193,194,195,197,198,200,201,202,204,205,211,212,213,214,215,216,217,219
151,152,153,154,155,157,158,159,160,161,162,164,166,167,169,171,172,173,174,177,180,182,184,188,189,190,191,192,193,194,195,196,198,199,200,202,204,206,207,208,209,211,212,214,216,217,218
152,153,155,156,157,158,159,161,163,167,168,170,172,173,176,177,178,179,180,182,183,185,186,188,190,191,192,194,198,199,200,202,203,204,207,208,209,211,213,214,215,219
153,154,156,158,159,160,162,163,164,165,166,170,172,173,178,179,180,184,185,186,187,188,189,190,191,192,194,195,196,199,201,202,204,205,206,207,208,210,211,212,214,216,218,219
154,155,156,158,159,160,162,163,164,165,168,169,170,171,172,173,174,175,176,177,178,179,180,182,183,184,186,187,188,189,190,191,192,194,195,196,197,199,200,202,204,208,209,210,211,212,213,214,215,217,218,219
155,157,159,160,161,162,163,164,165,166,168,169,171,173,176,177,178,180,181,182,183,184,186,187,190,193,194,197,198,199,200,201,202,204,205,206,207,209,210,212,214,215,216,219
156,161,165,166,167,170,173,174,175,176,179,180,181,182,183,185,186,187,189,191,193,194,196,197,198,200,201,204,205,206,207,208,210,211,212,213,216,218,219
157,158,159,160,161,162,163,165,167,170,171,172,173,174,177,180,181,182,184,185,188,189,190,191,192,193,195,198,199,201,203,204,205,206,208,209,210,212,213,215,217,219
158,159,162,164,166,167,168,169,170,172,173,175,176,177,179,180,181,182,183,188,189,190,191,192,193,195,196,197,199,200,201,202,203,204,206,208,209,210,211,212,213,215,216,219
159,160,161,162,163,165,166,174,177,178,179,183,184,185,187,188,190,192,194,195,197,198,199,200,201,203,204,206,207,208,212,215,216,218
160,163,164,166,167,168,169,170,172,173,174,176,177,179,181,184,185,186,188,191,192,193,194,198,199,200,202,203,204,206,208,210,211,212,213,214,215,216
161,163,164,166,167,168,169,171,172,173,174,176,178,179,180,183,185,186,189,190,194,195,198,200,201,203,204,206,208,209,210,211,214,215,216,217
162,163,164,165,167,168,170,171,172,173,174,175,177,178,179,180,181,182,183,184,185,186,187,189,192,193,194,195,196,197,200,202,207,208,209,210,212,214,215,216,217,218,219
163,164,165,168,170,172,173,174,175,177,178,181,182,184,185,186,187,188,189,190,191,192,193,194,195,196,197,198,199,202,204,205,206,207,208,210,211,214,215,217,218
164,165,166,167,168,169,170,172,175,181,182,183,184,186,188,189,190,191,194,197,198,199,200,201,202,203,204,205,206,210,212,214,215,216,217,218,219
165,166,169,172,173,174,176,177,178,179,180,181,182,183,184,186,190,191,193,194,195,196,198,199,200,201,202,203,204,206,209,210,212,213,214,215,216,217,218,219
166,167,168,169,170,172,173,174,176,179,180,181,184,186,187,188,189,190,191,194,195,198,199,201,203,204,206,208,209,210,211,212,213,214,216,219
167,168,169,170,171,172,173,175,176,178,180,181,183,184,185,186,187,188,189,190,191,192,193,195,196,197,198,201,203,204,205,206,208,209,210,211,212,213,214,215,216,217
168,169,173,174,175,176,177,180,182,184,185,186,187,189,194,195,196,202,203,205,206,207,209,210,211,214,216,217,218,219
169,170,171,173,175,176,177,178,179,180,181,182,183,184,186,189,190,191,192,193,194,195,197,199,200,201,202,204,205,206,208,209,211,213,215,217
170,172,174,175,176,178,179,181,182,185,186,187,188,191,192,194,195,198,201,202,203,204,207,208,209,210,214,215,217
171,172,174,175,177,178,180,181,182,184,187,188,189,190,191,193,194,196,197,198,199,200,201,204,205,206,207,208,209,210,211,212,213,214,215,216,219
172,173,175,176,177,178,179,180,181,182,183,185,186,187,190,191,192,193,194,196,198,200,201,203,204,206,209,211,212,213,215,216,219
173,174,175,179,180,181,182,184,185,187,188,190,192,194,196,197,198,201,202,203,204,206,207,208,209,210,211,212,213,214,215,218,219
174,177,180,181,182,184,185,186,187,188,189,190,191,192,195,196,197,199,201,202,203,204,206,208,212,213,215,216,217,218
175,176,177,178,179,181,183,184,185,187,188,189,190,192,193,194,195,198,199,200,202,203,205,206,208,209,211,212,213,214,216,217,218
176,179,180,182,184,186,187,188,189,191,193,195,196,197,198,199,200,202,205,206,207,208,209,213,215,216,218,219
177,181,183,184,185,186,188,189,191,192,193,195,196,197,199,200,202,204,206,210,211,212,213,214,215,216,217,219
178,180,182,183,184,186,187,188,189,190,191,192,194,196,197,198,199,202,206,207,208,209,210,211,212,214,215,217,218,219
179,180,181,182,183,185,186,187,189,190,192,194,195,197,198,199,200,201,202,203,204,205,207,208,209,210,211,212,213,214,215,216,218,219
180,181,182,183,184,185,186,187,188,189,191,192,193,194,195,196,197,198,199,200,201,202,203,204,205,207,208,209,210,211,213,214,215,217,218
181,182,183,184,185,186,188,189,190,193,194,195,197,198,199,200,201,203,204,205,206,207,208,212,213,214,216,217,218,219
182,183,185,187,188,190,193,194,195,197,198,199,201,202,205,207,208,209,211,213,214,217,219
183,184,187,188,189,190,191,193,194,195,196,198,199,200,201,203,204,205,208,209,212,213,215,216,217,218,219
184,186,188,189,190,192,197,198,201,202,204,205,206,207,208,210,212,216,217,218
185,186,187,188,189,191,192,194,196,197,200,201,203,204,208,209,210,211,212,214,215,217,219
186,188,189,193,194,195,196,197,198,201,202,203,204,207,208,209,212,213,215,216,217,218,219
187,188,189,190,191,192,193,195,196,197,198,200,201,202,203,206,208,209,210,213,214,215,216,217,219
188,189,190,192,197,198,200,204,205,207,208,210,212,213,215,216,218
189,190,192,194,195,196,197,198,199,200,201,202,203,204,205,208,209,210,211,212,213,214,215,218,219
190,191,194,196,197,198,199,200,201,202,203,205,208,209,210,212,213,214,215,216,218,219
191,192,193,196,200,202,203,205,207,208,209,212,213,214,217,218,219
192,195,196,197,199,200,203,205,206,209,210,212,213,214,215,217,218,219
193,195,197,198,199,200,201,207,208,209,210,211,212,213,214,215,216,217
194,198,200,201,202,204,205,207,208,209,211,212,214,215,216,217,218
195,196,197,198,199,200,201,202,203,204,206,207,208,209,210,211,213,214,215
196,197,203,204,205,206,207,209,210,211,214,215,218,219
197,198,199,200,201,202,203,205,206,207,208,209,211,212,213,214,215,216,217,218,219
198,199,201,203,204,206,207,208,209,211,213,214,215,217,219
199,200,201,203,204,206,210,212,213,215,216,217,218,219
200,201,202,204,205,206,207,208,209,212,213,214,215,216,217
201,202,204,205,207,209,210,211,212,215,216,219
202,204,205,206,207,208,209,210,211,212,213,214,215,216,217,218,219
203,204,207,209,211,213,215,217,218,219
204,207,208,210,211,212,213,214
205,206,207,208,209,210,212,213,215,216,218
206,207,208,210,211,213,216,217
207,210,211,212,216,217,219
208,212,213,214,216,217
209,211,212,213,214,215,216,217,218,219
210,211,212,214,215,216,217
211,214,216,217,219
212,216,218,219
213,215,216,217,218,219
214,216,218
215,216,218,219
216,218,219
217,218
218,219
219
