n_nodes:136
n_edges:7283
density:0.79336
0,1,2,3,5,6,8,9,10,11,12,13,14,15,16,21,22,24,25,26,27,28,29,31,32,33,34,36,37,38,39,40,42,43,44,47,48,49,50,51,52,53,54,55,56,57,58,59,60,61,62,64,65,68,69,70,71,72,73,74,75,76,77,78,79,80,81,82,83,84,85,86,87,88,89,90,92,93,94,95,96,98,101,102,103,104,105,106,107,108,110,111,113,116,117,118,120,121,122,123,124,125,126,127,128,129,130,131,132,133,134,135
1,2,3,4,5,6,7,8,9,10,12,14,15,16,17,18,19,20,21,22,24,25,26,28,29,30,31,32,33,34,35,37,39,40,41,43,44,45,47,48,49,50,51,52,53,55,56,57,58,60,61,62,63,64,65,66,67,69,71,73,74,75,79,80,81,82,83,84,86,87,88,89,91,92,93,94,97,100,101,102,104,105,106,107,108,109,112,113,114,115,116,118,120,121,122,123,124,125,126,127,128,129,130,132,133
2,3,4,5,6,8,9,10,11,12,13,15,16,18,19,21,22,23,24,25,26,27,28,29,30,31,32,33,34,36,37,38,39,40,42,43,44,45,46,48,49,50,52,53,55,57,58,59,61,62,63,64,65,66,67,69,72,74,75,76,78,80,81,82,83,84,85,86,87,88,89,90,91,92,94,95,96,98,99,101,104,106,107,108,109,110,111,112,113,114,115,116,117,118,119,121,122,123,125,126,127,128,129,130,131,133,134,135
3,4,5,6,7,8,9,10,11,12,13,14,15,16,17,18,19,20,21,22,23,25,27,29,30,32,34,35,36,37,39,40,43,45,46,47,49,51,52,53,54,55,56,58,60,61,62,63,64,66,68,69,70,71,72,73,74,75,76,77,78,80,82,84,85,88,89,90,91,93,95,96,97,99,100,101,102,103,104,105,106,107,108,110,111,112,113,114,115,116,117,118,121,123,124,125,126,128,129,130,131,132,133,134,135
4,5,6,8,9,10,12,13,14,16,20,21,22,25,26,28,30,31,32,33,34,35,36,37,38,40,41,42,43,44,45,46,48,50,51,52,54,56,57,58,59,60,61,62,63,64,65,67,68,69,70,71,72,73,74,76,79,80,81,82,84,85,86,87,88,90,93,94,95,96,97,98,99,100,101,102,103,104,105,106,107,108,109,110,111,112,113,114,117,118,119,120,121,122,124,125,126,127,129,131,132,133,134,135
5,6,7,8,10,12,13,14,15,19,20,21,22,24,25,27,28,31,32,33,35,36,38,39,40,41,42,43,44,45,46,47,48,49,50,51,53,54,56,59,60,62,63,64,65,66,67,68,69,70,71,74,75,76,77,82,85,86,87,88,91,92,93,94,96,97,98,99,100,103,104,106,107,108,109,110,111,112,113,115,116,117,118,120,123,124,125,126,127,128,131,133,135
6,7,8,9,10,12,13,14,16,18,19,20,21,22,23,25,27,29,30,31,32,33,34,35,36,37,38,39,40,42,43,46,47,48,49,50,51,52,53,54,56,57,59,60,61,62,64,66,67,69,70,71,72,73,74,75,76,77,78,79,80,81,82,83,84,85,87,88,89,90,92,93,94,95,96,97,98,99,101,102,104,105,106,107,109,110,111,112,113,115,116,117,119,120,121,122,124,127,128,129,130,131,133,135
7,8,9,10,11,12,13,14,15,16,17,19,20,23,24,26,27,29,31,32,33,34,35,36,37,39,40,42,43,44,45,46,47,49,50,51,52,53,54,55,56,57,60,61,62,63,65,66,67,68,69,70,71,72,73,74,75,76,77,78,80,82,83,84,85,86,87,88,89,90,92,93,94,95,96,97,98,100,103,105,106,107,108,109,111,112,113,115,116,118,119,122,123,124,125,126,127,128,129,132,133,134,135
8,9,11,13,14,16,17,18,19,21,22,24,25,27,28,29,30,31,32,34,35,36,37,38,39,40,41,42,43,45,46,47,48,50,51,52,54,55,57,59,60,61,62,63,64,65,67,68,69,70,71,73,74,75,77,79,80,82,84,86,87,88,90,91,92,93,94,95,96,97,99,100,101,102,103,105,106,107,110,111,112,113,114,115,116,117,118,119,121,122,123,124,125,126,128,129,130,131,132
9,12,13,14,16,21,23,25,26,27,28,29,30,31,33,34,35,37,38,39,40,41,42,43,44,46,47,48,49,50,52,53,54,55,56,58,59,60,61,63,64,65,66,67,69,70,71,72,73,74,75,76,77,79,80,81,82,83,84,85,86,87,88,89,90,91,93,94,95,96,97,98,99,100,101,102,103,104,105,106,107,108,110,111,112,113,114,115,116,117,118,119,120,121,125,126,127,128,129,130,131,133,134,135
10,11,12,13,14,15,16,17,18,20,21,22,24,25,26,27,28,29,30,33,34,35,38,39,40,42,43,44,45,47,49,50,52,53,54,56,57,58,59,61,62,63,64,65,69,70,71,72,74,76,77,78,80,81,82,83,84,85,86,87,88,89,91,92,94,95,96,100,101,102,103,104,105,106,107,108,109,110,111,112,114,117,118,119,122,123,124,127,128,129,130,131,132,135
11,12,13,14,16,17,18,19,21,22,23,24,25,27,28,29,30,32,33,34,35,37,38,39,40,41,42,43,44,45,47,49,50,51,52,53,54,55,56,58,59,60,61,62,63,64,65,66,67,68,69,70,71,72,73,74,75,77,79,80,82,83,84,85,86,88,89,90,91,92,95,97,98,99,100,101,102,103,104,105,106,107,108,109,110,111,112,113,114,115,117,118,119,120,122,123,124,125,126,127,128,129,130,132,133,134,135
12,13,14,15,16,18,20,21,22,24,25,26,28,29,30,31,33,34,35,36,37,38,39,40,41,42,44,45,47,48,50,51,52,53,54,55,57,58,59,60,61,62,63,65,66,69,70,71,72,73,74,76,77,80,82,83,84,85,87,88,89,90,91,94,95,96,97,98,99,100,101,102,104,105,108,109,110,111,112,113,114,116,117,118,119,120,122,123,124,125,126,127,128,131,132,133,134,135
13,15,16,17,20,22,24,25,26,27,28,30,31,33,34,35,36,38,39,40,41,42,43,44,45,46,47,48,49,50,51,52,53,54,56,57,58,60,61,62,63,64,65,66,70,71,72,73,74,75,76,77,78,79,80,81,82,83,85,87,88,89,90,91,92,93,94,95,96,97,98,99,100,101,103,104,105,106,109,110,111,112,113,114,115,116,117,119,120,121,122,123,124,125,126,127,129,130,131,132,133,134,135
14,15,16,17,19,20,22,23,25,26,27,28,29,31,33,34,35,36,37,38,39,40,41,42,43,44,45,46,47,49,50,51,52,54,55,56,57,58,59,61,62,63,64,65,66,67,69,70,71,73,74,75,76,78,79,81,82,83,84,85,86,87,88,89,90,91,92,93,94,95,96,97,98,99,100,101,102,104,105,106,108,109,110,111,112,115,116,118,119,123,125,126,127,128,130,132,133,134
15,16,17,18,19,20,21,22,23,24,27,28,29,30,31,32,33,34,35,37,42,43,45,46,47,48,49,50,51,52,53,54,55,56,57,58,59,60,61,63,64,65,66,67,68,69,70,72,73,74,75,78,80,82,83,84,85,86,88,89,91,92,93,94,95,96,98,100,101,104,105,107,108,109,111,112,113,114,115,116,117,118,119,122,123,128,129,130,131,132,133,134
16,17,18,19,20,21,22,23,24,25,26,28,29,30,32,33,34,35,38,41,42,45,46,47,49,50,51,54,55,56,59,60,61,62,63,64,65,67,68,69,70,72,73,75,76,77,78,79,80,81,82,83,84,86,87,88,90,91,92,93,94,95,96,97,98,99,100,101,102,103,105,108,109,110,111,112,113,114,115,116,117,118,119,120,121,122,124,125,126,127,128,129,131,132,133,134,135
17,18,19,21,22,24,25,27,28,29,30,32,33,34,35,36,37,38,39,40,42,44,45,46,47,48,49,50,51,52,53,54,55,56,57,58,61,62,64,65,66,67,68,69,70,73,74,76,79,80,81,82,84,85,86,87,88,90,91,92,93,94,95,96,98,99,100,101,102,103,104,105,107,108,110,111,112,113,114,115,116,117,118,120,121,122,124,125,127,128,129,130,131
18,19,20,21,23,25,28,29,32,33,34,35,36,38,39,40,41,42,43,44,45,47,48,51,53,54,55,58,60,61,63,64,66,67,68,69,70,71,73,74,77,78,80,81,82,84,85,86,88,89,90,92,93,95,96,97,98,100,101,102,103,104,105,106,107,108,109,111,112,113,114,115,118,119,120,121,125,127,128,129,131,132,133,135
19,20,21,22,23,24,25,26,27,29,30,31,32,33,34,35,36,37,38,39,40,41,42,43,45,47,48,49,51,52,53,54,55,56,57,58,59,60,62,64,65,66,69,71,72,74,75,76,77,78,79,80,81,82,83,84,87,88,89,90,91,92,93,94,96,97,98,99,100,101,102,103,104,106,107,108,109,110,111,113,114,115,116,117,119,120,121,122,123,124,126,127,128,130,131,132,133,134,135
20,21,22,24,25,26,31,33,34,35,36,37,38,41,42,43,47,50,51,52,53,55,56,57,59,60,61,62,63,64,65,66,67,70,71,72,73,74,75,76,77,78,79,80,81,83,84,85,86,87,88,89,90,92,93,94,96,98,99,100,101,103,104,105,107,108,111,112,114,115,116,119,120,121,122,123,124,125,126,127,128,129,131,132,133,134,135
21,22,25,26,27,28,29,31,32,33,35,37,38,39,40,41,42,43,44,45,46,47,48,49,50,51,52,54,55,57,59,61,63,64,65,66,67,69,70,71,72,73,74,75,77,78,79,80,82,83,84,85,86,88,89,90,91,92,93,94,100,101,102,104,105,106,107,108,109,111,112,113,115,116,117,118,119,120,121,122,123,124,125,126,127,128,129,130,131,132,133
22,23,24,25,26,28,29,30,31,32,33,34,36,37,38,40,41,42,43,44,47,48,49,50,53,54,55,56,57,58,61,63,64,68,69,71,72,73,76,77,78,79,80,81,83,84,85,86,87,88,89,90,91,92,94,95,96,97,98,99,100,101,102,103,104,105,106,107,108,109,110,111,112,113,114,115,116,117,118,119,120,121,123,124,125,127,129,130,131,132,133,134,135
23,24,25,26,27,29,30,31,32,33,34,36,37,38,39,40,43,44,46,49,50,52,53,54,55,56,57,59,60,61,62,63,64,65,67,69,71,74,75,76,77,78,79,80,81,82,83,84,86,87,88,89,90,91,92,93,96,97,98,99,101,102,103,104,105,106,107,109,110,111,112,113,114,115,116,117,118,119,120,121,122,123,124,125,126,127,128,129,130,131,133,134,135
24,25,26,27,28,29,30,32,33,35,36,37,38,39,40,41,42,44,45,46,47,50,51,52,53,54,55,56,57,58,59,60,62,64,66,67,68,69,70,71,72,73,74,76,77,78,79,80,81,82,83,85,86,87,88,90,91,92,93,94,95,96,97,98,99,101,103,104,105,107,108,109,110,111,112,113,114,115,116,117,118,119,120,121,122,123,124,125,126,127,128,129,130,132,133,134,135
25,26,27,28,29,30,31,32,33,34,35,36,38,39,42,43,44,45,47,48,49,50,51,52,53,54,55,56,57,58,59,60,61,64,65,66,67,68,69,71,72,74,75,76,77,78,79,81,82,83,84,86,87,89,90,91,93,97,98,99,100,101,102,103,104,108,109,110,111,112,113,114,115,117,121,122,123,124,125,126,127,128,130,131,132,133,134,135
26,27,28,29,30,31,32,33,34,36,37,38,40,41,42,43,45,46,47,49,50,53,54,55,56,57,58,59,60,62,64,65,66,68,69,70,73,74,75,76,77,78,79,80,81,82,83,84,85,86,87,88,89,90,91,93,94,95,96,97,98,99,100,101,102,103,104,105,106,107,108,109,110,111,112,113,114,115,116,117,120,121,122,123,124,126,128,129,131,132,133,134,135
27,30,31,33,34,35,37,39,41,43,44,45,46,47,48,49,50,52,53,55,56,57,59,60,62,63,67,68,69,70,71,73,74,76,77,79,80,82,83,84,85,86,87,88,89,90,91,92,93,96,97,98,99,100,101,102,103,104,105,107,108,109,110,111,112,114,115,116,117,118,119,122,123,124,125,126,127,128,129,130,131,132,133,134,135
28,29,30,33,34,35,36,37,38,40,41,42,43,45,46,48,49,52,53,55,56,57,59,60,61,62,65,66,67,68,69,70,71,73,74,75,76,77,78,81,82,83,84,85,87,88,89,90,91,92,93,95,99,100,101,103,104,105,106,107,108,109,110,111,113,114,115,116,117,118,119,121,122,123,124,125,126,127,128,129,130,131,133,134
29,31,33,34,35,36,37,38,39,40,41,42,43,44,45,46,48,49,50,51,52,53,57,58,59,60,62,63,65,66,67,68,69,70,71,72,73,74,75,76,77,78,79,82,83,84,85,86,87,88,90,91,92,94,95,96,97,98,99,100,101,102,103,104,105,106,107,109,110,114,115,116,117,118,121,122,123,124,125,126,127,128,129,132,134,135
30,31,32,34,35,36,38,39,40,41,42,43,44,45,46,47,49,50,51,52,53,54,55,56,57,58,60,61,62,63,64,65,67,68,69,70,71,72,73,74,75,76,77,78,79,81,83,86,88,91,92,93,95,96,99,100,102,103,104,105,106,107,108,111,112,113,115,116,117,118,119,120,121,122,124,126,127,128,129,130,131,132,133,134,135
31,32,33,34,36,39,40,41,42,43,44,45,46,48,50,51,52,53,55,56,58,59,61,62,64,65,66,67,68,70,72,73,75,76,77,78,80,81,83,84,85,86,87,88,90,92,93,94,95,96,97,98,99,100,101,103,104,105,106,107,108,109,110,112,113,114,115,116,117,118,121,122,124,125,126,127,129,130,131,134
32,33,34,35,36,37,38,40,41,42,43,44,47,48,49,50,53,55,56,59,60,63,64,65,67,68,69,70,71,72,74,75,77,78,79,80,81,82,84,85,86,87,88,89,90,91,92,93,94,95,96,99,100,101,103,104,106,107,108,109,110,111,112,113,114,115,116,117,118,121,122,124,125,126,127,128,129,130,131,132,133,134,135
33,35,36,37,38,41,42,43,44,45,46,48,50,51,52,53,54,55,56,57,58,59,62,63,64,65,66,68,69,72,73,75,78,79,81,82,83,84,85,86,87,88,89,90,91,93,95,97,100,101,102,103,105,107,108,109,110,111,112,113,114,117,119,120,122,123,124,125,126,127,128,129,130,131,132,133,134,135
34,35,36,38,39,40,41,42,43,44,45,46,49,50,51,52,53,54,55,56,58,59,60,61,63,64,66,67,68,70,72,73,74,75,76,77,78,79,80,81,82,84,85,86,87,88,90,91,92,93,94,95,97,98,100,101,102,103,104,105,106,107,110,111,112,113,114,115,116,117,118,119,120,121,124,126,128,130,131,132,133,135
35,37,38,39,40,41,42,43,44,45,48,49,50,51,54,55,56,57,58,60,62,64,67,68,69,70,71,72,73,74,75,76,78,80,81,82,83,86,87,88,89,90,91,92,93,94,96,97,98,99,101,103,104,105,106,109,110,111,112,113,114,115,116,117,118,119,120,121,122,123,124,125,126,127,128,129,131,132,133,134,135
36,37,38,40,41,42,43,44,45,46,47,49,50,52,53,54,56,57,58,59,60,62,65,66,67,68,70,71,72,73,74,77,78,79,81,82,83,84,85,86,87,90,91,94,95,96,98,100,101,102,103,104,105,107,111,112,113,114,115,116,117,118,119,120,121,122,124,125,128,129,130,131,132,133,135
37,38,40,41,42,43,44,45,46,47,48,49,50,51,52,54,55,56,57,59,60,61,62,63,65,66,67,68,70,71,72,74,75,76,77,78,79,81,82,84,85,87,88,90,91,92,93,95,96,98,99,100,101,102,103,104,106,107,108,109,111,112,113,115,116,117,118,119,121,122,123,124,127,128,129,130,131,132,133,135
38,39,40,41,43,45,47,48,49,50,51,52,54,55,56,57,58,59,60,61,62,63,64,65,66,67,68,70,72,73,74,75,76,77,78,79,80,81,82,83,85,86,87,88,89,90,91,92,93,94,95,96,97,99,100,101,102,103,104,105,106,107,108,110,112,113,114,115,116,117,118,120,121,122,123,124,125,126,127,130,131,132,134,135
39,40,41,42,43,44,45,46,47,48,50,51,52,53,54,55,56,57,59,60,61,63,66,68,70,71,73,74,76,77,78,79,80,82,83,85,87,88,89,90,91,92,93,94,95,96,97,98,100,101,102,103,104,106,107,108,109,111,114,115,116,117,120,121,122,123,124,125,126,127,128,129,130,131,132,134
40,41,42,43,45,46,47,48,49,51,52,53,54,55,56,57,59,61,62,64,65,66,67,70,71,72,73,74,75,76,78,79,80,81,83,84,85,86,87,88,89,90,91,95,96,97,98,99,100,101,102,104,105,108,109,111,113,114,115,116,117,118,119,120,121,122,123,124,125,126,128,130,131,132,133,135
41,42,43,44,45,46,47,48,49,50,52,53,54,55,56,57,59,60,61,62,63,66,67,69,70,71,72,73,74,75,76,77,78,79,80,81,82,83,84,85,86,87,88,89,90,91,93,94,97,98,99,100,101,102,103,104,105,106,107,108,110,112,114,117,118,119,120,121,122,123,125,126,128,129,130,131,133,135
42,43,44,45,46,47,48,51,52,53,54,60,61,62,63,64,65,66,67,68,69,70,71,73,74,75,76,78,81,83,84,85,86,88,89,90,91,92,93,94,95,96,98,99,100,102,103,104,105,106,107,108,110,112,113,114,115,118,119,120,121,122,124,125,126,127,128,130,131,132,133,134,135
43,44,46,48,49,51,53,54,55,56,57,58,60,61,62,63,64,65,66,67,68,69,70,74,75,76,77,78,81,82,83,84,85,86,88,90,91,92,93,94,95,96,97,101,104,105,106,107,108,110,111,112,113,114,115,116,117,118,119,120,121,122,123,125,126,127,128,130,131,132,133,134,135
44,45,46,47,48,49,50,51,53,55,56,57,58,59,60,61,62,63,64,65,66,67,68,69,71,72,74,75,76,77,78,79,80,82,83,84,85,86,88,90,91,92,94,96,97,98,100,102,103,105,108,109,110,111,112,113,114,115,116,117,118,119,120,121,123,125,127,128,129,130,131,132,134
45,46,47,48,49,50,51,52,53,54,55,56,57,58,59,60,63,65,66,67,68,69,70,71,73,74,75,76,77,78,79,80,81,82,83,85,88,89,90,91,92,93,94,95,96,97,98,99,100,101,102,103,105,106,107,109,110,111,112,113,114,116,117,118,119,121,122,123,124,126,127,128,130,131,133,134
46,47,49,50,51,52,56,57,59,60,61,63,64,65,66,67,69,70,71,73,75,76,77,78,81,82,83,84,86,87,88,90,91,92,93,94,95,96,99,100,101,102,103,104,105,106,107,108,110,111,112,113,114,115,116,117,119,120,121,122,123,124,125,126,127,128,129,130,131,132,133,134,135
47,48,49,50,51,53,54,55,56,57,58,59,60,61,63,65,66,68,69,70,71,72,73,75,76,77,78,79,80,81,82,84,85,87,88,89,90,91,92,93,94,95,96,97,98,99,102,103,104,106,107,109,110,111,112,113,114,115,116,117,118,119,122,123,125,126,128,129,130,132,135
48,49,53,54,56,57,58,59,61,62,63,64,65,66,69,72,73,74,76,77,78,81,83,84,86,87,88,89,90,91,92,93,94,96,97,98,99,100,101,102,103,104,105,106,107,108,109,110,112,113,114,115,116,117,118,119,120,121,122,123,124,125,126,127,130,131,132,133
49,50,51,52,53,54,55,56,57,58,59,60,61,62,63,64,65,66,69,71,72,73,74,75,77,78,79,81,82,83,84,85,86,87,89,91,92,94,96,99,101,102,103,104,106,108,109,110,111,112,113,114,115,116,117,118,119,120,121,123,124,125,127,128,129,130,132,133,134,135
50,51,52,53,54,55,56,57,58,59,60,63,65,68,70,72,73,74,75,76,78,79,80,81,82,84,85,86,87,91,92,93,94,95,96,98,99,100,101,102,103,104,105,107,108,109,110,111,112,113,115,116,118,119,121,122,123,124,126,127,128,129,130,131,132,133,134
51,52,53,54,55,56,58,60,62,63,65,66,67,68,70,72,73,75,77,78,79,80,82,83,84,85,86,88,90,91,92,93,94,95,96,98,99,100,101,102,103,105,107,108,109,110,111,113,115,116,118,119,120,121,122,123,124,125,126,127,129,130,131,132,133,134,135
52,53,54,55,56,57,58,59,60,61,62,63,64,65,66,67,68,69,70,71,72,74,75,77,78,79,80,81,82,83,84,86,87,88,89,90,91,93,94,95,96,98,99,100,101,105,106,107,108,109,110,111,113,114,115,116,118,119,120,121,122,123,125,126,128,129,130,131,132,133,134,135
53,54,55,58,59,60,61,62,63,64,68,70,71,72,74,75,76,77,79,81,82,83,84,85,86,88,89,90,91,93,94,95,97,98,101,103,104,105,106,107,108,109,110,111,114,115,117,118,119,120,121,122,123,124,125,126,127,128,129,130,131,134
54,55,56,58,59,60,63,64,65,66,71,72,73,74,75,76,77,78,81,82,83,84,86,87,88,89,90,91,92,93,94,97,98,99,100,101,102,103,104,105,106,107,108,109,110,113,114,115,116,117,118,119,120,121,122,123,124,125,126,129,130,131,132,133,134,135
55,57,58,59,60,61,62,64,65,66,67,68,71,72,73,74,75,79,80,81,82,83,84,85,86,89,90,91,92,93,94,95,96,97,98,99,101,102,103,104,105,106,107,108,109,110,111,112,114,115,118,120,121,122,123,124,126,128,129,130,131,132,133,134,135
56,57,58,60,61,62,63,64,65,66,67,68,69,70,71,72,73,74,76,77,78,80,81,82,83,85,86,87,88,89,90,92,93,94,95,97,98,99,101,102,103,104,105,106,107,108,109,110,111,112,113,117,120,122,123,125,126,127,128,129,130,131,132,133,134,135
57,58,59,60,61,62,63,64,65,66,67,68,69,71,72,73,74,75,78,81,83,84,86,87,88,89,91,92,97,98,99,100,101,103,104,105,106,107,109,112,113,114,116,117,118,119,120,121,122,123,124,127,128,129,130,131,132,133,134
58,59,60,61,62,63,64,66,67,69,70,71,72,73,74,75,76,77,78,79,81,82,83,84,85,86,90,91,92,93,94,95,96,98,99,100,101,102,103,105,106,107,108,109,110,111,112,113,114,115,116,117,118,121,122,123,124,125,126,127,128,129,130,131,133
59,60,61,62,64,65,67,68,69,70,71,74,75,76,77,78,79,80,82,84,87,88,89,90,91,92,93,94,97,98,99,100,102,103,104,105,106,107,108,110,111,113,114,115,116,118,120,121,123,124,125,126,127,128,129,130,131,132,134,135
60,61,62,63,64,66,68,69,70,72,73,74,76,77,78,79,80,81,82,83,84,87,88,89,90,91,92,93,96,97,98,101,102,103,104,105,106,107,108,109,110,111,112,113,114,115,116,117,118,119,120,122,124,125,126,127,129,130,131,132,133,134,135
61,62,63,64,65,66,67,68,69,70,71,72,73,74,75,76,78,79,80,81,82,83,84,85,86,88,89,90,91,94,95,96,98,99,100,101,102,103,104,105,106,107,108,109,110,111,112,113,115,116,117,118,120,121,122,123,124,125,126,127,128,129,131,132,133,134,135
62,63,64,66,67,69,70,71,73,75,76,77,78,79,80,81,82,84,85,87,88,89,90,91,92,93,94,95,97,98,99,101,102,103,104,105,106,107,110,111,112,113,114,115,116,117,120,121,122,123,124,126,127,128,129,130,131,132,133,134
63,64,65,66,67,68,69,70,71,72,73,74,76,78,79,80,82,84,85,87,89,90,91,92,93,94,96,97,98,99,100,101,103,105,106,107,108,109,110,111,112,113,114,115,116,117,119,120,121,123,124,125,129,130,131,132,133,135
64,65,66,67,68,70,71,72,73,75,76,78,79,80,81,82,83,84,85,86,87,88,89,91,92,93,94,95,97,98,99,100,101,102,103,105,106,107,108,109,111,113,114,115,116,118,119,121,128,129,130,131,132,133,134,135
65,67,68,69,70,71,73,75,77,78,79,80,81,83,84,86,87,88,89,91,92,94,95,96,97,98,99,102,103,104,105,106,107,109,110,112,113,114,116,117,118,119,120,121,122,123,124,125,126,128,130,131,133,135
66,67,69,70,71,72,74,75,76,78,79,80,81,82,83,84,85,86,89,90,91,92,93,94,95,96,98,99,101,102,103,104,105,106,107,108,109,110,111,112,113,115,116,117,118,119,120,121,122,123,128,130,131,132,133,134,135
67,68,69,70,71,73,76,77,79,82,83,85,86,87,88,89,90,92,93,94,95,96,97,98,99,100,101,103,105,106,109,110,111,112,113,114,115,116,118,119,120,121,122,123,124,125,129,130,131,133,134,135
68,69,70,72,73,74,75,76,77,78,80,82,84,85,88,89,90,91,92,94,95,96,98,99,100,101,102,104,105,106,107,108,109,110,111,112,115,116,117,118,120,121,122,123,124,125,126,127,128,129,130,131,132,133,135
69,70,72,73,74,75,76,78,79,80,81,82,85,87,89,90,91,92,93,95,96,97,99,101,102,103,104,105,106,107,108,111,113,116,117,119,120,121,122,123,127,129,131,132,133,134,135
70,71,72,73,74,75,76,77,78,79,80,82,84,85,86,87,90,91,92,94,95,96,97,98,100,102,105,106,107,108,109,110,112,113,115,116,117,118,119,120,121,122,123,124,125,126,127,128,129,131,132,133,134,135
71,72,73,74,75,76,77,78,79,80,81,83,84,85,86,88,89,90,91,93,95,96,97,98,99,100,103,104,105,107,108,109,110,111,112,113,114,115,116,117,118,119,122,123,124,125,126,127,128,129,131,132,133,135
72,73,75,76,77,78,79,83,84,86,88,89,90,91,92,93,94,95,97,98,99,100,101,102,103,105,106,108,109,110,111,112,113,114,115,116,117,118,119,120,121,122,123,124,125,126,128,129,130,132,133
73,74,75,76,77,78,79,80,81,82,84,85,86,90,91,92,93,95,96,97,98,99,100,102,103,105,107,109,111,112,113,114,115,117,118,119,120,121,123,124,125,126,127,128,129,130,131,132,133,134,135
74,75,76,78,79,81,82,83,84,85,86,87,88,89,90,91,92,93,94,95,96,97,98,99,100,101,102,103,104,106,107,108,109,110,112,114,116,117,118,120,121,122,126,127,128,129,130,131,132,133,135
75,76,77,78,79,80,81,82,85,86,87,88,89,90,91,92,94,95,96,97,98,99,100,101,103,105,107,108,109,110,111,112,114,116,117,118,119,120,122,123,124,125,127,128,129,130,131,135
76,77,78,79,81,82,83,84,85,86,87,89,90,91,92,93,94,95,96,97,98,99,100,101,102,103,105,106,107,108,109,112,113,115,118,119,120,121,123,124,125,126,127,128,129,130,131,132,133,134,135
77,78,79,80,81,82,83,84,85,86,87,88,89,90,92,94,95,96,97,98,100,102,103,105,106,107,109,110,111,113,114,115,117,118,119,121,122,123,124,125,127,129,130,131,132,133,135
78,79,81,82,83,84,85,86,89,91,92,93,94,95,97,98,99,100,101,103,106,107,109,111,112,113,114,115,116,117,118,119,120,121,122,123,124,125,126,127,128,129,130,131,132,134,135
79,80,81,83,84,85,86,88,89,90,92,93,94,95,96,97,98,99,100,101,102,103,104,105,106,107,109,110,112,113,114,115,116,117,118,120,121,122,123,124,125,126,127,128,129,130,131,132,133,134,135
80,81,83,84,85,86,87,89,90,91,92,93,94,95,96,98,99,100,102,103,104,105,106,107,108,110,111,112,113,114,116,117,118,119,120,121,122,124,125,127,128,129,130,132,134,135
81,82,84,85,86,87,89,91,93,94,96,98,99,100,101,103,104,107,110,112,114,115,118,120,122,123,124,129,132,133,134,135
82,83,84,85,86,87,88,90,91,92,93,94,95,96,97,98,99,100,102,103,104,105,106,107,108,109,110,111,112,113,114,115,116,117,118,119,120,121,122,125,127,129,130,131,132,135
83,84,85,87,88,89,91,92,93,95,96,97,98,103,105,106,107,108,110,111,113,115,116,117,118,119,120,123,124,125,126,128,129,130,132,133,135
84,85,86,87,91,93,94,95,96,97,98,99,100,101,102,103,104,105,107,108,109,110,111,112,113,114,115,116,117,118,119,120,122,123,125,126,127,130,131,132,134,135
85,86,87,89,90,91,92,93,95,96,97,99,100,101,103,104,107,109,110,111,112,116,117,118,119,120,122,124,125,126,128,129,130,133,134,135
86,87,88,89,90,91,92,93,94,95,96,97,99,100,101,102,103,106,107,109,110,112,114,116,118,119,120,121,122,123,124,125,127,128,130,131,133,134,135
87,88,89,90,91,92,93,94,95,96,97,98,99,100,105,107,108,109,110,111,112,113,114,115,116,117,118,119,120,121,123,124,125,126,127,128,129,130,132,133,134
88,89,92,93,95,96,97,98,99,101,103,104,105,106,107,108,109,110,111,112,113,114,115,116,118,119,120,123,124,125,126,127,128,129,130,132,133,134,135
89,90,91,92,93,94,95,96,98,101,102,103,104,106,107,108,110,111,112,113,114,115,116,117,118,119,120,123,124,125,126,127,128,130,131,133
90,91,92,93,94,95,96,97,98,99,101,103,106,107,108,109,111,112,113,114,116,117,119,120,121,122,125,128,129,130,131,132,133,134,135
91,92,94,95,96,97,98,99,100,104,105,106,107,108,109,110,111,112,113,115,116,117,118,119,121,122,124,125,126,128,129,130,131,134,135
92,93,94,95,96,97,98,99,100,101,102,103,104,105,107,110,111,112,113,114,115,116,117,119,120,122,123,124,125,126,127,128,132,133,134,135
93,94,95,96,97,98,99,100,101,102,103,105,106,107,108,109,110,111,113,114,115,116,118,119,120,122,124,125,126,127,128,129,130,131,132,133,134,135
94,95,96,97,99,100,101,102,103,104,105,107,108,110,111,112,113,114,115,116,117,118,120,121,122,123,124,125,126,127,128,129,130,131,132,133
95,96,97,98,100,101,102,103,107,109,110,111,112,114,115,116,118,119,120,122,123,125,126,127,129,130,131,132,133,134,135
96,98,99,100,101,102,103,104,107,109,110,111,112,115,116,117,118,119,120,122,123,125,127,128,129,130,131,132,133,134,135
97,98,99,100,101,102,103,104,106,107,108,109,110,112,114,116,117,118,119,120,121,122,123,124,125,126,128,129,130,131,132,133,134,135
98,99,100,101,102,104,105,106,107,108,110,112,114,115,117,118,119,120,121,122,123,125,126,127,128,129,130,132
99,100,101,102,103,104,105,106,108,109,110,111,113,114,115,116,117,118,119,120,121,122,123,125,126,127,128,129,132,133,134,135
100,101,102,103,104,105,106,107,108,109,110,111,112,113,114,115,116,117,118,119,120,121,122,123,124,125,126,129,131,132,133,135
101,102,103,104,105,107,108,109,110,111,112,113,115,116,118,119,121,122,123,125,126,127,128,129,131,132,134
102,103,105,107,108,109,110,111,112,113,114,115,116,117,118,119,120,121,122,123,124,125,126,127,128,129,131,132,133,134,135
103,104,105,106,108,109,110,112,113,114,115,116,119,120,121,122,124,125,126,127,130,131,132,133,134,135
104,105,106,109,110,111,112,113,114,115,117,118,119,120,121,123,124,125,128,129,132,133
105,106,108,109,111,115,116,117,118,119,120,121,122,123,124,125,126,127,129,130,131,132,134,135
106,107,108,109,111,112,113,116,118,119,121,122,123,124,125,126,127,128,129,130,131,132,133,134,135
107,108,113,114,115,117,118,119,122,124,126,128,129,130,131,132,133,134,135
108,113,114,115,116,117,118,119,121,123,124,127,128,129,130,131,132,133,134,135
109,110,111,112,113,114,115,116,117,118,120,122,123,124,125,126,128,130,131,132,133,134,135
110,112,114,115,118,119,120,122,123,124,125,126,127,128,129,130,131,133,134,135
111,113,114,115,116,117,118,120,121,122,123,124,125,126,127,129,130,131,132,133,135
112,115,116,117,118,119,120,121,122,125,127,129,130,131,132,133,134,135
113,115,116,117,118,120,121,122,124,125,126,127,128,129,130,131,132,135
114,115,117,118,119,120,121,122,125,127,128,129,131,132,133,134,135
115,116,117,118,119,120,121,122,123,124,127,128,131,132,133,134
116,117,118,119,120,121,122,124,125,126,127,129,130,131,132,133,135
117,119,121,122,123,124,125,127,128,129,130,131,134,135
118,119,120,121,122,123,124,126,127,128,130,131,132,134,135
119,120,121,122,123,124,125,126,127,128,129,130,131,132,133,134,135
120,121,122,123,124,125,127,128,129,131,135
121,122,125,127,129,130,132,133,134,135
122,123,124,127,128,130,131,132,133,135
123,124,125,126,127,128,129,130,131,132,133
124,125,126,127,128,129,130,131,133,134,135
125,126,127,128,129,130,131,133,134
126,127,128,129,130,131,132,133,134,135
127,128,129,130,131,132,133,134,135
128,130,132,133,134,135
129,130,131,133,134,135
130,131,132,135
131,133,134,135
132,133,134
133,134,135
134,135
135
