n_nodes:59
n_edges:256
density:0.14962
0,48,11,28,30
1,32,33,19,20,51,25,13,14,29
2,51,36,22,7,52,11,30
3,43,37,22,40,54,58,11,45,15
4,16,57,22,31
5,40,43,35,30,56
6,10,47,44,38,31
7,18,46,39,24,41,10,11,28,30
8,16,34,44,13,46
9,32,49,18,54,56,24,27,28,13,30,31
10,33,36,40,12,13,49,20,53,22,56,24,31
11,33,37,34,56,55,12,29
12,48,34,36,22,52,28,30,31
13,35,52,21,33,27,15
14,34,57,38,39,47,42,27,44,15
15,32,34,39,40,45,52,21,24,29
16,33,50,37,40
17,33,21,54,25,26,42,46
18,32,19,25,21,24,53
19,48,52,53,23
20,52,57,24,41,43,31
21,32,42,58,26,31,29
22,33,53,52,43
23,24,58
24,55,50,48,54,25,26
25,41,44,31
26,35,43,33,57,27,46,51
27,50,33,34,35,40,28,44
28,51,40,31
29,32,35,37,42,43,51,55,57
30,32,33,45
31,56,58
32,35,38,39,47
33,42
34,37,40,41,45,46,51,54
35,37,55,45,41
36,50
37,53,43
38,50,52,55,56
39,54,42,58
40,47,50
41,49,58,43,55,47
42,43,46,53
43,50
44,56,46,55,45
45,53
46,50,57,47
47,49,51,57
48,51,53,54,58
49,57,55
50
51,54,58
52,58
53
54,57,58
55
56
57
58
