n_nodes:31
n_edges:206
density:0.44301
0,1,2,4,8,9,10,11,17,20,24,26,27,28
1,2,3,7,12,14,15,16,17,18,19,20,24,26,27,30
2,3,5,6,8,9,10,11,16,24,25
3,20,21,22,17,23,18,14
4,5,6,7,9,10,11,14,17,18,20,22,23,25,26,27,28,29
5,10,11,14,17,18,19,20,22,25,26,28,30
6,7,8,10,13,14,16,18,19,20,21,22,26,29
7,8,9,11,13,15,20,21,23,24,28,29,30
8,10,16,17,18,19,21,22,23,28,30
9,25,20,10,11,28,26,15
10,14,15,16,17,18,27
11,14,17,20,23,24,25,26,28,30
12,27,19,21,14
13,19,22,26,27,29,15
14,15,17,18,19,20,21,22,28,29
15,18,21,23,26,29,30
16,18,19,20,22,24,26,27,28
17,20,22,23,24,25,26,27,28,29,30
18,21,24,26
19,26,30,22
20,22,23,25,27,30
21,23,24,25,26,27
22,24,26,28,29,30
23,24,26,29,30
24,29
25,30,28
26
27,28,30
28,29
29,30
30
