n_nodes:134
n_edges:6002
density:0.67355
0,4,6,7,10,11,13,14,15,16,17,18,19,20,22,25,26,27,28,29,30,31,32,33,34,36,37,39,40,41,42,43,44,45,47,48,50,53,54,55,56,57,58,59,60,63,65,67,71,75,76,79,80,81,83,84,85,86,88,89,91,93,95,96,97,100,101,103,105,109,110,111,112,113,114,115,117,118,119,120,121,122,123,124,125,126,127,128,130,131,132,133
1,2,3,4,5,7,8,10,12,13,14,16,17,18,19,21,22,23,24,25,27,28,29,30,32,33,34,35,37,38,40,41,43,48,49,50,52,53,54,55,56,57,58,59,61,62,63,64,65,66,68,69,70,71,73,74,75,77,80,82,84,85,86,87,88,89,90,91,93,94,96,101,103,105,106,109,110,111,112,115,116,117,118,119,120,121,123,124,125,126,130,133
2,3,4,7,9,11,12,13,14,15,16,18,19,20,21,23,25,26,27,28,29,31,33,34,35,36,37,38,39,40,41,44,45,47,48,49,50,52,53,57,58,59,60,61,63,64,66,67,68,69,74,75,77,78,81,82,83,85,87,89,90,91,92,93,94,95,99,100,101,104,105,106,107,109,111,112,115,117,118,123,125,126,127,130,131,133
3,5,6,8,10,12,13,15,17,18,19,20,21,22,25,27,28,29,33,36,37,38,40,41,43,44,45,46,49,50,51,52,54,55,58,59,60,61,62,63,65,66,67,68,70,71,73,74,77,79,81,83,85,86,87,89,90,91,92,93,95,96,97,98,99,100,101,103,104,105,107,108,110,111,113,114,115,116,117,119,121,124,129,130,132,133
4,8,9,10,11,12,13,17,19,20,21,22,23,24,25,26,29,30,31,32,33,35,37,38,39,40,41,42,43,44,49,50,52,53,54,55,56,58,60,61,62,67,69,70,72,74,75,76,77,80,82,83,85,86,88,89,90,91,92,93,94,95,98,99,100,101,102,103,105,106,107,109,110,111,112,113,116,118,119,120,123,124,125,126,127,130,133
5,7,8,10,11,12,14,15,17,18,19,20,21,24,25,26,27,28,29,30,31,35,36,37,38,39,40,41,43,44,46,48,50,51,54,55,56,57,58,60,61,64,66,67,68,69,72,73,75,77,78,79,81,83,86,87,88,90,91,92,93,96,98,99,100,102,103,104,106,107,108,109,110,114,115,116,117,119,121,122,124,125,126,129,133
6,7,8,9,10,11,12,15,18,19,20,21,22,23,24,25,26,27,28,29,30,31,32,35,37,39,40,41,42,43,44,45,46,47,49,50,51,52,54,55,57,58,59,60,64,65,67,68,69,70,71,73,75,77,78,79,81,82,83,86,87,88,90,91,93,94,96,97,98,100,101,102,103,104,105,108,110,111,112,113,114,117,120,124,125,126,127,129,130,131,132,133
7,8,9,10,11,12,14,15,17,19,20,21,23,26,27,28,29,30,31,32,34,36,37,38,42,43,44,45,46,47,48,49,50,51,53,55,56,57,58,59,60,61,64,66,67,70,73,76,77,80,82,83,84,85,86,87,88,89,90,91,92,94,98,99,100,101,102,103,104,105,106,108,109,110,111,112,113,114,115,116,117,118,119,120,121,125,128,129,130,132,133
8,10,11,12,14,18,21,23,24,25,27,28,29,30,31,32,33,35,37,38,39,40,45,46,47,49,50,51,52,53,54,56,58,59,60,61,63,64,65,66,67,69,70,71,73,75,76,77,79,80,82,83,84,85,86,92,93,94,97,100,102,104,105,106,108,109,112,113,114,116,118,119,120,121,122,123,124,125,126,127,128,131,132
9,10,12,13,15,16,17,18,19,22,23,24,27,30,32,33,35,38,40,41,43,45,48,49,50,51,52,53,56,57,59,62,63,64,65,66,68,69,70,71,72,73,74,77,78,79,80,82,84,86,88,89,90,91,92,93,94,95,96,100,102,103,104,105,106,108,110,111,113,114,115,116,119,120,121,122,123,124,125,127,129,131,132
10,12,14,16,18,19,20,23,24,25,26,27,28,30,31,32,33,34,35,36,41,42,43,44,46,47,49,51,53,55,60,61,62,63,64,65,66,67,70,71,72,73,74,76,77,78,79,80,81,83,85,86,87,88,89,92,94,99,100,102,103,105,106,107,109,110,111,114,115,116,117,118,119,120,121,124,126,127,129,130,132
11,128,131,132,12,13,14,19,20,21,22,25,26,27,28,30,32,33,34,35,37,38,39,129,42,43,44,47,48,51,52,53,54,57,60,61,62,63,65,66,67,68,70,72,73,74,77,78,79,87,88,90,91,130,93,94,95,97,98,99,101,102,103,104,111,112,113,115,117,118,119,120,122,123,124,125,126,127
12,14,16,18,19,20,21,22,23,24,27,28,29,31,32,33,36,37,38,39,40,41,46,47,48,50,51,52,53,54,55,56,58,60,61,63,64,65,67,68,69,70,71,72,73,74,77,78,79,80,82,84,86,87,88,91,93,94,95,97,98,99,100,101,102,103,104,105,106,107,108,109,110,111,112,116,117,118,120,121,122,123,127,128,129,130,131,132,133
13,15,16,17,18,19,20,21,22,23,24,25,26,27,28,29,32,33,36,37,38,39,41,42,43,45,47,48,52,53,54,55,57,58,59,60,61,62,66,67,68,69,71,74,75,77,78,80,81,82,85,86,87,89,90,91,96,98,99,100,101,102,105,109,110,112,113,114,115,116,117,118,119,120,121,123,124,126,128,131,132,133
14,15,16,17,18,20,23,24,25,26,27,28,30,32,33,35,36,37,40,46,50,51,52,53,54,56,58,59,61,62,63,64,65,68,69,70,72,73,74,75,77,78,80,81,84,86,87,89,90,92,94,95,96,97,98,99,100,101,102,103,104,105,106,109,111,113,114,115,118,119,120,121,123,124,125,127,129,130,132,133
15,16,17,18,19,20,21,22,23,24,28,29,30,32,33,34,36,39,41,45,46,47,48,50,51,52,53,55,56,57,59,62,63,65,66,67,68,70,71,72,75,78,79,80,81,82,83,84,86,87,88,89,90,92,94,95,98,99,102,103,104,105,106,107,108,112,113,114,116,117,119,120,123,124,125,126,128,129,132,133
16,17,18,19,21,23,24,25,26,28,30,31,32,33,34,35,38,39,40,41,44,45,46,47,48,49,51,52,53,54,55,56,57,58,59,60,61,62,63,64,66,68,69,72,74,76,78,79,80,81,86,87,88,90,92,93,94,95,96,98,99,103,104,107,109,112,113,114,116,117,119,121,124,125,126,127,128,129,130,131,133
17,18,19,20,21,22,24,25,28,29,30,31,32,33,34,35,36,37,38,39,40,41,44,45,47,48,49,50,52,54,55,56,59,60,61,65,66,67,68,69,71,73,74,75,77,79,80,81,82,83,85,86,87,88,90,92,94,95,96,98,99,100,101,102,103,105,106,107,110,111,112,113,114,116,117,119,121,122,123,127,129,130,131
18,20,21,22,23,25,27,28,29,32,34,35,36,39,40,41,42,43,44,45,46,48,49,50,53,54,55,56,57,58,59,60,62,66,67,68,69,70,74,77,79,80,82,83,84,85,86,88,89,90,91,92,93,94,95,96,97,99,100,102,103,104,106,107,108,109,111,112,113,114,115,117,118,120,121,122,123,124,125,127,128,129,130,131,132,133
19,20,21,22,23,24,27,28,29,30,32,34,35,36,40,41,46,47,48,50,55,56,58,60,64,65,67,68,70,71,72,75,76,77,78,79,81,83,84,85,86,87,88,89,90,91,92,93,94,95,96,97,98,102,103,104,105,107,108,113,114,116,117,122,124,125,126,127,128,129,130,132
20,22,26,27,28,29,30,32,33,34,35,36,38,40,42,43,44,46,47,48,49,50,52,53,54,55,58,59,60,61,62,63,64,65,66,67,70,71,72,74,75,76,77,79,81,82,83,84,87,88,89,90,91,92,95,96,98,99,100,101,108,110,111,113,114,116,117,118,119,122,123,124,125,126,130,131,132,133
21,22,24,25,26,27,29,30,31,32,34,35,36,39,41,43,44,45,46,48,49,50,51,53,55,56,58,59,61,62,63,67,69,70,71,72,73,74,75,76,77,78,82,84,86,89,90,91,93,95,96,97,98,100,105,106,108,111,112,114,115,117,118,119,120,121,122,123,125,126,127,128,130,132
22,24,26,27,28,30,31,32,33,35,37,38,39,40,41,44,45,49,50,52,53,54,55,56,57,60,61,62,65,66,67,69,70,72,74,75,76,77,78,79,80,81,84,85,86,87,90,91,93,94,95,96,97,99,101,102,103,105,108,109,110,112,113,114,116,118,120,121,123,124,126,127,128,131,132
23,128,132,24,25,26,28,29,30,32,35,36,37,38,39,40,41,42,43,44,45,46,47,48,49,50,51,53,54,57,59,60,61,62,63,64,67,129,71,73,75,76,77,79,81,82,84,85,92,94,96,100,102,104,105,107,108,110,112,113,115,116,118,119,120,122,124,126,127
24,28,29,30,31,33,34,35,39,40,41,43,44,46,48,49,50,51,52,54,57,58,59,61,62,65,67,68,70,71,72,74,75,77,79,82,84,85,86,87,88,89,92,94,96,97,98,100,101,102,103,105,106,107,108,109,110,111,114,115,116,117,118,119,121,122,124,126,128,129,130,131,132
25,132,26,27,28,29,32,34,36,41,42,43,46,48,49,50,51,52,53,54,58,63,65,66,69,70,72,73,74,76,77,80,84,85,86,88,89,90,91,94,130,97,98,99,100,103,105,106,108,109,110,111,112,113,114,115,116,119,121,122,124,125,126,127
26,27,29,31,33,34,35,36,37,38,41,43,44,45,46,49,50,51,52,53,56,58,60,62,63,64,66,67,68,69,70,72,75,76,77,78,79,80,83,84,85,86,87,88,89,90,92,94,98,99,100,101,102,103,104,105,107,108,109,110,111,112,113,114,115,116,117,118,119,120,122,123,125,127,128,129,130,131,132
27,28,30,31,32,33,35,37,38,39,40,41,42,44,45,46,47,48,49,50,52,53,54,55,56,57,62,63,67,68,69,70,71,73,74,75,76,77,79,80,81,82,83,85,87,91,92,93,94,95,96,97,98,99,100,101,102,105,108,110,111,112,113,114,116,118,119,121,123,124,125,126,128,129,130,131,132,133
28,132,128,32,33,133,129,41,42,49,50,51,52,54,55,56,57,59,61,64,65,68,69,70,71,74,75,77,78,80,81,82,83,84,85,87,88,89,92,93,130,98,131,102,103,105,108,109,110,112,113,114,115,116,117,118,120,121,123,124,126,127
29,32,33,34,35,37,39,41,44,45,46,47,48,49,50,52,53,56,57,58,59,60,61,62,66,68,69,70,71,74,75,78,79,80,81,88,89,90,92,93,94,95,97,98,100,101,104,106,107,108,111,112,113,114,115,116,117,118,119,120,121,124,125,126,127,128,129,131,133
30,31,32,33,36,38,39,41,42,43,44,45,48,50,52,53,54,55,56,58,59,63,64,66,67,68,69,70,72,73,74,76,77,81,83,84,85,86,87,88,89,90,93,94,95,97,98,102,103,104,105,106,107,108,110,111,113,114,115,116,117,119,120,121,124,125,127,128,129,131,132
31,130,132,36,37,39,40,41,42,43,44,45,48,49,52,53,55,56,57,58,59,60,61,62,63,64,65,69,70,71,72,73,74,76,78,79,80,81,83,85,86,89,90,91,92,93,94,96,97,99,100,101,102,103,106,107,110,113,114,118,119,121,125,126,127
32,34,35,36,37,39,41,42,43,44,45,46,47,48,49,52,53,54,56,58,60,61,62,63,65,66,67,68,69,71,72,74,76,77,78,80,82,83,84,85,86,88,89,90,91,92,93,95,96,97,98,104,105,107,108,109,110,111,112,113,114,117,118,120,121,122,123,124,125,126,127,129,130,131,132
33,34,35,36,39,40,42,43,44,48,49,50,51,52,53,56,59,60,61,65,68,73,74,75,76,77,78,80,81,82,83,85,87,88,89,91,92,93,94,95,97,98,99,102,103,104,105,106,108,109,110,111,114,115,116,117,119,121,122,123,125,128,129,130,131,132
34,36,37,39,40,42,44,45,46,47,50,51,52,53,54,55,57,58,59,60,61,62,63,64,65,68,69,70,74,76,77,78,79,81,82,83,84,88,91,92,93,95,97,98,99,100,101,102,103,106,107,108,109,111,112,113,114,115,116,117,118,119,120,121,122,123,124,125,126,127,128,129,130,131,132,133
35,37,38,39,41,42,43,44,45,46,47,49,50,51,52,54,55,56,57,59,60,64,65,67,68,69,72,73,74,76,77,78,81,82,83,85,86,87,88,89,90,92,93,94,95,99,102,104,105,107,108,109,112,116,117,119,121,124,125,126,127,128,130,131,133
36,38,39,41,42,45,46,47,49,51,52,53,54,57,58,61,63,64,65,66,67,68,69,70,71,72,73,75,77,78,80,81,82,84,86,87,88,89,90,93,94,96,97,98,99,100,101,102,103,104,105,106,108,110,111,112,113,114,116,118,120,122,124,125,126,127,128,129,130,131,132,133
37,38,39,40,41,42,43,44,45,46,48,51,52,53,54,55,56,57,60,61,62,63,64,66,67,70,71,72,74,76,77,78,79,80,81,82,84,86,87,88,89,90,91,93,94,97,98,99,100,101,104,107,108,110,112,113,114,117,118,119,120,121,122,123,126,127,129,131,133
38,39,43,44,46,48,49,50,54,55,57,59,60,61,62,63,64,65,66,67,68,69,71,72,73,74,75,78,80,81,83,84,86,87,88,89,90,91,92,93,99,100,102,103,104,106,107,108,109,111,113,115,116,117,118,119,121,122,123,124,125,126,127,128,129,130,131,133
39,40,41,42,44,45,46,49,50,52,53,54,56,58,59,61,63,64,65,67,70,71,72,73,74,75,76,78,79,86,87,88,89,90,91,92,93,94,95,96,98,99,100,101,102,104,106,107,108,109,110,111,114,115,116,117,118,119,120,124,128,130,132
40,129,128,130,133,41,42,44,45,48,50,51,53,56,57,60,64,70,71,72,73,74,75,77,79,80,81,82,83,84,85,86,87,88,92,93,95,96,97,98,131,101,102,104,106,107,108,110,111,112,113,115,116,117,118,121,122,123,125
41,43,44,48,50,51,53,54,56,57,59,60,63,65,67,69,72,73,74,75,76,77,78,79,80,81,82,83,84,85,87,88,89,91,92,93,94,95,96,100,101,102,103,104,106,107,110,113,114,115,117,118,119,120,121,122,123,125,127,128,129,130
42,128,130,131,48,51,53,54,55,56,57,58,63,66,67,68,70,73,75,76,77,78,80,81,84,85,86,87,88,89,90,91,92,93,94,97,98,101,102,103,105,106,111,112,113,114,115,117,118,120,121,122,126,127
43,44,46,47,49,51,52,53,54,55,56,58,59,61,62,63,66,67,68,69,70,74,77,78,79,80,81,82,84,85,86,87,88,89,90,91,93,94,95,97,99,100,101,102,103,104,105,106,107,108,109,110,111,112,116,119,120,121,122,124,125,127,129,131,133
44,46,47,48,49,52,55,56,58,59,63,64,65,66,68,70,71,72,73,74,75,76,77,78,80,81,82,83,87,88,89,90,93,94,96,97,99,101,102,103,104,105,106,107,108,109,111,113,114,115,117,118,119,120,123,124,128,130,131,132,133
45,47,48,49,51,52,53,54,55,57,58,59,60,61,62,63,64,67,70,72,73,75,76,78,79,80,82,83,85,86,87,88,89,90,92,93,94,95,96,97,98,101,103,105,106,109,110,111,112,114,116,117,118,119,120,121,122,123,124,125,126,127,129,130,131,132,133
46,47,48,50,52,53,55,56,57,58,60,61,62,64,65,66,69,70,73,74,75,77,82,83,84,85,86,87,88,90,91,92,94,96,97,98,99,100,101,102,103,105,106,108,109,110,111,112,113,115,116,118,119,120,123,124,125,126,127,128,129,130,131,132,133
47,133,49,50,51,55,56,57,59,60,61,64,65,66,69,70,71,72,73,74,75,130,78,80,81,82,83,84,85,86,87,88,89,91,92,93,95,97,98,99,102,104,105,106,107,108,109,111,112,113,115,116,118,119,120,123,124,125,126
48,49,50,51,52,56,57,58,59,60,64,65,67,68,69,70,73,74,77,78,80,81,82,83,84,86,87,88,89,90,92,94,95,96,97,98,99,100,101,104,107,108,110,111,112,114,115,116,117,118,119,121,122,123,125,126,127,129,131
49,52,56,57,58,59,60,61,62,65,66,67,69,71,72,73,78,79,80,81,83,84,85,86,88,89,90,91,93,94,95,100,103,104,105,106,107,108,109,111,114,115,117,118,119,122,123,124,125,126,127,128,129,132,133
50,51,52,53,55,56,57,58,61,62,63,64,66,67,69,71,73,74,76,77,78,79,81,82,83,84,87,88,89,91,93,94,95,97,99,100,101,104,105,106,107,108,109,111,112,113,114,115,116,118,119,120,121,123,126,127,128,129,130,131,133
51,128,130,132,52,53,57,58,59,61,64,65,66,67,68,72,73,77,78,80,81,82,83,86,88,89,90,96,97,98,99,100,101,102,103,104,105,107,108,109,110,111,113,117,119,120,121,122,125,126,127
52,53,54,57,58,59,60,64,69,70,72,73,74,75,76,78,79,80,82,83,84,85,86,87,88,89,90,92,93,95,96,97,98,99,100,101,104,106,107,108,109,110,111,113,114,115,117,119,121,122,124,126,127,128,129,130,131,132
53,54,55,56,57,58,59,61,62,63,65,67,68,69,71,73,74,76,78,81,82,84,85,88,89,90,91,92,94,95,96,98,99,101,102,103,104,105,106,107,109,111,112,113,115,117,120,121,122,123,125,126,127,128,129,130,131
54,128,131,57,58,62,63,64,66,68,72,75,77,79,80,81,82,83,84,85,87,88,89,90,93,96,97,99,100,103,104,106,107,108,110,111,112,113,114,115,116,120,121,124,126,127
55,130,132,133,128,60,62,63,64,65,66,68,72,73,74,77,80,81,83,86,89,90,93,94,95,96,98,99,101,103,104,105,108,109,110,111,115,117,118,119,121,122,123,125,126,127
56,57,59,60,62,63,64,65,66,68,70,71,72,73,74,77,78,79,81,82,83,84,85,87,88,89,90,91,93,94,95,97,101,102,103,105,107,108,109,111,117,118,120,121,122,124,127,129,130,131,133
57,58,59,61,62,63,67,68,69,70,71,72,73,75,76,77,78,79,82,83,84,85,87,88,90,92,93,94,95,97,98,100,101,103,104,105,106,107,108,109,110,111,115,116,117,120,121,122,123,124,125,126,128,129,130,131
58,59,60,62,63,64,65,66,67,68,69,70,71,72,73,75,76,77,78,79,81,82,84,85,86,88,89,90,92,94,97,98,99,100,101,102,103,104,105,107,110,111,114,115,117,119,121,122,123,125,126,127,128,130,131,132,133
59,62,63,65,66,67,68,71,72,73,75,78,79,81,82,83,85,87,88,90,91,92,93,94,95,96,99,101,102,105,107,108,109,110,112,113,115,116,117,118,120,121,122,123,125,126,127,129,130,131,132
60,61,62,63,65,66,67,69,70,71,73,74,76,77,79,81,82,83,84,85,86,87,89,90,91,92,93,94,96,97,98,99,101,103,104,105,106,107,108,109,112,113,114,115,116,117,118,119,120,122,123,126,127,128,129,130,131,132
61,63,64,65,66,68,71,72,75,76,77,79,80,82,84,85,87,88,90,91,92,93,94,95,96,97,99,100,101,102,104,105,106,108,110,111,112,113,114,115,116,117,118,119,122,123,125,126,127,130,131,133
62,63,65,68,69,71,72,73,75,77,78,80,83,84,85,86,87,88,89,90,91,92,93,94,95,96,97,101,102,103,104,106,107,108,109,111,112,113,114,115,117,118,119,121,123,124,125,126,127,129,130,132
63,65,66,68,71,72,74,75,77,78,79,80,81,82,83,85,86,88,89,90,91,92,95,96,98,100,101,102,104,105,107,108,112,113,114,116,117,118,119,120,122,123,125,126,127,128,129,130,132,133
64,128,130,133,69,71,74,76,77,79,80,83,85,87,88,89,90,92,93,94,95,97,99,100,101,102,103,104,106,107,108,111,112,114,116,117,118,120,121,123,124,125,126,127
65,66,67,68,69,70,71,73,75,76,77,78,79,81,83,84,86,88,90,91,92,93,94,95,98,99,100,102,105,106,107,108,110,111,114,115,116,117,118,120,121,123,124,125,126,127,128,129,130,131,132,133
66,67,68,69,70,72,73,75,76,79,80,81,82,83,84,85,86,87,90,92,93,94,95,96,97,99,100,102,103,104,105,106,107,108,111,113,114,115,117,119,120,124,125,127,129,130,131,132
67,68,69,70,71,72,73,74,76,77,78,80,81,82,83,84,85,86,87,88,90,91,92,93,94,97,99,100,102,104,105,107,108,109,110,111,113,115,118,120,121,122,123,124,125,127,129,130,132,133
68,69,70,71,73,74,76,78,79,80,81,82,83,84,86,87,89,90,91,92,93,94,95,96,97,98,99,101,104,107,108,109,110,111,112,113,114,115,117,118,119,120,121,122,123,124,125,127,128,130,131,132,133
69,70,71,72,73,74,75,77,79,80,81,82,83,84,85,87,88,89,91,95,96,97,98,99,100,101,102,107,108,109,110,111,113,114,115,117,119,120,121,122,123,125,127,128,129,130,131,133
70,72,73,76,77,78,79,80,81,82,85,88,89,91,92,94,100,102,103,104,105,108,109,112,113,117,118,119,120,121,122,123,125,127,128,129,130,131,132,133
71,72,73,75,76,77,78,79,81,82,83,84,86,88,89,90,91,92,93,95,96,97,99,100,101,104,105,107,108,109,110,111,112,114,116,118,119,121,122,123,126,129,130,131,132,133
72,73,75,76,79,80,81,83,84,85,86,87,88,89,90,92,94,97,98,100,101,102,103,104,106,107,109,110,111,112,113,115,118,119,120,122,124,126,127,129,131,132
73,76,77,78,79,80,81,84,87,91,92,93,95,96,97,98,101,102,103,104,105,106,107,109,110,111,112,113,116,117,118,119,120,121,122,124,125,127,129,131,132
74,75,76,77,78,79,81,82,83,84,86,87,88,92,94,95,100,102,104,105,106,107,109,111,112,113,115,116,117,118,119,121,122,126,127,129,130,131,132,133
75,76,79,80,81,82,84,85,87,88,90,92,93,96,97,98,99,101,103,104,106,108,110,111,112,113,114,115,119,120,121,122,123,124,126,127,129,130,131,132,133
76,130,131,133,132,78,79,84,86,87,88,89,90,91,92,94,95,96,97,98,99,100,101,104,105,107,108,111,112,113,114,115,116,117,118,119,122,126
77,79,80,81,83,85,87,89,90,91,94,95,96,97,99,100,101,102,103,104,106,108,111,113,115,116,117,118,120,124,125,126,130,132,133
78,81,83,85,86,87,88,90,91,93,94,95,96,97,98,100,103,104,105,106,107,108,109,110,112,113,117,119,120,122,123,125,126,128,129,131,132,133
79,80,81,85,89,90,91,92,96,98,99,101,102,103,104,105,107,108,110,113,114,115,118,119,120,121,123,124,127,128,129,130,131,132,133
80,130,133,128,132,129,83,84,85,86,87,88,90,91,93,97,98,99,102,103,104,105,108,110,112,115,117,120,121,122,124,125,126
81,84,85,86,92,93,94,96,98,99,101,103,106,107,108,110,111,113,115,116,117,120,123,125,126,128,130,131,132,133
82,83,87,88,89,92,93,94,95,96,97,99,101,102,103,104,106,107,108,109,110,111,112,114,115,116,117,118,119,120,121,122,123,126,127,128,129,131,132,133
83,85,86,89,90,92,93,95,96,97,99,100,101,102,103,105,109,110,111,112,114,116,118,119,120,121,122,124,125,126,127,128,129,130,131,132,133
84,130,133,128,85,86,87,89,90,92,94,95,96,98,103,104,105,106,107,112,115,119,120,121,122,123,124,125,126,127
85,132,88,89,91,92,93,94,130,97,99,100,101,102,107,108,110,111,113,114,115,131,118,119,120,121,122,125,127
86,87,88,91,93,94,95,97,98,99,101,103,105,106,107,110,111,112,113,114,117,118,119,121,122,123,125,126,127,129,132,133
87,88,89,90,91,93,94,97,99,100,101,104,105,106,107,110,111,112,113,115,116,119,120,121,123,124,125,127,128,129,130,131,133
88,89,93,95,100,101,102,103,104,107,109,110,111,112,114,115,116,117,118,119,120,121,124,126,130,131,132,133
89,90,91,93,94,96,98,99,101,102,103,105,108,109,111,112,113,114,115,117,120,121,122,125,126,127,128,129,130,132,133
90,91,92,95,96,97,99,102,108,109,111,113,115,118,120,121,122,123,124,129,130
91,128,129,93,94,130,96,97,131,101,108,109,110,111,112,114,115,117,118,120,121,122,123,124,125,126,127
92,94,95,96,97,99,100,101,104,105,108,111,113,114,115,116,118,120,122,123,124,125,129,130,133
93,94,95,96,97,99,102,103,104,109,110,111,113,114,116,118,120,122,123,124,125,126,127,128,129,130,131,133
94,95,96,97,98,99,101,102,103,104,106,107,108,110,112,113,115,118,121,124,125,128,129,130,131,132,133
95,128,133,129,130,132,97,99,131,101,102,104,105,106,108,112,115,116,118,120,126,127
96,130,129,128,133,98,99,131,101,102,103,104,105,106,110,111,112,113,115,119,120,121,122,123,126
97,98,100,101,103,104,105,107,108,110,111,113,114,115,117,119,120,121,122,123,125,128,129,130,131
98,128,129,130,133,99,102,105,106,107,110,111,112,113,114,115,116,117,118,119,120,121,122,123,124,126,127
99,100,101,104,105,106,107,108,109,110,111,112,113,115,117,118,119,120,121,123,124,126,127,130,131,133
100,128,132,130,102,103,104,105,109,110,111,112,113,114,116,117,118,119,120,121,123,124,125,126,127
101,103,104,107,109,110,112,113,117,118,120,122,123,124,125,126,127,129,130,131,132,133
102,128,129,133,103,104,106,107,110,112,113,115,116,118,119,125,126
103,130,131,105,107,108,114,115,117,118,132,121,122,124,126
104,106,110,111,112,116,117,119,120,121,122,123,124,127,128,129,131
105,106,107,109,110,111,112,114,117,118,119,121,122,123,124,125,126,127,128,129,130,131,132,133
106,128,131,132,130,129,108,110,111,112,113,114,116,117,118,119,120,123,124,125,126,127
107,109,110,113,114,116,117,118,119,120,122,124,125,126,129,130,132,133
108,112,113,114,115,116,118,121,122,123,126,127,129,133
109,131,128,132,129,110,111,112,113,114,116,117,119,120,122,123,126,127
110,111,112,113,114,115,116,117,118,119,122,127,128,129,131,132,133
111,113,118,119,120,122,123,124,125,127,128,129,130,131
112,115,117,119,120,121,122,123,124,125,127,128,129,131,132,133
113,114,115,117,118,121,122,123,124,125,126,128,130,131,132
114,115,116,117,118,119,120,121,122,123,124,125,126,127,129,130,131,133
115,116,117,118,119,120,121,123,125,126,129,130,132
116,132,133,129,131,117,119,120,121,122,123,124,125,127
117,118,119,120,121,122,123,124,125,127,128,129,132,133
118,119,121,124,125,126,127,128,129,130,132,133
119,121,123,127,128,132,133
120,121,122,123,124,125,126,127,128,129,131,132,133
121,122,123,124,125,127,128,130,131,132,133
122,124,126,129,130,131,132,133
123,124,125,127,128,129,130,132,133
124,125,128,129,130,131,132,133
125,126,128,129,132,133
126,127,128,129,130,132
127,128,129,131,133
128,130,131,132,133
129,130,131,132,133
130,131,133
131,132,133
132,133
133
