n_nodes:227
n_edges:23551
density:0.91813
0,1,2,3,4,5,6,7,8,9,10,11,13,14,15,17,19,20,21,23,24,26,29,30,31,32,33,34,35,36,37,38,39,40,41,42,43,44,45,46,47,48,49,50,51,52,54,55,56,57,58,59,60,61,62,63,64,65,66,67,68,69,70,72,73,75,76,77,78,79,80,82,83,84,85,86,87,88,89,90,91,92,93,94,95,96,97,98,99,100,101,103,104,105,106,107,108,109,110,111,112,113,114,115,116,118,119,120,121,122,123,124,125,126,127,129,131,132,133,134,135,136,137,138,139,140,141,142,143,144,145,146,147,148,149,150,151,152,153,154,155,156,157,158,159,160,161,162,163,164,165,166,167,168,169,170,171,172,173,174,175,176,177,179,180,181,182,183,184,185,187,188,189,190,191,192,194,195,196,197,199,200,201,202,203,204,205,206,207,208,209,210,211,212,213,214,215,216,217,218,219,220,221,222,223,224,225
1,2,3,4,5,6,7,8,10,12,13,14,15,16,19,20,21,22,24,25,26,27,28,29,30,31,32,33,34,35,36,37,38,39,40,41,42,43,44,45,46,47,48,49,50,51,52,53,54,55,56,57,59,60,61,62,63,64,65,66,67,68,69,70,71,72,73,74,75,76,77,78,79,80,81,83,84,85,86,87,88,89,90,91,92,93,94,95,96,97,98,99,100,101,102,103,104,106,107,108,109,110,111,112,113,114,115,116,117,118,119,120,121,122,123,124,126,127,128,129,130,131,132,134,135,137,138,139,140,141,142,143,144,145,146,147,148,149,150,151,152,153,155,156,157,158,159,160,161,162,163,164,165,166,167,168,169,171,172,173,174,175,176,177,179,180,181,182,183,184,185,186,187,188,189,190,191,192,193,194,195,196,197,199,200,201,202,203,205,206,207,208,209,210,211,212,213,214,215,216,217,218,219,220,221,222,223,224,225,226
2,3,4,5,6,7,8,9,10,11,12,13,14,15,16,17,18,19,20,21,23,24,25,26,27,28,29,30,31,32,33,35,36,37,38,39,40,41,42,43,44,45,46,47,48,49,50,51,53,54,55,56,58,59,60,61,62,63,64,65,66,67,68,69,70,71,72,73,74,75,76,77,78,79,80,81,82,83,85,86,87,88,89,91,92,94,95,96,97,98,99,100,102,103,105,106,107,108,109,110,111,112,113,114,117,118,119,120,121,122,123,124,125,126,127,128,130,131,132,133,134,135,136,137,138,140,141,142,143,144,145,146,148,149,150,151,152,153,154,155,156,157,159,160,161,162,163,164,165,166,167,169,170,171,172,173,174,175,176,177,178,179,180,181,182,183,185,186,187,189,190,191,192,193,194,195,196,197,199,200,201,202,203,204,205,206,207,208,209,210,211,212,214,215,216,217,218,219,220,221,222,224,225,226
3,4,5,6,7,8,9,10,11,13,14,15,16,17,18,19,20,21,22,23,24,25,26,27,28,29,30,31,32,33,34,35,36,38,39,40,41,42,43,44,46,47,48,49,50,51,52,53,55,56,57,58,59,60,61,63,64,65,67,68,69,70,71,72,73,74,75,76,77,78,79,80,81,82,83,84,86,87,88,89,90,91,92,93,94,96,97,98,99,100,101,102,103,104,106,108,109,110,112,113,114,115,116,117,118,119,120,122,123,124,125,126,127,128,129,130,131,132,133,135,136,137,138,139,140,141,142,143,144,145,146,147,150,151,152,153,154,155,156,157,158,159,160,161,163,164,165,166,167,168,169,170,171,172,173,174,175,176,177,178,179,180,181,182,183,184,186,187,188,189,190,192,194,195,196,197,199,200,201,202,203,204,205,206,207,208,209,210,211,212,213,214,215,216,217,218,219,220,221,223,224,225,226
4,5,6,7,9,10,12,13,14,15,16,17,18,19,20,21,22,23,24,25,26,27,28,29,30,31,32,33,34,35,36,37,38,39,40,41,42,43,44,45,46,47,48,49,50,51,52,53,54,55,56,57,58,59,60,62,63,64,65,66,67,68,70,71,72,73,74,75,76,77,78,79,80,81,82,83,84,85,86,87,88,89,90,91,92,93,94,95,96,97,98,99,100,101,102,103,105,106,107,108,109,110,111,112,113,114,116,117,118,119,120,121,122,123,124,125,126,127,128,129,130,132,133,134,135,136,137,138,139,140,141,142,143,144,145,146,147,148,149,150,151,152,153,154,155,157,158,159,160,161,162,163,164,165,166,167,168,169,170,171,172,173,174,175,176,177,178,179,180,181,182,183,184,185,186,187,188,189,190,191,192,193,194,195,196,197,199,200,201,202,204,205,206,207,208,209,210,211,212,213,214,215,216,217,218,219,220,221,222,223,224,225,226
5,6,7,8,9,10,11,12,13,14,15,16,17,18,20,21,22,23,24,25,26,28,29,30,31,32,33,35,36,37,38,39,40,41,43,44,45,47,48,49,50,51,52,53,54,55,56,57,58,59,60,61,62,63,64,65,66,67,68,69,70,71,72,73,74,75,76,77,78,79,80,82,83,84,85,86,87,88,89,90,91,92,93,94,95,96,97,98,99,100,101,102,103,104,105,106,107,108,109,110,111,112,113,114,115,116,118,119,120,121,122,123,124,125,126,127,128,129,130,131,132,133,134,135,137,138,139,140,141,142,143,145,146,147,149,151,152,156,158,159,160,161,162,163,164,165,166,167,168,169,170,172,174,175,176,177,178,179,180,181,183,184,185,186,187,188,189,190,191,192,193,195,198,199,200,201,202,203,204,205,206,207,208,209,210,211,212,213,214,215,216,217,219,220,221,222,223,224,225,226
6,7,8,9,10,11,12,13,14,15,16,17,18,20,21,22,23,24,25,26,27,28,29,30,31,32,33,34,35,36,37,38,40,41,42,43,44,45,46,47,48,49,50,51,52,53,54,55,57,58,59,60,61,63,64,65,66,67,68,69,70,72,73,74,75,77,79,80,81,82,83,84,85,86,88,89,90,91,92,93,94,95,96,97,98,99,100,101,102,103,104,105,106,107,109,110,112,113,114,115,117,118,119,121,122,123,124,125,126,127,128,129,130,131,132,133,134,135,136,137,138,139,140,142,143,145,146,147,148,150,151,152,153,154,155,156,157,158,160,161,162,163,164,165,166,167,168,169,170,171,172,173,174,175,176,178,179,180,181,182,183,184,185,186,187,188,189,190,192,193,195,196,197,199,200,201,202,203,204,206,207,208,209,210,211,212,214,215,216,218,219,220,221,222,223,224,225
7,8,9,10,11,12,13,14,15,16,17,18,19,20,21,22,23,25,26,27,28,29,30,31,32,33,35,36,37,38,39,40,41,42,43,44,45,46,47,48,49,50,51,52,53,54,55,56,57,58,59,60,61,62,63,64,65,67,68,69,70,71,72,73,74,75,76,77,78,79,80,81,82,83,84,85,86,87,88,89,90,91,92,93,94,95,96,97,98,99,100,101,102,103,104,105,106,107,108,109,110,111,112,113,114,115,116,117,118,119,120,121,122,123,124,125,126,127,128,129,130,131,132,133,134,135,136,137,138,139,140,141,142,143,144,145,146,147,148,149,150,151,152,154,155,156,157,158,159,161,162,163,164,165,166,167,168,170,172,173,174,175,176,177,178,179,180,181,182,183,184,185,186,187,188,189,190,191,193,194,195,196,197,198,199,200,201,202,203,204,205,206,207,208,210,211,212,213,214,215,216,218,219,220,221,222,223,224,225,226
8,9,10,12,13,14,15,16,17,18,19,20,21,22,23,24,25,27,29,30,31,32,33,34,36,37,38,40,41,42,43,44,45,46,47,48,49,50,51,52,53,54,55,56,57,58,59,60,61,62,63,65,66,67,68,69,70,71,72,73,74,75,76,77,78,79,81,82,83,84,85,86,87,88,89,90,92,93,94,95,96,97,98,99,101,102,104,105,106,107,108,109,110,111,112,114,116,117,118,119,120,121,122,124,126,127,128,129,130,131,132,133,134,136,137,138,139,140,142,143,144,146,147,148,149,150,151,152,153,154,155,156,157,158,159,160,161,162,163,164,165,166,167,168,169,170,171,172,173,174,175,176,177,178,179,180,181,182,183,185,186,187,188,189,190,191,192,193,194,195,196,197,198,199,200,201,202,203,204,205,206,207,208,209,210,212,213,214,215,216,217,218,220,221,223,224,225,226
9,10,11,12,13,15,16,17,18,20,21,22,23,24,25,27,28,29,30,31,32,33,34,36,37,39,40,41,42,43,44,45,46,47,48,49,50,51,52,54,55,56,57,58,59,60,61,62,63,64,65,66,67,68,69,70,71,72,73,74,75,76,77,78,79,80,81,82,83,84,85,86,87,88,89,90,91,92,93,94,96,97,98,100,102,103,104,105,106,107,108,109,110,111,112,113,114,116,117,118,119,120,121,122,123,124,125,126,127,128,129,130,131,132,133,134,135,136,137,138,139,140,141,142,144,145,146,148,150,151,152,153,154,155,156,157,158,159,160,161,162,163,164,166,167,168,169,170,171,172,173,174,176,177,178,179,180,181,182,183,184,185,187,188,189,190,191,192,193,194,196,197,198,199,200,201,202,203,204,205,206,207,208,209,210,211,212,213,215,216,217,218,219,220,221,222,223,224,225,226
10,11,12,13,14,15,16,17,18,19,20,21,22,23,24,25,26,27,30,31,32,33,34,35,36,37,38,39,40,42,43,44,45,46,47,48,49,50,52,53,54,55,56,57,58,59,60,61,62,63,64,65,66,67,68,69,70,72,73,74,75,76,77,78,79,80,81,82,83,84,85,86,87,88,90,91,92,93,94,95,96,97,98,99,100,102,103,104,105,107,108,109,110,112,113,114,115,116,117,120,121,122,123,124,125,127,128,129,131,132,133,134,135,137,138,139,140,141,142,143,144,145,146,148,149,150,151,152,153,154,155,157,158,159,160,161,162,164,165,166,167,168,169,170,171,173,175,176,177,178,179,180,181,182,184,185,186,187,188,189,190,191,192,193,194,195,197,198,199,200,201,202,203,204,205,206,207,208,209,210,211,212,213,214,215,217,218,219,220,221,223,224,225,226
11,12,13,14,15,17,18,19,20,21,22,23,24,25,26,27,28,29,30,31,32,33,34,35,36,37,38,39,40,41,42,43,44,45,46,47,49,50,51,52,53,54,55,56,57,58,59,61,62,63,64,65,66,67,69,70,72,73,74,75,76,77,78,79,80,81,82,83,84,85,86,87,88,89,90,91,92,93,95,96,97,98,99,100,101,102,103,104,105,106,107,108,109,110,111,112,113,114,115,116,117,118,119,120,121,122,123,124,125,126,127,128,129,130,133,134,135,136,137,138,139,140,141,142,143,144,145,146,147,148,149,150,151,153,154,155,156,157,158,159,160,161,162,163,164,165,166,167,168,169,170,171,172,174,175,176,177,178,179,180,181,182,184,185,186,187,188,189,190,191,192,193,194,195,196,197,198,199,200,201,202,203,204,205,206,207,208,209,210,211,213,214,215,216,218,219,221,222,223,224,225,226
12,13,14,16,17,18,19,20,21,22,23,24,25,26,27,29,31,32,33,34,35,36,37,40,41,42,43,44,45,47,48,49,50,51,52,53,54,55,56,58,59,60,61,62,63,64,65,66,67,68,69,70,71,72,73,74,76,77,78,79,80,81,82,83,84,85,86,87,88,89,90,91,92,93,94,95,96,97,98,99,100,101,102,103,104,105,106,107,108,110,111,112,113,114,115,116,118,119,120,121,122,124,125,126,127,128,129,130,131,132,133,134,135,136,137,138,139,140,141,142,143,145,146,147,148,150,151,152,153,154,155,156,157,158,159,160,161,162,163,164,167,168,169,170,171,172,173,174,175,176,177,178,179,180,181,182,183,184,185,187,188,189,190,191,192,193,194,195,196,197,198,200,201,202,203,204,205,206,207,208,209,210,211,212,213,214,215,216,217,218,219,221,222,223,224,225,226
13,14,15,16,17,18,19,20,21,22,23,24,25,26,27,29,30,31,32,34,35,36,37,38,39,40,41,42,43,44,46,48,49,50,51,52,53,54,55,56,57,58,59,60,61,62,63,64,65,66,67,68,69,72,73,74,75,76,77,78,79,80,82,83,84,85,86,87,88,89,90,91,92,93,95,96,97,98,99,100,101,102,103,104,105,106,107,108,109,110,111,112,113,114,115,116,117,118,119,120,121,122,123,124,125,126,127,128,129,130,132,133,134,135,136,137,138,139,140,141,142,143,144,145,147,148,149,151,152,153,154,155,156,157,158,159,160,161,162,163,164,165,166,167,168,169,170,171,173,174,175,176,177,178,179,180,181,182,183,184,185,186,187,188,189,190,191,192,193,194,195,196,197,198,199,200,201,202,203,205,206,207,208,209,210,211,212,213,214,215,216,217,218,219,220,221,222,223,224,225,226
14,15,16,17,18,19,20,22,23,24,25,26,27,28,29,30,31,32,33,34,35,36,37,38,39,40,41,42,43,44,45,46,47,48,49,50,51,52,54,55,56,57,58,60,61,62,65,66,67,69,70,71,72,73,74,75,76,77,78,79,80,81,83,84,85,87,89,90,91,92,93,94,95,96,97,98,99,100,101,102,103,104,105,106,107,109,110,112,113,115,116,117,118,119,120,121,122,123,124,127,128,130,131,132,133,134,135,136,137,138,139,140,141,142,143,144,145,146,147,148,149,150,151,152,153,154,155,157,158,159,160,161,162,163,164,165,166,167,168,169,170,171,172,173,174,175,176,177,178,179,180,181,182,183,184,185,186,187,188,189,190,191,193,194,195,196,197,198,199,200,201,202,203,204,205,206,207,208,209,210,211,212,213,214,215,216,217,219,220,221,222,223,224,225,226
15,16,17,18,19,20,21,22,23,24,25,26,27,28,31,32,33,34,35,36,37,38,39,40,41,42,43,44,45,46,47,48,49,50,51,52,53,54,55,56,57,58,59,60,61,62,63,66,67,68,69,70,71,72,73,74,75,76,77,79,80,81,82,83,84,85,86,87,88,89,90,91,92,93,94,95,97,98,99,100,101,102,103,104,105,106,107,108,109,110,111,112,113,114,115,116,117,118,119,120,121,122,123,124,125,126,127,128,129,130,131,132,133,134,135,136,137,138,139,140,141,142,144,145,146,147,148,149,150,151,152,153,154,155,156,157,158,159,160,161,162,163,164,165,166,167,168,169,170,171,173,174,175,176,177,178,179,180,181,182,183,184,185,186,188,189,190,191,192,193,194,195,196,197,198,200,201,202,203,204,205,206,207,208,209,210,211,212,213,214,215,216,217,219,220,221,222,224,225,226
16,17,18,19,20,21,22,23,24,25,26,27,28,29,30,31,32,33,34,35,37,38,40,41,42,44,46,47,48,49,50,51,52,53,54,55,56,57,58,59,60,61,62,63,64,65,67,68,69,70,71,72,73,74,75,76,77,78,79,80,81,82,83,84,85,86,87,88,89,90,91,92,93,94,95,96,97,98,99,100,101,102,103,104,105,106,107,108,109,110,111,113,114,115,116,117,118,119,120,121,123,124,125,126,127,128,129,130,131,132,133,134,135,136,137,138,139,140,141,142,143,144,145,146,147,148,149,150,151,152,153,154,155,156,158,159,160,161,162,163,164,165,166,167,168,169,170,171,172,173,175,176,177,178,179,180,181,183,184,185,187,188,189,191,192,193,194,195,196,197,198,199,200,201,202,203,204,205,206,207,208,209,210,211,212,213,214,215,216,217,218,219,220,221,222,223,224,225,226
17,18,19,20,21,22,23,24,25,26,28,29,30,31,32,33,34,35,36,38,40,41,42,43,44,45,46,47,48,49,50,51,52,53,54,55,56,57,58,59,61,62,63,64,65,66,67,68,70,71,72,73,74,75,76,77,78,79,81,82,83,84,85,86,87,88,89,90,92,93,94,95,96,97,98,99,100,101,102,103,104,105,106,107,108,109,110,111,112,113,114,115,116,117,119,120,121,122,123,124,126,127,128,129,130,131,132,133,134,135,137,138,139,140,141,142,144,145,146,148,149,150,151,152,153,154,155,156,157,158,159,160,161,162,163,164,166,167,168,169,170,171,172,173,174,175,176,177,178,179,180,181,182,183,184,185,186,187,188,189,190,191,192,193,194,195,196,197,199,200,201,202,203,204,205,206,207,208,210,211,212,213,214,215,216,217,218,219,220,221,222,223,224,225,226
18,19,20,21,22,25,26,27,28,29,30,31,32,33,34,35,36,37,38,39,40,41,42,43,44,45,46,47,48,49,50,51,52,53,54,55,56,57,59,60,61,62,63,64,65,66,67,68,69,70,71,72,73,74,76,77,78,79,80,81,82,83,84,85,86,87,88,89,91,92,93,94,96,97,98,99,100,101,102,103,104,106,107,108,109,110,111,112,114,115,116,117,118,119,120,121,122,123,124,125,127,128,129,130,131,133,134,135,136,137,138,139,140,141,142,143,144,145,146,148,149,150,151,152,153,154,155,156,157,158,159,160,161,162,163,164,165,166,167,168,169,170,172,173,174,175,176,177,178,179,180,182,183,184,185,186,187,188,189,190,191,192,193,194,195,196,197,198,199,200,201,202,203,204,205,206,207,209,210,211,212,213,214,215,216,217,218,219,220,221,222,223,224,225,226
19,20,21,22,23,26,27,28,29,31,32,33,34,35,36,37,38,39,40,41,42,43,44,45,46,47,48,49,50,51,52,53,54,55,56,57,59,60,61,62,63,65,66,67,68,69,70,71,72,73,74,75,76,77,78,79,80,81,82,83,84,85,86,87,88,89,90,91,93,94,95,96,97,99,100,102,103,104,105,106,107,108,109,110,111,112,114,115,116,117,118,119,120,121,122,123,124,125,126,127,128,129,130,131,132,133,134,135,136,137,138,139,140,141,142,143,144,145,146,148,149,150,151,152,154,155,156,157,159,160,161,162,163,165,166,167,168,169,171,172,173,174,175,176,177,178,179,180,181,182,183,184,185,186,187,188,189,190,191,192,194,195,196,197,198,199,201,202,203,204,205,206,207,208,209,210,211,212,213,214,216,218,219,220,221,222,223,224,225,226
20,21,22,24,25,26,27,28,29,30,32,33,34,35,36,38,39,40,41,42,44,45,46,47,48,49,50,51,52,53,54,55,57,58,59,61,62,63,64,65,67,68,69,70,71,72,73,74,75,76,77,78,79,80,81,82,83,84,86,87,88,89,90,91,92,93,94,95,96,97,98,99,100,101,102,104,106,107,108,109,110,112,113,114,115,116,117,118,119,121,122,123,124,125,126,127,128,129,130,131,132,133,134,135,136,137,138,139,140,141,142,143,144,145,146,147,148,149,150,151,152,153,154,155,156,157,158,159,160,161,162,163,164,165,166,167,168,169,170,171,172,173,174,175,176,177,178,179,180,181,182,184,185,186,188,189,190,191,192,193,194,195,196,197,198,199,200,201,202,203,204,206,207,208,210,211,212,213,214,215,216,217,218,219,220,221,222,223,225,226
21,23,24,25,26,27,28,29,30,31,32,33,35,36,37,39,40,41,42,44,46,47,48,49,50,51,52,53,54,55,56,58,59,60,61,62,63,64,65,66,67,68,69,70,71,72,73,74,75,76,77,78,79,80,81,82,83,84,85,86,87,88,89,90,91,92,93,94,95,96,97,98,99,100,101,102,103,104,105,106,107,110,111,112,113,114,115,116,117,118,119,121,123,124,125,126,127,128,129,130,131,132,134,135,136,137,138,139,140,141,142,143,144,145,146,147,148,150,151,152,153,154,155,156,157,158,159,161,163,165,166,167,168,169,170,172,173,175,176,177,178,179,180,181,182,183,184,185,186,187,188,189,190,191,192,193,194,195,196,197,198,199,200,201,202,203,204,205,206,208,209,210,211,212,215,216,217,218,219,221,222,223,224,225,226
22,23,24,25,27,28,29,30,31,32,33,34,35,37,38,39,40,41,42,43,45,46,47,48,50,51,52,53,54,55,56,57,58,59,60,61,62,63,64,65,66,67,69,71,72,73,74,75,77,78,79,80,81,82,84,85,86,88,89,91,92,93,94,95,96,97,98,99,100,101,102,103,104,105,106,107,108,109,110,111,112,113,114,115,117,118,119,120,121,122,124,125,126,127,128,129,130,131,132,134,135,136,137,138,139,140,141,142,143,144,145,146,147,150,151,152,153,155,156,157,158,159,160,161,162,163,164,165,166,167,168,169,170,171,172,173,175,176,177,178,179,180,181,182,183,184,185,186,187,188,189,191,192,194,195,196,197,198,199,200,201,202,203,204,205,206,207,208,209,210,211,212,213,214,215,216,217,219,220,221,222,223,224,225,226
23,24,25,26,27,28,29,30,31,32,33,35,36,37,38,39,40,41,42,43,44,45,46,47,48,49,50,51,52,53,54,55,56,57,58,60,61,62,63,64,65,66,67,68,69,70,71,72,73,74,75,76,77,78,80,81,82,83,84,85,86,87,88,89,90,91,92,93,94,95,96,97,98,99,100,101,102,103,104,105,106,107,108,110,111,112,113,114,115,116,117,118,119,120,121,122,123,124,125,126,127,128,129,130,131,132,133,134,137,138,139,140,142,143,144,145,146,147,149,150,153,154,155,157,158,159,161,162,163,164,165,166,167,168,170,171,172,174,175,176,177,178,179,180,181,182,183,184,185,187,188,189,190,191,192,193,194,195,197,198,199,201,202,203,204,205,206,208,209,210,211,212,213,215,216,217,218,219,220,221,222,223,224,225,226
24,25,26,27,28,29,30,31,32,33,34,35,36,37,38,39,40,41,42,43,44,45,46,47,48,49,50,51,52,53,54,55,56,57,58,59,60,61,62,63,64,65,66,68,69,70,71,72,74,75,76,77,78,79,80,81,82,83,84,85,86,87,88,89,90,91,92,93,94,95,96,98,99,100,101,102,103,104,105,106,107,108,109,110,111,112,114,115,116,117,118,119,120,121,123,124,125,126,127,128,129,130,131,132,133,134,135,136,138,139,140,141,142,143,144,146,147,148,149,150,151,152,153,154,155,156,157,159,160,161,162,163,164,165,166,167,168,169,170,171,172,174,175,176,177,180,181,182,183,184,186,187,188,189,191,192,193,194,195,196,197,198,199,200,201,202,203,204,205,206,207,209,210,211,212,213,214,215,216,217,218,219,220,221,222,223,224,225,226
25,26,27,29,31,32,33,34,36,37,38,39,40,41,42,43,44,45,46,47,48,50,51,52,53,54,55,56,57,58,59,60,61,62,63,64,65,66,67,68,69,70,71,72,73,74,75,76,77,78,79,81,83,84,85,87,88,89,90,91,92,93,95,96,97,98,100,101,103,104,105,106,107,108,109,110,111,112,113,114,115,116,117,118,119,122,123,124,125,126,127,128,129,130,132,133,134,135,136,137,138,139,140,141,142,143,144,145,146,147,148,149,150,153,154,155,156,157,158,159,160,161,162,163,164,165,166,167,168,169,170,171,172,174,175,176,177,179,180,181,182,183,184,185,186,187,188,189,190,191,192,193,194,195,196,197,198,199,201,202,203,204,205,206,207,208,209,210,211,212,213,214,215,216,217,218,219,220,221,222,223,224,225,226
26,27,28,29,30,31,32,34,35,36,37,38,39,40,42,43,45,46,47,48,49,50,51,52,53,54,55,56,58,59,60,61,62,63,64,65,66,67,68,69,70,71,72,73,74,75,77,78,79,80,81,82,83,85,86,87,88,89,90,91,92,93,94,95,96,97,98,99,100,101,102,103,104,105,106,107,109,110,111,112,113,114,115,116,117,118,119,121,122,123,124,125,126,127,128,129,130,131,134,135,137,138,139,140,141,142,143,144,145,146,147,148,149,150,152,153,154,155,156,157,158,159,160,161,162,163,165,166,167,168,169,170,171,172,173,174,175,176,177,179,181,182,183,184,185,186,187,188,189,190,191,192,193,194,195,196,197,198,199,200,201,202,203,204,205,206,207,208,209,210,211,212,213,214,215,216,217,218,219,220,221,222,223,224,226
27,28,29,30,31,32,33,34,35,36,37,38,39,40,41,43,44,45,46,47,48,49,50,51,52,53,55,56,57,58,59,60,61,62,63,64,65,66,67,68,69,70,71,72,74,75,76,77,78,79,80,81,82,83,84,85,86,87,88,89,90,91,92,94,96,97,98,99,100,101,103,104,105,106,107,108,109,110,111,112,113,114,116,118,119,120,121,122,123,124,125,126,127,128,129,130,131,132,133,134,135,136,137,138,139,140,141,142,143,144,145,146,147,148,149,150,151,152,153,156,157,158,159,160,161,162,164,165,166,167,168,169,170,171,173,174,175,176,177,178,179,180,181,182,183,184,186,187,188,189,190,191,192,193,194,195,196,197,198,199,200,201,202,203,204,205,206,207,208,209,211,212,213,214,216,217,218,219,220,221,222,223,224,225,226
28,29,32,33,34,35,36,37,39,40,41,42,43,44,45,46,47,48,49,50,51,52,53,54,55,56,57,58,59,60,61,62,63,64,65,66,67,68,69,70,71,72,73,74,75,76,77,78,79,80,81,82,83,84,85,86,87,88,89,90,91,92,93,95,96,97,98,99,100,101,102,103,104,105,106,107,109,112,113,114,115,116,117,118,120,121,122,123,124,125,126,128,129,130,131,132,133,134,135,136,137,138,139,140,141,142,143,144,145,146,147,148,149,150,151,152,153,154,155,156,157,158,159,160,161,162,163,164,165,166,167,168,169,170,171,172,173,174,175,176,177,178,179,181,182,183,184,185,186,187,188,190,192,193,194,195,196,197,198,199,200,201,203,204,205,206,207,208,209,210,213,214,215,217,218,219,220,221,222,223,224,225,226
29,30,31,32,33,34,35,36,37,38,39,40,41,42,44,45,46,47,48,49,51,53,54,55,56,57,58,59,60,61,62,63,64,65,66,68,69,70,71,72,73,74,75,76,77,78,79,80,81,82,83,84,85,86,87,88,89,91,92,94,95,97,98,99,100,101,102,103,104,105,106,107,109,110,111,112,113,114,115,116,117,118,119,120,121,122,123,124,125,126,127,129,130,131,132,133,134,135,136,137,138,139,140,141,143,144,145,146,147,148,149,150,151,152,153,154,155,156,157,158,159,160,161,162,163,164,165,167,168,169,170,171,172,173,174,175,176,177,178,180,181,182,183,184,185,186,187,188,190,192,193,194,195,196,197,198,199,200,201,202,203,204,205,207,208,209,211,212,213,214,215,216,217,218,219,220,221,222,223,224,225,226
30,31,33,34,35,36,37,38,39,40,41,42,43,44,45,46,47,48,50,51,52,53,54,55,56,57,58,59,60,61,62,63,64,66,67,68,69,71,72,73,74,75,76,77,78,79,80,81,82,83,84,86,87,89,90,91,92,93,94,95,96,97,98,99,100,101,102,103,104,105,106,108,109,111,112,113,114,115,116,117,118,119,120,121,122,123,124,125,126,127,128,129,130,131,133,134,135,136,137,138,139,140,141,142,143,144,145,146,147,148,150,151,152,153,154,155,156,157,158,160,161,162,163,164,165,167,168,169,170,171,172,173,174,175,176,177,178,179,180,181,182,183,184,185,186,187,188,189,190,191,193,194,195,196,198,199,200,201,202,203,204,206,207,208,209,210,211,212,214,215,216,217,218,219,220,221,222,223,224,225
31,32,33,34,35,36,37,38,39,40,41,42,43,44,45,46,47,48,49,50,51,52,53,54,55,56,58,59,60,61,62,63,64,67,68,69,70,71,72,73,74,75,76,77,78,79,81,82,83,84,85,86,87,88,89,91,92,93,94,95,96,97,98,99,100,102,103,104,105,106,107,108,109,110,111,112,114,115,116,118,119,120,121,122,123,125,126,127,128,129,130,131,132,133,134,135,136,137,138,140,141,142,143,144,145,146,147,149,150,151,152,153,154,155,156,157,158,159,160,161,162,163,164,165,166,167,168,169,170,171,172,173,174,175,176,177,178,179,180,181,182,183,184,185,186,187,188,190,191,192,193,194,195,196,197,198,199,200,201,202,203,205,206,207,208,209,210,211,212,213,214,215,216,217,218,219,220,221,222,223,224,225,226
32,33,34,35,36,37,39,40,41,42,43,44,45,47,48,49,50,51,52,53,55,56,57,58,59,60,61,62,63,64,65,66,67,68,69,70,71,72,73,74,75,76,77,78,79,80,81,83,84,85,86,87,88,89,90,91,92,93,94,95,96,97,98,99,100,101,102,104,106,107,108,109,110,111,112,113,114,115,116,117,118,120,121,122,123,124,125,126,127,128,130,131,133,134,135,136,137,138,140,141,142,143,144,145,146,147,148,149,150,151,152,153,154,155,156,157,158,159,160,161,162,163,164,165,167,168,170,171,172,173,174,176,177,178,179,180,181,182,183,184,185,186,187,188,189,190,191,192,193,194,195,196,198,199,200,201,202,203,204,205,206,207,208,209,210,211,212,213,214,215,216,217,218,219,220,221,222,223,224,225,226
33,34,35,36,37,39,40,41,42,43,44,45,47,48,49,50,51,52,53,54,55,56,57,58,59,60,61,62,63,64,65,66,67,69,70,72,73,74,75,76,77,78,79,80,81,82,83,85,86,87,88,89,90,92,93,94,95,96,97,98,99,100,101,102,103,104,105,106,107,108,109,110,111,112,113,114,115,116,117,118,119,120,121,122,123,124,125,126,127,129,130,131,132,133,134,135,136,138,139,141,142,143,144,145,146,147,148,149,150,151,152,153,154,155,156,157,158,159,160,161,162,163,164,166,168,169,170,171,172,173,174,175,176,177,178,179,180,181,182,183,184,185,186,187,188,189,190,191,192,193,194,195,196,197,198,199,200,201,202,203,204,205,206,207,208,209,210,211,212,213,215,216,217,218,219,220,221,222,224,225,226
34,35,36,37,38,39,40,41,42,43,44,45,46,47,49,50,51,52,53,54,55,56,57,58,59,60,61,62,63,64,65,66,67,68,71,72,73,74,75,76,77,78,79,80,81,82,83,84,85,86,87,88,89,91,92,93,95,96,97,98,99,100,101,102,103,104,105,106,107,108,109,110,111,112,113,114,115,116,117,118,120,121,122,123,124,125,126,127,128,129,130,131,132,133,134,136,137,138,139,140,141,142,143,144,145,146,147,148,149,150,151,152,154,156,157,158,159,160,161,162,163,164,165,166,167,168,169,170,171,172,173,174,175,176,177,178,179,180,181,182,183,184,185,186,187,188,189,190,191,192,193,194,195,196,198,199,200,201,202,203,204,205,206,207,208,209,210,211,212,213,215,216,218,219,220,221,222,223,224,225,226
35,36,38,39,40,42,43,44,45,46,47,48,50,51,52,53,54,55,56,58,60,61,62,63,64,65,66,67,68,69,70,71,72,73,74,75,76,77,78,79,80,81,82,83,84,85,86,87,88,89,90,91,92,93,94,95,96,97,98,99,100,101,103,104,105,106,107,108,109,110,111,112,113,114,115,116,118,119,121,122,123,124,125,126,127,128,129,130,131,132,133,134,135,136,137,138,139,140,141,142,143,144,145,146,147,149,150,151,152,153,154,155,156,157,158,159,160,161,162,163,164,165,166,167,168,170,171,172,173,174,175,176,178,179,181,182,183,184,186,188,189,190,191,192,193,194,195,196,198,199,200,202,203,204,205,206,207,208,209,210,211,213,214,215,216,217,220,222,223,224,225,226
36,37,39,40,41,42,43,44,45,46,47,48,49,51,52,53,54,55,56,57,58,59,60,61,62,63,64,65,66,67,68,69,70,71,73,74,75,76,77,78,79,80,81,82,83,84,85,86,87,88,89,90,91,92,93,94,95,96,97,98,99,100,101,102,103,104,105,106,107,108,109,110,112,113,114,115,116,117,118,119,120,121,122,123,124,125,126,127,128,129,130,131,132,133,134,136,137,138,139,140,141,142,143,144,145,147,148,149,150,151,152,153,154,155,156,157,158,159,160,161,162,163,164,165,167,168,169,171,172,173,174,175,176,177,179,180,181,182,183,184,185,186,187,188,189,190,191,192,194,195,197,198,199,200,201,202,203,204,205,206,207,208,209,210,211,212,213,214,215,216,217,218,219,220,221,222,223,225,226
37,39,40,41,42,43,45,46,47,48,49,50,51,52,53,54,55,56,57,58,59,60,61,62,63,64,65,66,67,68,69,71,72,73,74,75,76,77,78,79,80,81,82,83,84,85,86,87,88,89,90,91,92,93,94,95,96,97,98,99,100,103,104,105,106,107,108,109,110,111,112,113,114,115,116,117,118,120,121,122,123,125,126,127,128,130,131,132,133,134,135,136,137,138,139,140,141,142,143,144,145,146,147,148,149,150,151,152,153,155,156,157,158,161,163,164,165,166,167,168,170,171,174,175,176,177,178,179,180,181,182,183,184,185,186,187,188,189,190,191,192,193,194,195,196,197,198,199,200,201,202,203,204,206,207,208,209,210,212,213,214,215,216,217,218,219,220,221,222,223,226
38,39,40,41,42,43,44,45,46,47,48,49,50,51,52,53,54,55,56,57,58,59,60,62,63,64,65,66,68,69,70,71,72,73,74,75,76,77,78,79,80,81,82,83,84,85,86,87,88,89,90,91,92,93,94,95,96,97,98,99,100,101,102,103,104,105,106,107,110,111,112,113,114,115,116,117,118,119,120,121,122,123,124,125,126,127,128,129,130,131,132,133,134,137,138,139,140,141,142,143,144,145,146,147,148,149,150,151,152,153,154,155,156,157,158,159,160,162,163,164,165,166,167,168,169,170,171,172,173,174,175,176,177,178,179,180,181,182,183,184,185,186,187,188,189,190,191,192,193,194,195,197,198,199,200,201,202,203,204,205,206,207,208,209,210,212,213,214,215,216,217,218,219,220,221,222,223,224,225,226
39,40,41,42,43,44,45,46,48,49,50,51,52,53,54,55,56,57,58,59,60,61,62,63,64,65,66,68,69,70,71,72,73,74,75,76,77,79,80,81,82,83,84,85,86,87,88,89,90,91,92,93,94,95,97,98,99,100,101,103,104,105,107,108,109,110,111,112,114,115,116,118,119,120,121,122,123,124,125,127,128,129,130,131,132,133,134,135,136,137,138,139,140,141,142,143,145,146,147,148,149,150,151,153,155,156,157,159,160,161,162,163,164,165,166,167,168,169,170,171,172,173,174,175,176,177,178,180,181,182,183,184,185,186,187,188,189,190,191,192,193,194,195,196,197,198,199,200,201,202,203,204,205,206,207,208,210,211,213,214,215,216,217,218,219,220,221,222,223,224,225,226
40,41,42,43,45,46,47,48,49,50,51,52,53,54,55,56,59,60,61,62,63,64,65,66,67,68,69,70,71,72,73,74,76,78,80,82,83,84,85,86,88,89,90,91,93,95,96,97,98,99,101,102,104,105,106,107,108,109,110,111,112,113,114,115,116,117,118,119,120,121,123,124,125,126,127,128,130,131,132,133,134,137,138,139,140,141,142,143,144,145,146,147,148,149,150,153,154,155,156,157,158,159,160,161,162,163,164,165,167,168,169,170,171,173,174,175,177,178,179,180,182,183,184,185,186,187,188,189,190,191,192,193,194,195,196,197,198,199,200,201,202,203,204,205,206,207,208,209,210,211,212,213,214,215,216,217,218,219,220,221,222,223,224,225,226
41,42,43,44,45,46,47,48,49,50,51,54,55,56,57,58,59,60,61,62,64,65,66,67,68,69,70,71,72,73,74,75,76,78,79,80,81,82,83,84,85,86,87,88,89,90,91,92,93,94,95,96,97,99,100,101,102,103,104,105,106,107,109,110,111,112,113,114,115,116,117,118,119,120,121,122,123,124,125,126,127,131,132,134,135,136,137,138,139,140,141,142,143,144,145,146,147,148,149,150,151,152,153,155,156,157,158,159,160,161,162,163,164,165,166,167,168,169,170,171,172,173,174,176,177,178,179,180,181,182,183,184,185,186,187,188,189,190,191,192,193,194,195,197,198,199,201,203,204,205,206,207,208,209,210,211,212,214,215,216,217,218,219,221,222,223,224,225,226
42,43,44,45,46,47,48,49,50,51,52,53,54,55,56,57,58,60,61,62,63,64,65,66,67,68,69,70,71,72,74,75,76,77,78,80,81,82,83,84,85,86,87,88,89,90,91,92,93,94,95,96,97,99,100,101,102,103,104,105,106,107,108,109,110,111,112,113,114,115,116,117,119,121,122,123,124,125,126,127,128,129,130,131,132,133,134,135,136,137,138,139,140,141,142,143,144,145,146,147,148,149,150,152,153,154,155,156,158,159,160,161,162,164,165,167,168,169,170,172,173,174,175,176,178,179,180,181,182,183,184,185,186,187,188,189,190,191,192,193,195,196,197,198,199,200,201,203,204,205,206,207,208,209,210,211,212,213,214,215,216,217,218,219,220,221,222,223,224,225,226
43,44,45,46,47,48,49,50,51,53,54,56,57,58,59,60,61,62,63,64,65,66,67,68,70,71,72,73,74,75,76,78,79,80,81,82,83,84,85,86,87,88,89,90,91,92,93,94,96,97,98,99,100,101,102,103,104,105,106,107,108,109,110,111,112,113,114,116,117,118,119,120,121,122,123,124,126,127,128,129,130,131,132,133,134,135,136,137,138,139,140,141,142,143,144,145,146,147,148,149,150,151,152,153,154,155,156,157,158,159,160,161,163,164,165,166,167,168,169,171,172,173,174,175,176,177,178,179,180,181,182,184,185,186,187,188,190,191,192,193,194,195,196,197,198,199,201,202,203,204,205,206,207,208,209,210,211,212,213,214,216,217,218,219,220,221,222,223,224,225,226
44,45,46,47,49,50,51,52,53,54,55,56,57,58,59,60,61,62,63,64,65,66,67,68,69,70,71,72,73,74,75,76,77,78,79,80,81,82,83,84,86,87,88,89,90,91,92,93,94,95,97,98,99,101,102,103,105,106,107,108,109,110,111,112,113,114,115,116,117,118,119,120,121,122,123,124,125,126,127,128,129,130,131,132,133,134,135,136,137,138,139,140,141,142,144,145,146,147,148,150,151,152,153,154,156,157,158,159,160,162,163,164,165,166,167,168,169,170,171,172,173,174,175,176,177,178,179,180,181,182,183,184,185,186,187,188,189,190,191,192,193,194,195,196,197,198,199,200,201,202,203,204,205,206,207,208,209,210,211,213,214,215,216,217,218,219,220,221,222,223,225,226
45,46,47,49,50,51,52,53,54,55,56,57,58,59,60,61,62,63,64,65,66,68,69,70,72,73,74,75,76,77,78,79,80,81,83,84,85,87,88,89,90,91,92,93,94,95,96,97,98,99,100,101,103,104,105,106,107,108,109,110,111,112,113,114,115,116,117,118,119,120,121,122,123,124,125,126,127,128,129,130,131,132,133,134,135,136,138,139,141,142,143,145,146,147,148,149,150,151,153,154,155,156,157,158,159,160,161,162,163,164,165,166,167,168,169,170,171,172,173,174,175,176,177,178,179,180,181,182,183,184,185,186,187,189,190,191,192,193,194,195,196,197,198,199,200,201,202,204,205,206,208,209,210,211,212,213,214,215,216,217,218,219,220,222,223,224,225
46,47,48,50,51,52,53,54,55,56,57,58,59,60,61,62,63,64,65,66,67,68,69,71,72,74,75,76,77,78,79,81,82,83,84,85,86,87,88,89,90,91,92,93,94,95,96,97,98,99,100,101,102,103,105,106,107,108,109,111,112,113,114,115,116,117,118,119,120,121,123,124,125,126,127,128,129,130,131,132,133,134,136,137,138,140,141,142,143,144,145,146,147,148,149,150,151,152,153,154,155,156,157,158,159,160,162,163,164,165,166,167,168,169,170,171,172,173,174,175,176,177,178,179,180,181,182,183,184,186,187,188,189,190,191,192,193,194,195,196,198,199,200,201,202,203,204,205,206,207,208,209,210,211,212,213,214,215,216,218,219,220,221,222,223,224,225,226
47,48,49,50,51,52,53,54,55,56,57,58,59,60,61,62,63,64,65,67,68,69,70,71,72,73,74,75,76,77,78,79,80,82,84,85,86,87,89,90,91,92,93,94,95,96,97,98,99,100,101,102,103,104,105,106,107,109,110,111,112,113,115,116,117,118,119,120,121,122,123,124,125,126,127,128,130,131,132,133,134,135,136,137,138,139,141,142,143,144,145,146,147,148,149,150,151,152,153,154,155,156,157,158,159,160,161,162,163,164,165,167,169,171,172,174,175,176,177,178,179,180,181,182,183,184,185,186,187,188,189,190,191,193,194,195,196,197,198,199,200,202,204,205,206,207,208,209,210,212,213,214,215,216,217,218,219,220,221,222,223,224,225,226
48,49,50,51,52,53,54,56,57,58,59,60,61,62,63,64,65,66,67,68,69,70,71,72,73,74,75,76,77,78,80,81,82,83,84,85,86,87,88,89,90,91,92,93,94,95,96,97,98,100,101,102,103,104,105,106,107,108,109,112,113,114,115,116,117,118,120,121,122,123,124,126,127,128,129,130,131,132,133,135,136,137,138,139,140,141,142,143,144,145,146,147,148,149,150,151,152,153,154,155,156,157,158,159,160,161,162,163,164,165,166,167,168,169,170,171,172,173,174,175,176,177,178,179,180,181,183,184,185,186,187,188,189,190,191,192,193,194,195,196,199,200,201,202,203,204,207,208,209,210,211,212,213,214,215,216,217,218,219,220,221,222,223,224,226
49,50,51,52,53,54,55,56,57,58,59,60,61,62,63,64,65,66,67,68,69,71,72,73,74,75,76,77,78,79,80,81,82,83,84,85,86,87,88,89,90,91,92,93,94,95,96,97,99,100,101,102,103,104,105,107,108,109,110,111,112,113,114,115,116,117,118,119,120,121,122,123,124,125,126,127,128,130,131,132,133,134,135,136,137,139,140,141,142,143,144,145,146,147,148,149,150,152,153,154,156,157,158,159,160,161,162,163,164,165,166,167,168,169,170,171,172,174,175,176,177,178,179,180,181,182,184,186,187,188,189,190,191,192,194,195,196,197,198,199,200,201,202,203,204,205,206,207,208,209,210,211,212,213,214,215,216,217,218,219,220,221,222,223,224,225,226
50,51,52,54,55,56,57,58,59,60,61,62,63,64,65,67,68,69,71,72,73,74,75,76,77,78,79,80,81,82,83,84,85,86,87,89,90,91,92,93,94,95,96,97,98,99,100,101,102,103,104,105,106,107,109,110,111,112,113,114,115,116,117,118,119,120,121,122,123,124,125,126,127,128,129,131,132,133,134,135,136,137,138,139,140,141,142,143,144,145,147,148,149,150,151,152,153,154,155,156,157,159,160,161,163,164,165,166,167,168,170,171,172,173,174,175,176,177,178,179,180,181,182,183,184,185,186,187,188,189,190,192,193,194,195,196,197,199,200,201,202,203,204,205,206,207,208,209,210,211,212,213,215,216,217,218,219,220,221,222,223,224,225,226
51,52,53,54,55,56,57,58,59,60,61,62,63,64,65,66,67,68,69,70,71,73,74,75,76,77,78,79,80,81,83,84,85,86,87,88,89,90,91,92,93,95,96,97,98,99,100,101,102,103,104,105,106,107,109,110,111,112,113,114,115,116,117,118,120,121,122,123,124,125,126,127,128,129,130,131,132,133,134,135,136,137,138,139,140,141,142,143,144,145,146,147,148,149,150,151,152,153,154,155,156,157,158,159,160,161,162,163,164,165,167,169,170,171,172,173,174,175,176,177,178,179,180,181,182,183,184,185,186,187,188,189,190,191,192,193,194,196,197,198,199,200,201,202,203,204,205,206,207,208,209,211,212,213,214,215,216,217,218,219,220,222,224,225,226
52,53,54,55,56,57,58,59,60,61,62,63,64,65,66,67,68,69,70,71,73,74,75,77,78,79,80,82,83,84,85,86,87,88,89,91,92,93,95,96,97,98,99,100,101,102,103,104,106,107,108,109,110,111,112,113,114,115,116,117,118,119,120,121,122,123,124,125,126,127,129,130,131,132,133,135,136,137,138,139,140,142,143,144,145,146,147,148,149,150,151,152,154,155,156,157,158,159,160,161,162,163,164,165,166,167,168,169,170,171,172,173,174,175,176,177,178,179,180,181,182,183,184,185,186,188,189,190,191,192,193,194,195,196,197,198,199,200,201,202,203,204,205,206,207,208,209,211,212,214,215,216,217,218,219,220,221,222,223,224,225,226
53,55,56,57,58,59,60,61,62,63,64,65,66,68,69,70,71,72,73,74,75,76,77,78,79,81,82,83,84,85,87,88,89,91,92,93,94,95,96,97,98,99,101,102,104,105,106,107,108,109,110,111,112,113,114,115,116,118,120,121,122,123,124,125,126,127,128,129,130,132,133,134,135,136,137,138,139,140,141,143,144,145,146,147,148,149,150,151,152,153,154,155,156,157,158,159,161,162,164,166,167,168,169,172,173,174,175,176,177,178,179,180,181,182,185,186,187,188,190,191,192,193,194,195,196,197,198,199,200,201,202,203,204,206,207,208,209,210,211,213,214,215,216,217,219,220,221,222,223,224,225,226
54,55,56,57,58,59,60,61,62,63,64,65,66,67,68,69,70,71,72,73,74,75,76,77,78,81,82,83,84,85,86,87,88,89,90,91,92,93,94,95,96,97,98,99,100,101,102,103,104,105,106,107,108,109,110,111,112,114,116,117,118,119,120,121,122,123,124,125,126,127,128,129,130,131,132,133,134,135,136,137,138,139,140,141,142,143,144,145,146,147,148,149,150,151,152,153,154,155,156,157,158,160,161,162,163,164,165,166,167,168,169,170,171,172,173,175,176,177,179,180,181,182,183,184,185,186,187,188,189,190,191,192,193,194,195,196,197,198,199,200,202,203,204,205,206,207,208,209,210,211,212,214,215,216,217,218,219,220,221,222,223,224,225,226
55,56,57,58,59,60,61,62,63,64,65,66,67,68,69,72,73,74,75,76,77,78,79,80,81,82,83,84,85,86,87,88,89,92,94,95,96,98,99,100,101,102,103,104,105,106,107,108,109,110,111,112,113,114,115,116,118,119,120,121,122,123,124,125,126,127,128,129,130,133,134,135,136,137,138,139,140,141,142,143,144,145,146,147,148,149,150,151,152,155,156,157,158,159,160,161,162,164,165,167,168,169,170,171,172,174,175,176,177,178,179,180,181,182,183,184,185,186,187,188,189,190,191,192,193,194,195,196,197,198,199,200,201,202,203,204,205,206,208,210,211,212,213,214,215,216,217,218,219,221,222,223,224,225,226
56,57,59,60,61,62,63,64,65,66,67,68,69,70,71,72,73,74,75,76,77,78,79,80,81,82,83,84,85,86,87,88,89,90,91,93,94,95,96,97,98,99,100,101,102,103,104,105,106,108,109,110,111,112,113,114,115,116,117,118,119,120,121,122,123,124,125,126,127,128,129,130,131,132,133,134,135,136,137,138,140,141,142,143,144,145,146,147,148,149,150,151,152,153,154,155,156,157,158,159,160,161,162,163,164,165,166,167,168,169,171,172,173,174,175,176,177,178,179,180,181,182,184,185,186,187,188,189,191,192,193,194,196,197,198,199,200,201,202,203,204,205,207,208,209,211,212,213,214,215,217,218,219,222,223,224,225,226
57,58,59,60,61,63,64,65,66,67,68,69,70,71,72,73,74,75,76,77,78,79,80,81,82,83,84,85,86,88,89,90,91,92,93,94,95,96,97,98,101,102,103,104,105,106,107,108,109,110,112,113,114,115,116,117,118,119,120,121,123,124,127,128,129,130,131,132,133,134,135,136,137,138,139,140,141,142,143,145,146,147,148,149,150,151,152,153,154,156,157,158,159,160,162,163,164,165,166,167,168,169,170,171,172,173,174,175,176,177,178,179,180,181,182,183,184,185,186,187,188,189,190,191,192,193,194,195,196,197,198,199,200,201,202,204,205,206,207,208,209,210,211,212,213,214,215,216,217,218,219,220,221,222,223,225,226
58,59,60,61,62,63,64,65,67,68,69,70,71,72,73,74,75,76,77,78,79,80,81,83,84,85,86,87,88,89,90,91,92,93,94,95,96,97,98,99,100,101,102,104,105,106,107,108,109,110,112,113,116,119,120,121,122,124,125,126,127,128,129,130,131,132,133,134,136,137,138,139,140,141,142,143,144,145,146,147,149,150,151,153,154,156,157,158,159,160,161,162,163,164,165,166,168,169,170,171,172,173,174,175,176,177,178,179,180,181,182,183,184,186,187,189,190,191,192,193,194,195,196,197,198,199,200,201,202,203,204,205,206,207,208,209,210,212,213,214,215,216,218,219,220,221,222,223,224,225,226
59,60,61,62,63,64,65,66,67,68,69,70,71,72,73,75,76,77,78,79,80,81,83,84,85,86,88,89,90,91,92,93,94,95,96,97,99,100,101,102,103,104,105,106,107,108,109,110,112,113,115,116,117,119,120,122,123,124,126,128,129,130,131,132,133,134,135,137,138,139,141,142,143,144,145,146,148,149,150,151,152,153,154,155,156,157,158,159,161,163,164,165,166,167,168,169,170,171,172,173,174,176,177,178,180,181,182,184,185,186,187,188,190,191,192,193,194,195,196,197,198,199,200,201,202,203,204,206,207,210,211,212,213,214,215,216,217,218,219,220,221,222,223,224,225,226
60,61,62,63,64,65,66,67,68,69,70,71,72,73,74,75,76,77,78,79,80,81,84,85,86,88,90,91,92,93,94,95,96,97,98,99,100,101,102,103,104,105,106,107,108,109,110,111,112,113,114,115,116,117,118,119,120,121,122,123,124,125,126,127,129,130,131,133,134,135,136,137,138,139,140,141,142,143,144,146,148,149,150,151,152,153,154,155,156,157,158,159,160,161,162,163,164,165,166,167,168,170,171,172,174,175,176,177,178,179,180,181,182,184,185,186,187,188,189,191,192,193,194,195,196,197,198,199,200,201,202,203,204,205,206,207,208,209,210,212,213,214,215,217,218,219,221,222,223,224,225,226
61,62,63,64,66,67,68,69,70,71,72,73,74,75,76,77,78,79,81,82,83,85,86,87,88,89,90,91,92,93,94,95,96,97,98,99,100,101,102,103,104,105,107,108,109,110,111,112,113,114,115,117,118,119,120,121,122,123,124,125,126,127,128,129,130,131,132,133,134,135,137,138,139,140,141,142,143,144,145,146,147,148,149,150,152,153,154,155,156,157,158,159,160,161,162,163,164,165,166,167,168,169,170,171,173,174,175,176,177,178,179,180,182,183,184,185,186,187,188,189,190,191,192,193,194,195,196,198,199,200,201,203,204,205,206,207,208,209,210,211,212,213,214,216,217,218,219,220,221,223,224,226
62,63,64,65,66,67,68,70,71,72,73,74,75,76,77,79,80,81,83,84,85,86,87,88,89,90,91,92,93,94,95,96,97,98,99,100,101,102,103,104,105,106,107,108,109,110,111,112,113,115,116,118,119,120,121,122,123,124,125,126,127,128,129,130,131,132,133,134,135,136,137,138,139,141,142,143,144,145,146,147,148,149,150,151,152,153,154,155,156,157,158,159,160,161,162,163,164,165,166,167,168,169,170,171,172,173,174,175,176,177,178,179,180,181,182,183,184,185,186,187,188,189,190,191,192,193,194,195,197,198,199,200,201,202,203,204,205,206,207,209,210,211,212,213,214,215,216,217,218,219,220,221,222,223,224,225
63,64,65,66,68,70,71,72,73,74,75,76,77,78,79,80,81,82,83,84,85,86,87,88,89,90,91,92,93,94,96,97,98,99,100,101,102,103,104,106,108,109,110,111,112,113,114,115,117,118,119,121,123,124,126,127,128,129,130,131,133,135,136,137,138,139,140,141,142,143,144,145,146,147,148,149,150,151,152,153,154,155,156,157,158,159,160,161,162,163,164,165,166,167,168,169,170,171,172,173,174,175,176,177,178,179,181,182,183,184,185,186,187,188,189,190,191,192,194,195,196,197,198,199,200,201,202,203,204,205,206,207,208,209,210,211,212,213,215,216,217,219,220,221,222,223,224,225,226
64,65,66,67,68,70,71,72,73,74,75,76,77,78,79,80,81,82,83,85,87,88,89,90,91,92,93,94,95,96,97,98,100,101,102,103,104,105,106,107,108,109,110,111,112,113,114,115,116,117,118,119,120,122,123,124,125,126,127,128,129,130,131,132,133,134,135,136,137,138,139,141,142,143,144,145,146,148,149,150,151,152,154,155,156,157,158,159,160,161,162,163,164,165,166,167,168,169,170,171,172,173,174,175,176,177,178,179,182,183,184,185,186,187,188,189,190,191,192,194,195,196,197,198,199,200,201,202,203,204,206,207,208,209,210,211,212,213,214,216,217,218,219,220,221,222,223,224,225,226
65,66,68,70,71,72,73,74,75,76,77,78,80,81,82,83,84,85,86,87,88,89,90,91,92,93,94,95,96,97,98,99,100,101,102,103,104,105,106,107,108,109,110,111,112,113,114,115,116,117,118,119,120,121,122,123,124,125,126,127,128,129,130,131,132,133,134,135,136,137,138,139,140,141,142,144,145,147,148,149,150,152,153,154,155,156,157,158,159,160,161,162,163,164,166,167,168,169,170,171,172,173,174,176,177,178,179,180,181,182,183,184,185,186,187,188,189,190,192,193,194,195,196,198,199,200,201,202,203,204,205,206,207,208,209,210,211,212,213,214,215,216,217,218,219,221,222,223,224,225,226
66,67,68,69,70,71,72,73,74,75,76,77,78,79,80,81,82,83,84,85,86,87,88,90,91,92,93,94,95,96,97,98,99,100,101,103,104,105,106,107,109,110,111,112,113,114,115,116,117,118,119,121,122,123,124,125,126,127,128,129,130,131,133,137,138,139,140,141,142,143,144,145,146,147,148,149,150,152,153,154,155,156,157,158,159,160,161,162,163,164,165,166,167,169,170,171,172,173,174,175,176,177,178,179,180,181,182,183,184,185,186,188,189,190,191,192,193,194,195,196,197,198,199,200,201,202,203,204,205,206,207,208,209,210,211,212,213,214,215,216,217,218,219,220,221,222,223,224,225,226
67,68,69,70,71,72,73,74,76,77,78,79,80,81,82,83,84,85,86,87,88,90,91,92,93,94,95,96,97,98,99,101,102,104,105,106,107,108,109,111,112,113,114,115,116,117,118,119,120,121,122,123,124,125,126,127,128,129,130,131,132,133,134,135,136,137,138,139,140,142,144,145,146,147,148,149,150,151,152,153,154,155,156,157,158,159,160,161,162,163,164,165,166,167,168,169,170,172,174,175,176,177,178,179,180,181,182,183,184,185,186,187,189,190,191,192,193,194,195,196,197,198,199,200,201,204,206,207,208,209,210,211,212,213,214,215,217,218,219,220,221,222,224,225,226
68,69,70,71,72,73,74,76,77,79,80,81,82,83,84,85,86,87,88,89,90,92,93,94,95,96,97,98,99,100,101,102,103,104,105,106,109,110,111,112,113,114,115,116,117,118,119,120,121,122,123,124,126,127,129,130,131,132,133,134,135,136,139,140,141,142,143,144,145,146,147,148,149,150,151,152,153,154,155,156,157,158,159,160,161,162,163,164,165,166,167,168,169,171,172,173,175,176,177,178,179,180,181,182,183,184,185,186,187,188,190,191,192,193,194,196,197,199,200,202,203,205,206,207,208,209,210,211,212,214,215,216,217,218,219,220,221,222,223,224,225,226
69,70,71,72,73,74,75,77,78,79,80,82,83,84,85,86,87,88,89,90,91,92,93,94,95,96,97,98,99,100,101,102,103,104,106,107,108,109,111,113,114,115,116,117,118,119,120,121,123,124,125,126,127,128,129,130,132,133,134,135,136,137,138,139,140,141,142,143,144,145,146,147,148,149,150,151,152,154,155,156,157,158,159,160,161,162,164,165,166,167,168,169,170,171,172,173,174,175,176,177,178,179,180,181,182,183,184,185,186,187,188,189,190,191,192,193,194,195,196,197,198,199,200,201,202,203,205,206,207,208,209,210,211,213,214,215,216,217,218,219,220,221,222,223,224,225,226
70,71,72,73,74,75,76,77,78,79,80,81,82,83,84,86,87,88,89,90,91,92,93,94,95,96,97,98,101,102,103,104,105,106,107,108,109,110,111,112,113,114,115,116,117,118,120,121,122,123,124,125,126,127,128,129,130,131,132,133,134,135,136,137,138,139,140,142,143,144,145,146,147,148,149,150,151,152,153,154,155,156,157,158,159,160,161,163,164,165,166,167,168,169,170,171,172,173,175,176,178,179,180,181,182,183,185,186,187,188,189,190,191,192,193,194,195,197,198,199,200,201,202,203,204,205,206,207,208,209,210,211,212,213,214,215,216,217,218,219,220,221,222,223,224,225,226
71,72,73,74,75,76,77,78,79,80,81,82,83,84,85,86,87,89,90,91,92,93,94,95,96,97,98,99,100,101,103,104,105,107,108,109,110,111,112,113,114,115,116,117,118,119,120,122,123,124,125,126,127,128,129,130,131,132,133,134,135,136,137,138,140,141,142,143,144,145,146,147,148,149,150,151,152,153,154,155,156,157,158,159,160,161,162,163,164,165,166,167,168,169,170,171,172,174,175,176,177,178,179,180,181,183,184,185,187,188,189,190,191,192,193,194,195,196,197,198,199,200,201,202,203,204,205,206,207,208,209,210,211,212,213,214,215,217,218,219,221,222,223,224,225,226
72,73,74,75,76,77,78,79,80,81,82,83,84,85,86,87,88,89,90,92,93,94,96,98,99,100,101,102,103,105,106,107,108,109,110,111,112,113,114,115,116,117,118,119,120,121,122,123,125,126,127,129,130,131,132,133,134,135,137,138,139,140,141,142,143,145,146,147,148,149,150,151,154,156,157,158,159,160,161,162,163,164,165,166,167,168,169,170,171,172,173,174,175,176,178,179,180,181,182,183,185,186,187,188,189,190,191,192,193,194,195,196,197,198,199,200,201,202,203,204,205,207,208,210,211,212,213,214,215,216,217,218,219,220,221,222,223,224,225,226
73,74,75,76,78,79,80,82,83,84,85,86,87,88,90,91,92,93,94,95,96,97,98,99,100,101,102,103,104,105,106,107,108,109,110,111,112,113,114,115,116,117,119,120,121,122,123,124,125,126,127,128,129,130,131,132,133,134,135,136,137,138,140,142,143,144,146,147,148,149,150,151,152,153,154,155,156,157,158,159,160,161,162,163,164,165,166,167,168,169,170,171,172,173,174,175,176,177,178,179,180,181,182,183,184,185,186,187,188,189,190,191,192,193,194,195,196,197,199,200,201,202,203,204,205,207,208,209,210,211,212,213,214,216,217,218,219,220,221,222,223,224,226
74,75,76,78,79,80,81,82,83,84,85,86,87,88,89,90,91,92,93,94,95,96,97,98,99,100,101,102,103,104,105,106,108,109,111,112,113,114,115,116,117,118,119,120,122,123,124,125,126,127,128,129,130,131,132,133,134,135,136,137,138,139,141,143,144,145,146,147,148,149,150,151,152,153,154,155,156,157,158,159,160,161,162,163,164,165,166,167,168,170,171,172,173,174,175,176,177,178,179,180,181,182,183,184,185,186,187,188,190,192,194,195,196,197,198,199,200,201,203,204,205,206,207,208,209,210,211,212,213,214,215,216,217,218,219,220,221,222,223,224,225,226
75,76,77,78,79,80,81,82,83,84,85,86,88,89,90,91,92,93,94,95,96,97,99,100,101,102,103,104,105,106,107,108,109,110,111,112,115,117,118,119,120,121,122,123,124,125,126,127,128,130,131,132,134,135,136,137,138,139,140,141,142,143,144,145,146,147,148,149,150,151,152,153,154,155,156,157,158,159,160,161,162,163,164,165,167,168,169,171,172,173,174,175,176,177,178,179,180,181,182,184,185,186,187,189,190,191,192,193,194,195,196,197,198,200,201,202,204,205,206,207,208,209,210,211,212,213,214,215,216,218,219,220,221,222,223,224,225,226
76,78,79,80,81,83,84,85,86,87,88,89,90,91,92,93,94,96,97,98,99,100,101,102,104,105,106,107,108,109,110,111,112,113,114,115,116,117,118,119,120,121,122,123,124,125,126,127,128,129,130,131,132,134,135,136,137,138,139,140,141,143,144,145,146,147,148,149,150,151,152,153,154,155,156,157,158,159,160,161,162,164,165,166,167,168,169,170,171,172,173,174,175,176,177,178,179,180,181,182,183,184,185,186,188,190,191,193,194,196,197,198,199,200,201,203,204,205,206,207,208,209,210,211,213,214,215,216,217,218,219,221,223,224,225
77,78,79,80,81,82,83,85,86,87,88,89,90,91,92,93,95,96,97,98,99,100,101,102,103,104,105,106,107,108,109,110,111,112,113,114,115,116,117,118,119,120,121,122,124,125,126,127,128,130,131,132,133,134,135,136,137,138,139,140,141,142,144,145,146,147,149,150,151,153,154,155,156,158,159,160,161,162,163,164,165,166,167,168,169,170,171,172,173,174,175,176,177,179,180,181,182,183,184,185,186,187,188,189,190,191,194,195,196,197,198,199,200,201,202,203,204,206,207,208,209,210,211,212,213,214,215,216,217,218,219,220,221,222,223,224,225,226
78,79,80,82,83,84,85,86,87,88,89,90,91,92,93,94,95,96,97,98,99,100,101,102,103,104,105,106,108,109,110,111,112,113,114,115,116,117,118,119,120,121,122,123,124,125,126,127,128,129,130,131,133,134,135,136,137,139,140,141,142,143,144,145,146,147,148,149,150,151,153,154,155,156,157,158,159,160,161,162,163,164,165,166,167,168,169,170,172,173,174,175,176,177,178,179,180,181,182,184,185,186,187,188,189,190,191,192,193,194,195,196,197,198,199,200,201,202,203,204,205,206,207,208,209,210,211,212,213,214,215,216,217,218,219,220,221,222,223,225,226
79,80,81,82,83,84,85,86,87,88,89,90,91,92,93,94,95,96,97,98,99,100,101,103,104,105,106,107,108,109,110,111,112,113,114,115,116,117,118,119,120,121,122,123,124,126,127,128,129,130,131,132,133,135,136,137,138,139,141,142,143,144,145,146,147,148,150,151,152,153,154,155,156,157,158,159,160,161,162,163,164,165,166,167,168,169,170,171,172,173,174,175,176,177,178,179,181,182,183,184,186,187,189,190,192,193,194,195,196,197,198,199,200,201,202,203,204,205,206,207,209,210,211,213,214,217,218,219,220,221,222,223,224,225,226
80,81,82,83,84,85,86,87,88,89,90,91,92,93,94,95,96,97,98,100,102,103,104,105,106,107,108,109,110,111,112,113,114,115,116,117,118,119,120,121,122,123,125,126,127,128,129,130,131,132,133,135,136,137,139,140,141,142,143,144,145,146,147,148,149,150,151,152,153,154,155,156,158,159,160,161,162,163,164,165,166,167,168,169,170,172,173,174,175,176,177,178,180,181,182,184,185,186,187,188,189,190,191,192,193,194,195,196,197,198,199,200,201,202,203,204,205,206,207,208,210,211,212,214,215,216,217,218,219,220,221,222,223,224,225
81,82,84,85,86,87,88,89,90,91,92,93,94,95,97,98,99,100,101,102,103,104,106,107,108,109,110,111,112,113,114,115,116,117,118,119,120,121,122,123,125,126,127,128,129,130,132,133,135,136,137,138,140,141,142,143,144,145,146,147,148,149,150,151,152,153,154,155,156,157,158,159,160,162,163,164,165,166,168,169,170,171,172,173,174,175,176,177,178,179,180,181,182,183,184,185,186,187,188,189,190,191,192,193,194,195,196,197,198,199,200,201,202,203,204,205,206,207,208,209,210,211,212,213,214,215,216,217,218,219,220,221,222,223,224,225,226
82,83,84,85,86,87,88,89,91,92,93,94,95,96,97,98,100,101,102,103,104,105,106,107,108,109,110,111,112,113,114,115,116,117,118,119,120,121,122,123,124,125,126,127,128,129,130,131,132,133,135,136,137,138,139,140,141,142,143,144,145,146,147,148,149,150,151,152,153,154,155,156,158,159,160,161,162,163,164,166,167,168,169,170,171,172,173,175,176,178,180,181,182,183,184,185,186,187,188,189,190,191,192,193,194,195,196,197,198,199,200,201,202,203,204,205,206,207,208,209,210,211,212,213,216,217,218,220,221,223,224,226
83,84,85,86,87,88,89,90,91,92,93,94,95,96,97,98,100,101,102,103,104,105,106,107,108,110,111,112,113,114,115,117,118,119,120,121,122,123,124,125,126,127,129,130,131,132,133,134,137,138,139,141,142,143,144,145,147,148,149,150,151,152,153,154,155,156,157,158,159,160,161,162,163,164,165,166,168,169,170,171,172,173,174,175,176,177,178,179,180,182,184,185,186,187,188,189,190,191,192,193,194,195,196,197,198,199,200,201,202,203,204,205,206,207,210,211,212,213,215,216,217,218,219,220,221,222,223,225,226
84,85,86,87,88,89,90,91,92,93,94,95,96,99,100,101,102,103,104,105,106,107,108,109,110,111,112,113,114,115,116,118,119,120,121,122,123,124,125,126,128,129,130,131,133,134,135,136,137,138,139,140,141,142,143,144,145,146,147,148,149,150,151,152,153,154,155,156,157,158,159,160,162,163,164,165,166,167,168,169,170,171,172,173,174,175,176,177,178,179,181,182,183,184,186,187,188,189,190,191,192,193,194,196,197,198,199,200,201,202,203,204,205,206,207,208,209,210,211,212,213,214,215,216,217,218,219,220,221,223,224,225,226
85,86,87,88,90,91,93,94,95,96,97,98,99,100,101,102,103,104,105,106,107,108,109,110,111,112,113,114,115,116,117,118,119,120,121,122,123,124,125,126,127,129,130,131,132,133,134,135,136,137,138,139,140,142,143,144,145,146,147,148,149,150,151,152,153,154,155,156,157,158,159,160,161,162,163,164,165,166,167,168,169,170,171,172,173,174,175,176,177,178,179,180,181,182,183,184,185,186,189,190,191,192,193,194,195,196,197,198,199,200,201,202,203,204,205,206,208,209,210,211,212,213,214,215,216,217,218,219,220,221,222,224,225,226
86,87,88,89,90,91,92,93,94,96,97,98,100,101,102,103,104,105,106,107,109,110,111,112,113,114,115,117,118,120,121,122,123,124,125,126,127,128,129,130,131,133,134,135,136,137,138,139,143,146,147,148,149,150,151,152,153,154,155,156,157,158,159,160,161,162,163,164,165,167,168,169,170,171,172,173,174,175,176,177,178,179,181,182,183,184,185,186,187,188,189,190,191,192,193,194,195,196,197,198,200,201,203,205,206,207,209,210,211,212,213,214,215,216,217,218,219,220,221,222,223,224,225,226
87,88,89,90,92,93,94,95,96,97,98,99,100,101,102,103,104,106,107,108,109,110,111,112,114,115,116,117,118,119,121,122,123,124,125,126,128,130,131,132,133,134,135,136,137,138,139,140,141,142,143,144,145,146,147,148,149,150,151,153,154,155,156,157,158,159,160,161,162,163,164,165,166,167,168,169,170,171,173,174,175,176,177,178,179,180,181,182,184,185,186,187,188,190,191,192,193,194,195,196,197,198,199,200,201,202,203,204,205,206,208,209,210,211,212,213,214,215,216,217,218,219,220,221,222,224,225,226
88,89,90,91,92,93,94,96,97,98,99,100,101,102,103,104,105,106,107,108,109,110,111,112,113,114,115,116,117,118,119,120,121,122,123,124,125,128,129,130,131,133,134,135,136,137,138,139,140,141,142,143,144,145,146,147,148,149,150,151,152,153,154,155,156,157,158,159,160,162,163,164,165,166,168,169,170,171,172,173,174,175,176,177,178,179,180,182,183,184,185,186,187,188,189,190,191,192,193,194,195,196,197,198,199,200,201,202,203,204,205,206,207,208,209,210,211,212,213,214,215,216,217,218,219,220,221,222,223,224,225,226
89,90,91,92,93,94,95,96,97,98,99,101,102,103,104,105,106,107,108,109,110,111,112,113,114,115,116,117,118,120,121,123,125,126,127,128,129,130,131,132,133,134,135,136,138,139,140,141,142,143,144,145,146,147,148,149,150,151,152,153,154,155,156,157,158,159,160,161,162,163,164,165,166,167,168,169,170,171,172,173,174,175,176,177,178,179,180,181,182,183,185,186,187,188,189,190,191,192,193,194,195,196,197,198,199,200,201,202,203,204,205,206,207,208,209,210,211,212,213,214,215,216,217,218,219,220,221,222,223,224,225,226
90,91,92,93,94,95,96,97,98,99,100,101,102,103,104,105,106,107,108,109,110,111,113,114,115,116,117,118,119,120,121,122,123,124,125,126,127,129,130,131,132,133,135,136,137,138,139,141,142,143,144,145,146,147,148,149,150,151,152,153,155,156,157,158,159,161,162,163,164,165,166,167,168,169,170,171,173,174,175,176,177,178,179,180,181,182,183,184,187,188,189,190,191,192,193,194,195,196,197,198,199,200,201,202,203,204,205,206,210,211,212,213,214,215,216,217,218,219,220,221,222,223,224,225,226
91,92,93,94,95,96,97,98,99,100,102,103,104,105,106,107,108,110,111,112,113,114,115,117,118,119,120,121,122,123,124,125,127,128,129,130,131,134,135,136,137,138,140,141,142,143,144,147,148,149,150,151,153,154,155,156,158,159,160,161,162,163,165,167,168,169,170,171,172,173,174,175,176,178,179,180,182,183,184,185,186,187,188,189,190,191,192,194,195,197,198,199,200,201,202,204,205,206,207,208,209,210,211,212,213,214,215,216,218,219,220,221,222,223,224,225,226
92,93,94,96,97,98,99,100,101,102,103,105,106,107,108,109,110,111,112,113,114,115,116,117,118,119,120,121,122,123,124,125,126,127,128,129,130,131,133,134,135,137,138,139,140,142,143,144,145,146,147,148,149,150,151,152,153,154,156,157,158,159,160,161,162,163,164,165,166,167,168,169,170,171,172,173,174,176,177,178,179,180,181,182,183,184,185,186,187,189,190,191,192,193,194,195,196,197,198,199,200,201,202,203,204,205,206,208,209,210,211,212,213,214,215,216,217,218,219,220,221,222,223,224,225,226
93,94,95,97,98,99,101,102,103,104,105,106,107,108,109,110,111,112,113,114,115,116,117,118,119,120,121,122,123,124,125,126,127,129,130,131,132,133,134,135,136,138,139,141,142,143,144,145,146,147,148,149,151,152,153,154,155,157,158,159,160,161,162,163,164,165,166,167,168,169,170,172,173,174,175,176,177,178,179,180,181,182,183,184,185,186,187,188,189,190,191,192,193,194,195,196,197,198,199,200,201,202,203,204,205,206,207,208,209,210,211,212,213,214,215,216,217,219,220,221,222,223,224,225,226
94,95,96,97,98,99,100,101,102,103,104,105,106,107,109,110,112,113,114,115,116,117,118,119,120,121,122,123,124,125,127,128,129,130,131,132,133,134,135,136,137,138,139,140,141,142,143,144,145,146,147,148,149,151,152,153,154,155,156,158,159,160,161,162,163,164,165,166,167,168,169,170,171,172,173,175,176,177,178,179,180,181,182,183,184,185,186,187,188,189,190,191,192,193,195,196,197,198,199,202,203,204,206,207,208,209,210,211,212,214,215,216,217,218,219,221,222,223,224,225,226
95,96,97,99,100,101,102,103,104,105,106,107,108,110,111,113,114,115,116,117,118,119,120,121,122,123,124,125,126,127,128,129,130,132,133,134,135,136,137,138,139,140,141,142,143,144,145,146,147,148,149,150,151,152,153,154,155,156,157,159,160,161,162,163,164,165,167,168,169,170,171,172,173,174,175,176,177,179,180,181,182,183,184,185,186,187,188,189,190,191,192,193,194,195,196,197,198,199,200,201,202,203,204,205,206,208,209,210,211,212,213,214,215,216,217,218,219,220,221,222,224,226
96,97,98,100,101,102,103,104,105,106,107,108,110,111,112,113,114,115,116,117,119,120,121,122,123,124,125,126,127,128,130,131,132,134,135,136,137,138,139,140,141,142,143,144,146,147,148,149,150,151,152,153,154,155,156,157,158,159,160,161,162,163,164,165,166,167,168,169,170,171,172,173,174,175,176,177,178,179,180,181,182,183,184,185,187,188,189,191,193,194,195,196,197,198,199,201,202,203,204,205,206,207,208,209,210,211,212,213,214,215,216,217,218,219,220,221,222,223,224,225,226
97,98,99,100,101,102,103,104,105,106,107,109,110,111,112,113,114,115,116,117,118,120,121,122,124,125,126,127,128,129,130,131,132,133,134,135,136,137,138,139,140,141,142,143,144,145,146,147,148,149,150,151,152,153,154,155,156,157,159,160,161,162,163,164,165,166,167,168,169,170,171,172,173,174,175,176,177,178,180,181,182,183,185,187,188,189,190,191,192,193,194,195,196,197,198,199,200,201,202,203,204,205,206,207,208,209,210,211,212,213,214,215,216,217,218,219,220,221,222,223,224,225,226
98,99,100,101,102,103,104,105,106,107,108,109,110,111,112,113,114,115,116,117,118,119,120,121,123,124,125,126,127,128,129,130,131,132,133,134,135,137,138,139,140,141,142,143,144,145,146,147,148,149,150,151,152,153,154,155,156,157,158,159,161,163,164,165,166,167,168,170,171,172,173,174,175,176,178,179,180,181,183,185,186,187,188,189,190,191,192,193,194,195,196,197,198,199,200,201,202,203,204,205,206,207,208,209,210,211,212,213,214,215,216,217,218,220,221,222,224,225,226
99,101,102,103,104,106,107,108,110,112,113,114,115,116,117,118,119,120,121,122,123,124,125,126,127,128,129,130,131,132,133,134,136,137,138,139,140,141,142,143,144,145,146,147,148,149,150,151,152,153,154,156,157,158,159,160,161,162,163,164,165,166,167,168,169,170,171,172,173,174,175,176,177,178,179,180,181,182,184,185,187,188,189,190,191,192,193,194,195,196,197,198,199,200,201,202,203,204,205,206,207,208,209,210,211,212,213,214,215,216,217,221,222,223,225
100,101,102,103,104,105,106,107,109,110,111,112,113,114,115,116,117,118,119,120,121,122,123,124,125,126,127,128,129,130,132,133,134,135,136,137,138,139,140,141,142,143,144,145,146,147,148,149,150,151,152,153,154,155,156,157,158,160,161,162,163,164,165,167,168,169,170,171,172,173,174,175,176,177,178,179,180,181,182,183,184,185,186,187,188,189,190,191,192,193,194,195,196,197,198,199,200,201,202,203,204,205,206,208,209,210,211,212,213,214,215,217,218,219,220,221,222,223,224,225,226
101,102,103,104,105,106,107,108,109,110,111,112,113,114,115,117,118,119,120,122,123,124,125,128,129,130,131,132,133,134,135,136,138,139,140,141,142,143,144,145,146,147,148,149,150,151,152,153,155,156,157,158,159,160,161,162,163,164,165,166,167,169,171,172,173,174,175,176,178,179,180,181,182,183,184,186,187,188,189,190,191,193,194,195,197,198,199,200,201,202,203,204,205,206,207,208,209,211,212,213,214,215,216,217,218,219,220,221,222,223,224,225,226
102,103,104,105,106,107,108,109,110,112,113,115,116,117,118,119,120,121,123,124,125,126,127,129,130,131,132,133,134,135,137,138,139,140,141,142,143,144,145,146,147,148,149,150,151,152,153,154,156,157,158,159,160,161,162,163,164,165,166,167,168,169,170,171,172,174,175,176,177,178,179,180,181,182,183,185,186,187,189,190,191,192,193,194,195,196,197,200,201,202,203,204,205,206,207,208,209,210,211,212,215,216,217,219,220,221,222,223,224,225,226
103,104,105,106,107,110,111,112,113,114,115,116,117,119,120,121,122,123,124,125,126,127,128,130,132,133,134,135,136,137,138,140,141,142,143,144,145,146,147,148,149,150,151,152,153,154,155,156,157,158,159,160,162,163,164,165,166,167,168,170,171,172,173,174,175,177,178,179,180,181,182,183,184,185,186,187,188,189,190,191,192,193,194,195,196,197,198,199,200,201,202,203,204,205,206,207,208,209,210,211,212,213,214,215,216,218,219,220,221,222,223,224,225
104,105,106,107,108,109,110,111,112,113,114,116,117,118,119,120,121,122,123,124,125,126,127,128,129,130,131,133,134,135,136,137,138,139,140,141,142,143,144,145,146,149,150,151,152,153,154,155,156,157,158,159,160,161,162,163,164,165,166,167,168,169,170,171,172,173,174,175,176,177,178,180,181,182,183,184,185,186,187,188,189,191,192,193,194,195,196,197,198,199,200,201,202,203,204,205,207,208,209,210,211,212,213,214,215,216,217,218,219,220,221,222,223,224,225
105,106,107,108,109,110,111,112,113,114,115,117,118,119,120,121,122,123,124,125,126,127,128,129,130,131,132,133,134,135,136,137,138,139,140,141,142,143,144,145,147,148,149,151,152,153,154,155,156,157,158,159,160,161,162,163,164,166,167,168,169,170,171,172,173,174,175,176,177,178,179,180,181,182,183,184,185,186,187,188,189,190,192,193,195,196,197,199,200,201,202,204,205,206,207,208,209,210,211,213,214,215,216,217,218,219,220,221,222,223,224,225,226
106,107,108,109,110,111,112,113,114,115,117,118,119,120,121,122,123,124,125,126,127,128,129,130,131,132,133,134,135,136,137,138,139,140,141,142,143,144,145,146,148,149,150,151,152,153,154,155,156,158,159,160,161,162,163,164,165,166,167,168,169,170,171,172,173,174,175,176,177,178,179,180,181,182,184,185,186,187,188,189,190,192,193,194,196,197,198,199,200,201,202,203,204,206,207,208,209,210,211,212,213,215,216,217,218,219,220,221,222,223,224,225,226
107,108,109,110,111,112,113,114,115,116,117,119,120,121,122,123,124,125,126,127,128,129,130,131,132,134,135,136,137,138,139,140,141,142,143,144,145,146,147,148,150,151,153,154,155,157,158,159,160,161,162,163,164,165,166,167,168,169,170,171,172,173,175,176,177,178,179,180,181,182,183,184,185,186,187,188,189,190,191,192,193,194,195,196,197,198,199,200,201,202,203,204,208,209,210,211,212,213,214,215,217,219,220,221,223,224,225,226
108,109,110,111,113,115,116,117,118,119,120,121,122,123,124,125,126,127,128,129,130,131,133,134,135,136,137,139,140,141,142,143,144,145,146,147,148,149,150,151,152,153,154,155,156,157,158,159,162,163,165,166,167,168,169,170,171,172,174,176,177,178,179,180,181,182,183,184,185,186,187,188,189,190,191,192,193,194,195,196,197,199,200,201,202,203,204,205,206,207,208,209,210,211,212,213,214,215,216,217,218,219,220,221,222,223,224,225
109,110,111,112,113,114,115,116,117,118,119,120,121,123,124,125,126,127,128,129,130,131,132,133,134,135,136,137,138,139,140,141,142,143,144,145,146,147,148,149,150,151,152,153,154,155,156,157,158,159,160,161,162,163,164,165,166,167,168,169,170,171,172,174,175,176,177,178,179,181,182,183,184,185,186,187,188,189,190,191,192,193,194,195,196,197,198,199,200,201,202,203,204,205,206,207,208,209,210,211,212,215,216,217,218,220,221,222,224,225,226
110,111,112,113,114,115,116,117,118,120,121,122,123,124,125,126,127,128,129,130,131,132,133,134,135,136,137,139,140,141,142,143,144,145,146,148,149,150,151,152,153,154,155,156,157,158,160,161,162,163,164,165,166,167,168,169,170,171,172,173,174,175,176,177,178,179,180,181,182,183,184,185,186,187,188,190,191,192,193,194,195,196,197,198,199,200,201,202,203,204,205,206,207,208,209,210,212,213,214,215,218,220,221,222,223,224,225,226
111,112,113,114,115,116,117,118,119,120,121,122,123,125,126,127,128,129,130,131,132,133,135,136,137,138,139,140,141,142,143,144,145,146,147,148,149,150,151,152,154,155,156,157,158,159,160,161,162,163,164,165,166,167,170,171,172,173,174,175,176,177,178,180,181,182,183,184,185,187,188,189,190,191,193,194,195,196,198,199,200,201,202,203,204,205,206,207,208,209,210,211,212,214,215,216,217,218,219,220,221,222,223,224,225,226
112,113,114,115,116,117,118,119,121,123,124,125,126,127,128,129,130,131,132,133,134,135,136,138,139,140,142,143,145,146,147,149,151,152,153,154,155,156,157,158,159,160,161,162,163,164,165,166,167,168,169,170,171,172,173,174,175,176,177,178,179,180,181,184,185,186,187,188,189,190,191,192,193,194,196,197,198,199,200,201,203,204,205,206,207,208,209,210,211,212,213,214,215,216,217,218,219,220,221,222,223,224,225,226
113,114,115,117,118,119,120,121,122,123,124,125,126,127,128,129,130,131,132,133,134,135,136,137,138,139,140,141,142,143,144,145,146,147,149,150,151,152,154,155,156,157,158,159,160,161,162,163,164,165,166,167,168,169,170,171,172,173,174,176,177,179,180,181,182,183,184,185,186,188,189,190,191,192,193,194,195,196,198,200,201,202,203,204,205,206,208,209,210,211,212,213,214,215,216,217,218,219,220,222,223,224,225,226
114,115,116,117,118,119,120,121,122,123,125,126,127,128,129,130,131,132,133,134,135,136,137,138,139,140,141,142,143,144,145,146,147,148,149,150,151,152,153,154,155,156,157,158,160,161,162,164,165,166,167,168,169,170,171,172,173,174,175,176,178,179,180,181,182,183,184,185,186,188,189,190,191,192,193,194,195,196,198,199,200,201,202,203,205,206,207,208,209,210,211,212,213,214,215,217,218,219,220,221,222,223,224,225
115,116,117,118,119,120,121,122,123,124,125,126,127,129,130,131,132,133,134,135,136,137,138,139,140,141,142,143,144,145,146,147,148,149,150,151,152,153,154,155,156,157,159,160,162,163,164,165,166,167,168,170,171,172,173,175,176,177,179,180,181,182,183,184,185,186,187,188,189,190,191,192,193,194,195,196,197,198,199,200,201,203,204,205,206,207,208,209,210,211,212,213,214,215,216,217,218,219,220,221,222,223,224,226
116,117,118,119,121,123,124,126,127,129,130,131,132,133,134,135,136,137,138,139,140,141,142,143,144,145,146,147,148,149,150,151,152,153,154,155,156,157,158,159,160,161,162,163,165,166,167,168,169,170,171,172,173,174,175,176,177,178,179,180,181,183,184,185,186,187,188,189,190,191,192,193,194,195,196,197,198,199,200,201,202,203,204,205,206,207,208,209,210,212,214,215,216,217,218,219,220,221,222,223,224,225
117,118,119,120,121,122,123,124,125,126,127,128,129,130,131,132,133,134,136,137,140,141,142,143,144,145,146,147,148,149,150,151,152,153,154,156,157,158,159,160,161,162,163,164,165,166,167,168,169,170,171,172,173,174,175,176,177,178,179,180,181,182,183,184,185,186,187,188,189,190,191,192,193,194,195,196,197,198,199,200,201,202,203,204,205,206,207,208,209,210,211,212,213,214,215,216,217,218,219,220,221,222,223,224,225,226
118,119,120,121,122,123,124,125,126,127,129,131,132,135,136,137,138,139,140,141,142,143,144,145,146,147,148,149,150,151,152,153,154,155,156,157,158,159,160,161,162,163,164,165,166,167,168,169,170,172,173,174,175,176,177,178,179,180,181,182,183,184,185,186,187,188,189,190,191,192,193,194,195,196,197,198,199,200,201,202,203,205,206,207,208,209,210,211,213,214,215,216,217,218,219,220,221,223,224,225
119,120,121,122,123,124,125,126,127,129,130,131,132,133,134,135,136,137,138,139,140,141,142,143,144,145,146,147,148,149,150,152,153,154,155,156,157,158,159,160,161,163,164,166,167,168,169,170,171,172,173,174,175,176,177,178,179,180,181,182,183,184,185,186,187,188,189,190,191,192,193,195,196,197,198,199,200,201,202,203,204,205,206,207,208,209,210,211,212,213,214,215,216,217,218,219,220,221,222,223,224,225,226
120,121,122,123,124,125,126,127,128,129,130,132,133,134,135,136,137,138,139,140,141,142,143,144,145,146,147,148,149,150,151,152,153,154,155,156,157,158,159,160,161,162,163,164,165,166,167,168,169,170,171,172,173,174,175,176,178,179,180,181,182,183,184,185,186,187,188,189,190,191,192,193,194,195,196,197,199,200,201,202,203,204,205,206,207,208,209,210,211,212,213,214,215,216,217,219,220,221,222,223,224,225
121,122,123,124,126,127,128,129,130,132,133,134,135,136,137,138,139,141,142,143,144,145,146,147,148,149,150,151,152,153,155,156,158,159,160,161,164,165,167,168,170,171,172,173,174,175,176,177,178,179,180,181,182,183,184,185,186,187,188,189,190,193,194,195,196,197,198,199,200,201,202,203,204,205,206,207,208,209,210,211,212,213,214,216,217,218,219,220,221,222,223,224,225,226
122,123,124,125,126,127,128,130,131,132,133,134,135,136,137,138,139,141,142,143,144,146,147,148,149,150,151,152,153,154,156,157,158,159,162,163,164,165,166,167,168,169,170,172,173,174,175,176,177,178,179,180,181,182,183,184,185,186,187,188,189,190,191,192,193,194,195,196,197,198,199,200,201,202,203,204,205,206,208,209,211,212,213,214,215,216,217,218,219,220,221,222,223,224,225,226
123,124,126,128,129,130,133,134,135,136,137,138,139,140,141,142,143,144,145,146,147,148,149,150,151,152,153,155,156,157,158,159,160,161,162,163,164,165,166,167,168,169,170,171,172,173,174,175,176,177,178,179,180,181,182,183,184,185,186,187,188,189,190,191,193,194,195,196,197,198,199,200,201,202,203,204,206,207,208,209,210,211,212,213,214,215,216,218,219,220,221,222,223,224,225,226
124,125,126,127,128,129,130,131,132,133,134,135,136,137,139,140,141,142,144,145,146,147,148,149,150,151,152,153,154,156,157,158,159,160,161,162,163,164,165,166,167,168,169,170,171,172,173,174,175,176,177,178,179,180,181,182,183,184,185,186,187,188,189,190,191,192,193,194,195,196,197,198,199,200,201,202,203,204,205,206,207,208,209,210,211,212,213,214,215,216,217,219,220,221,223,224,225,226
125,126,127,128,130,131,132,133,134,135,136,137,138,139,140,141,142,143,144,145,146,147,148,149,150,151,152,153,154,155,156,157,158,159,160,161,162,163,164,165,166,167,168,169,170,171,172,173,174,175,176,177,179,180,181,182,183,184,185,186,188,189,190,191,192,193,194,196,197,198,199,200,201,202,203,204,205,206,207,208,209,210,211,212,214,215,216,217,218,219,220,221,222,224,225,226
126,127,128,129,130,131,132,133,134,135,136,137,138,139,140,141,142,143,144,145,146,147,148,149,150,152,153,155,156,157,158,159,160,161,162,163,164,165,166,167,168,169,170,171,172,173,174,175,176,177,178,179,181,183,184,185,186,187,188,189,190,192,193,194,195,196,197,199,201,202,203,204,205,206,207,208,209,210,211,212,213,214,215,216,217,218,219,220,221,222,223,224,225
127,128,129,130,131,132,133,134,135,136,137,138,139,140,141,142,143,144,145,146,147,148,149,150,151,152,153,155,156,157,158,159,161,162,163,164,165,166,167,168,170,171,172,173,174,175,176,177,178,179,181,182,184,185,186,187,188,189,190,191,192,193,194,195,196,197,198,199,200,201,202,203,204,205,206,207,208,209,210,211,212,213,214,215,216,217,218,219,220,221,222,223,224,225,226
128,129,130,131,132,133,134,135,136,137,138,139,140,141,142,143,144,145,146,147,148,150,151,152,153,154,156,157,158,159,160,161,162,163,165,166,167,168,169,170,171,172,173,174,175,176,177,179,180,181,182,183,184,185,186,187,188,189,191,192,193,195,197,199,200,201,203,204,205,206,207,208,209,210,211,212,213,214,215,216,218,219,221,222,223,224,225,226
129,130,131,132,133,134,135,136,137,138,139,140,141,142,143,144,145,147,148,149,150,151,152,153,154,155,156,157,158,159,161,162,163,165,166,167,168,169,171,172,173,174,175,177,179,181,182,183,184,185,186,187,188,189,190,191,192,193,194,195,196,197,198,199,200,201,203,204,205,207,208,210,211,212,213,214,216,217,218,219,220,222,223,224,225,226
130,131,132,134,137,138,139,140,141,142,143,144,146,147,148,149,150,151,152,153,154,155,156,157,158,159,160,161,162,163,164,166,167,168,169,170,171,172,173,174,175,177,178,179,180,181,182,183,184,185,186,187,188,189,190,191,192,194,195,196,197,198,199,200,201,202,204,205,207,209,210,211,212,213,214,215,216,217,218,219,221,222,223,224,225,226
131,132,133,134,135,136,137,138,139,141,142,143,144,145,146,147,148,149,150,152,153,154,155,156,157,158,159,160,161,162,163,164,165,166,168,169,170,171,172,173,174,175,176,177,178,179,180,181,182,183,184,185,186,187,188,189,190,191,192,193,194,195,196,197,198,199,200,201,202,203,204,205,206,207,209,210,211,213,214,215,216,217,218,219,220,221,222,223,224,225,226
132,133,134,135,136,137,139,140,141,142,143,144,146,148,149,150,151,153,154,155,156,157,158,160,161,162,163,164,165,166,167,168,169,170,171,172,174,175,176,177,178,179,180,181,182,183,184,185,186,187,188,189,190,191,192,193,194,195,197,198,199,200,201,203,204,205,206,207,208,209,210,211,213,215,216,217,218,220,221,222,223
133,134,137,138,139,140,141,142,144,145,146,147,148,149,150,151,152,153,154,155,156,157,158,159,160,161,162,163,164,165,166,167,168,169,170,171,172,173,174,176,177,178,179,180,182,183,184,185,187,188,189,190,191,192,193,194,195,196,197,198,200,201,202,203,204,205,206,207,208,209,210,211,212,213,214,215,216,217,218,219,220,221,222,223,224,225
134,135,136,137,138,139,140,141,142,143,144,145,146,147,148,149,150,151,152,153,155,156,157,158,159,160,161,162,163,164,165,166,167,168,169,170,171,172,173,174,175,176,177,178,179,180,181,182,183,184,185,186,187,188,190,191,192,193,195,196,197,198,199,200,201,202,203,204,205,206,207,208,209,210,211,212,213,214,215,216,217,218,219,220,221,222,223,224,225,226
135,137,138,139,141,142,143,144,145,146,147,148,151,152,153,154,155,156,157,158,159,160,161,162,163,164,165,166,167,168,169,170,171,172,173,174,175,176,177,178,179,180,181,182,183,185,187,188,189,190,191,192,193,194,195,196,197,198,199,200,201,202,203,204,205,206,207,208,209,211,212,213,215,216,217,218,219,220,221,222,223,224,226
136,137,138,139,140,141,142,143,144,145,146,147,148,149,150,151,152,153,154,155,156,157,158,159,160,161,162,163,164,165,166,168,169,170,171,173,174,175,176,177,178,179,180,181,182,183,184,185,187,190,191,192,193,195,196,197,198,199,200,202,203,204,205,206,207,208,210,211,212,213,214,215,216,217,218,219,220,221,223,224,226
137,138,139,140,141,142,143,144,145,146,147,148,150,152,153,154,156,157,158,159,160,161,162,163,164,165,166,167,168,169,170,171,172,173,174,175,176,177,178,179,180,181,182,183,184,185,186,187,188,189,190,192,193,194,195,196,197,198,199,200,201,202,203,204,205,206,207,208,209,210,211,213,214,215,216,217,218,219,220,221,222,223,224,225,226
138,139,140,142,143,144,145,146,147,148,149,150,151,152,153,154,155,156,158,159,160,161,162,163,164,165,167,168,169,170,171,172,173,175,176,177,178,179,180,181,182,183,184,185,186,187,188,190,191,192,193,194,195,196,197,198,199,200,202,203,204,205,206,207,208,209,210,211,212,213,214,215,216,219,220,221,222,223,225,226
139,140,141,143,144,145,146,147,148,149,150,151,152,153,154,155,156,157,158,159,160,162,163,165,166,167,168,169,170,171,172,173,174,175,176,177,178,179,181,182,183,184,185,186,187,188,189,190,191,192,193,194,195,196,197,198,200,201,202,203,204,205,206,207,208,209,210,211,212,214,215,217,218,219,220,221,222,223,225,226
140,141,142,143,144,145,146,147,148,149,150,151,152,154,155,157,158,161,162,163,164,165,166,167,168,169,170,171,172,173,174,175,176,177,178,179,180,181,182,183,184,185,187,188,189,190,191,192,193,194,195,196,197,198,199,200,201,202,203,204,205,207,208,209,210,211,212,213,214,215,216,217,219,220,221,222,223,224,225,226
141,142,143,144,145,146,147,149,150,151,152,153,154,155,156,157,158,159,160,161,162,163,164,165,166,167,168,169,170,171,172,173,174,175,176,177,178,179,180,181,182,183,184,185,186,187,188,189,190,191,192,193,194,195,196,197,199,200,201,203,204,205,206,207,208,209,210,211,212,213,214,215,216,217,218,219,220,221,222,223,224,225,226
142,143,144,145,146,147,148,149,150,151,152,153,154,155,156,157,158,159,160,161,162,163,164,165,166,167,168,169,170,171,172,173,174,176,177,178,179,180,181,182,183,184,185,186,187,188,189,190,191,192,193,194,195,196,197,198,199,200,201,202,204,205,206,207,208,209,210,211,212,213,215,216,218,219,220,221,223,224,225,226
143,144,146,147,148,149,150,151,152,153,154,155,156,157,158,159,160,161,162,163,164,165,166,167,168,169,170,171,172,173,174,175,176,177,178,179,180,181,182,183,184,185,186,187,189,190,191,192,194,195,196,198,199,200,201,202,203,204,205,207,208,209,210,211,212,213,214,215,216,218,219,220,221,222,223,224,225,226
144,145,146,147,148,149,150,151,152,153,154,155,156,157,158,159,160,161,162,166,167,168,169,170,171,172,173,174,175,176,177,178,179,180,181,182,183,184,186,187,189,190,191,192,193,194,195,196,197,198,200,201,202,203,204,205,206,207,208,209,210,211,212,213,214,215,216,217,218,221,222,223,224,225,226
145,146,147,148,149,150,151,152,153,154,155,157,158,159,160,161,163,164,165,166,167,168,169,170,171,172,173,174,175,176,177,178,179,180,181,183,184,185,186,187,188,189,190,191,192,193,194,195,197,198,199,201,202,203,205,206,207,208,209,210,211,212,213,214,216,217,218,219,220,221,222,223,224,226
146,147,148,149,150,151,152,153,154,155,156,157,158,160,161,163,164,166,168,169,170,171,172,173,174,175,176,177,179,180,181,182,183,184,185,186,187,188,189,190,191,192,194,195,196,197,198,199,200,201,202,203,204,206,207,209,210,211,212,213,215,216,217,218,219,221,222,223,224,225,226
147,148,149,150,151,152,153,154,155,156,157,158,159,161,162,163,164,165,166,167,168,169,170,172,173,174,175,176,177,178,179,180,182,183,184,185,186,187,188,189,190,191,192,193,194,195,196,197,198,199,200,201,202,203,204,205,206,207,208,209,211,213,214,215,216,217,218,219,220,221,222,223,224,225,226
148,149,150,151,152,153,154,155,156,157,158,159,160,161,163,164,165,166,167,168,169,170,171,173,174,175,176,177,178,179,180,181,182,183,184,185,186,187,188,189,190,191,192,194,195,196,197,198,199,200,201,202,203,205,206,207,208,209,210,211,212,213,214,215,216,217,218,219,220,221,222,223,224,225,226
149,150,151,152,153,154,155,156,158,159,160,161,162,163,164,165,166,167,168,169,171,172,173,174,176,177,178,179,180,181,183,184,185,187,188,189,190,191,192,193,194,195,196,197,198,199,200,201,202,203,204,205,207,209,210,211,212,213,215,216,217,218,219,220,221,222,223,225,226
150,151,152,153,154,155,156,157,158,159,160,161,162,163,164,166,167,168,169,170,171,172,173,174,175,176,177,178,179,180,181,182,183,184,185,186,187,188,189,190,191,192,193,194,195,196,197,198,199,200,201,202,203,204,205,206,207,208,209,210,211,212,213,214,215,216,219,220,221,222,225,226
151,152,154,155,156,157,158,159,160,161,162,163,164,165,166,167,168,169,170,171,172,173,174,175,176,177,178,179,180,181,182,183,184,185,186,187,188,189,190,191,192,193,194,195,196,198,199,200,201,202,203,204,205,206,207,208,209,210,211,212,213,215,217,218,219,220,221,222,223,224,225
152,153,154,155,156,157,158,159,160,161,162,164,165,166,167,168,169,170,171,172,173,174,175,176,177,178,179,180,181,182,183,185,186,187,188,190,191,193,194,195,196,198,199,200,201,202,203,204,205,206,207,208,209,210,211,212,213,214,215,216,217,218,219,220,222,223,224,225,226
153,154,155,156,157,158,159,160,161,162,164,165,167,168,169,170,171,173,174,175,176,177,179,180,181,182,183,184,185,186,187,188,189,190,191,192,194,195,196,197,198,199,200,202,203,205,206,207,208,210,211,212,213,214,215,216,217,220,221,222,223,224,225,226
154,155,156,157,158,160,161,162,163,164,165,166,167,168,169,170,171,172,173,174,175,176,177,178,179,180,181,182,183,184,186,187,188,189,190,191,192,193,194,195,196,197,198,199,200,201,202,204,205,206,208,209,210,211,212,213,215,216,217,218,219,220,221,222,223,224,225,226
155,156,157,158,159,160,161,162,163,164,165,166,167,168,170,171,172,175,176,177,178,179,180,181,182,183,184,185,186,187,188,189,190,191,192,193,194,195,196,198,199,200,201,203,204,205,206,207,208,209,210,211,212,214,215,216,217,219,220,221,222,223,224,225,226
156,157,158,159,160,161,162,163,166,167,168,169,170,172,174,175,177,178,179,180,181,182,183,184,185,186,187,188,189,190,191,192,193,194,195,196,197,198,199,200,201,202,203,204,205,206,207,208,209,210,211,212,213,214,215,216,217,218,219,220,221,222,223,224,225,226
157,158,160,161,162,163,164,165,166,167,168,169,170,171,172,173,175,176,177,178,179,180,181,182,183,184,185,186,188,189,190,191,192,193,196,197,198,199,200,201,202,204,205,206,207,208,209,210,211,212,213,214,215,216,217,218,219,221,222,223,224,225,226
158,159,160,161,162,163,164,165,166,167,169,170,172,173,174,175,176,177,178,179,180,181,182,183,184,185,186,187,188,190,191,192,193,194,195,196,197,199,200,201,202,203,204,205,206,207,209,210,211,212,213,214,215,216,217,219,220,221,222,223,224,225,226
159,160,161,162,163,164,165,166,167,168,169,170,171,172,173,174,177,178,179,180,181,182,183,185,187,188,189,190,191,193,194,195,196,197,198,199,201,202,203,204,205,206,207,208,209,210,211,212,213,214,215,216,217,218,219,220,221,223,224,225,226
160,161,162,163,164,165,166,167,168,169,170,171,172,173,174,175,176,177,178,179,181,182,183,185,186,187,188,189,190,191,192,193,194,195,196,197,198,199,200,201,202,203,204,205,206,208,209,210,211,212,213,214,215,216,218,219,220,222,223,224,225,226
161,162,163,164,166,167,168,169,170,171,172,173,174,175,176,177,178,179,180,181,183,184,185,186,187,188,189,190,191,192,193,194,195,196,197,198,199,200,201,202,203,204,205,206,208,209,210,211,212,213,214,215,216,217,218,219,220,221,222,225,226
162,163,164,165,166,167,168,169,173,174,175,176,177,178,179,180,182,183,184,185,186,187,188,189,190,191,192,193,194,195,196,198,199,201,202,203,204,205,207,208,209,211,212,213,214,215,216,217,218,219,220,221,222,223,224,225,226
163,164,165,166,167,168,169,170,171,174,175,176,178,179,181,182,183,184,185,186,187,188,189,190,191,192,193,194,195,196,197,198,199,200,202,203,204,206,207,208,209,210,211,212,213,214,215,217,218,219,220,221,224,225,226
164,165,166,167,168,169,171,172,173,174,175,176,177,178,179,180,182,183,184,185,186,187,188,189,190,191,192,193,194,195,196,197,199,201,202,203,204,205,206,207,208,209,210,211,212,213,214,215,216,217,218,219,222,223,224,225
165,166,167,168,169,171,172,173,174,175,176,177,178,179,180,181,182,183,184,187,188,189,190,191,193,194,195,196,197,198,199,200,201,202,203,204,205,206,207,208,209,210,211,212,213,214,215,216,217,218,220,221,222,223,224,225,226
166,168,169,170,171,172,173,174,175,176,178,179,180,181,182,183,184,185,186,187,188,189,190,191,192,193,194,196,197,198,200,201,203,204,205,206,207,208,209,210,211,212,213,214,215,216,217,218,219,220,221,222,223,224,225,226
167,169,170,171,172,173,174,175,176,177,178,179,180,181,182,183,184,185,186,187,188,189,190,193,194,195,196,197,198,199,200,201,202,204,205,206,207,209,210,211,212,213,214,215,216,217,218,219,220,221,222,223,224,225,226
168,171,172,173,174,176,177,178,179,180,181,182,183,184,185,186,187,188,189,190,191,192,193,194,195,196,197,198,199,200,201,202,203,204,205,206,207,208,209,211,212,213,214,215,216,217,218,219,220,222,223,224,225,226
169,170,171,172,173,175,176,177,178,179,180,181,182,183,184,185,186,187,188,189,190,191,192,193,194,195,196,197,198,199,200,202,203,204,206,207,209,210,211,212,213,214,215,217,218,219,220,221,222,223,225,226
170,171,172,173,174,175,176,177,178,179,180,181,182,183,184,185,186,187,188,189,190,191,192,193,194,195,196,197,198,199,200,202,203,204,205,206,207,208,209,210,211,213,214,216,219,220,221,222,223,224,225,226
171,172,174,176,177,179,180,181,182,183,184,186,188,189,190,191,192,193,194,196,197,198,199,200,201,202,203,204,205,206,207,209,210,211,212,213,214,215,217,218,219,220,221,222,223,224,225,226
172,173,174,175,176,177,178,179,180,181,184,185,186,187,188,189,190,191,193,194,196,197,198,199,200,201,202,203,204,205,206,207,208,209,210,211,212,213,214,216,217,218,219,220,221,222,223,224,225
173,174,175,176,177,178,179,180,181,182,183,184,185,186,187,188,189,190,191,192,193,194,195,196,197,198,199,200,201,202,203,204,205,206,207,208,209,210,211,212,213,214,215,217,218,219,220,221,222,223,224,225,226
174,175,176,177,178,179,180,181,182,183,184,185,186,187,188,189,190,191,192,193,194,195,196,197,198,199,200,201,202,203,204,205,206,207,208,209,210,211,212,213,214,215,216,217,218,219,220,222,223,224,225,226
175,176,177,178,179,180,181,183,184,185,186,187,188,189,190,191,192,193,194,195,196,197,198,199,200,201,202,203,205,206,207,209,210,211,214,215,216,217,218,219,220,222,223,224,226
176,178,179,180,181,182,183,184,185,187,188,189,190,191,192,193,194,195,196,197,198,199,200,201,202,203,204,205,206,207,208,209,210,211,212,213,214,215,216,217,218,219,220,221,222,223,224,225
177,179,182,183,184,185,186,187,188,189,190,191,192,193,194,196,197,198,199,200,201,202,204,206,207,208,209,211,212,214,215,216,217,218,219,220,221,222,223,224,225,226
178,179,180,181,182,184,185,186,188,189,190,191,192,193,194,195,196,197,198,199,200,201,202,203,204,205,206,207,208,209,211,212,214,215,216,217,218,220,222,223,224,226
179,180,181,182,183,184,186,187,188,189,191,192,193,194,195,196,197,198,199,200,201,202,203,204,205,206,207,209,210,211,212,213,214,215,216,217,218,220,221,223,224,225,226
180,181,182,185,186,187,188,189,190,191,193,194,195,196,197,198,199,200,201,202,203,204,205,206,207,208,209,210,212,214,215,216,217,218,219,220,221,222,223,224,225,226
181,182,183,185,186,187,188,189,190,191,192,193,194,195,196,197,198,199,200,201,202,203,204,205,206,207,208,209,210,211,212,213,214,215,216,217,219,220,221,222,223,224,225
182,183,184,185,186,187,188,189,190,191,192,193,194,195,196,197,198,199,200,201,202,203,204,205,206,207,208,209,210,211,212,214,215,216,217,218,219,220,222,223,224,225,226
183,187,188,189,190,191,192,193,194,195,196,197,198,199,201,202,203,204,205,206,207,208,209,210,211,212,213,214,216,219,221,223,224,225,226
184,185,186,187,188,189,191,192,193,194,195,196,197,198,199,200,201,202,203,204,205,206,209,210,211,212,213,214,215,216,217,218,219,220,221,222,223,225,226
185,186,187,188,189,190,192,193,194,195,196,197,198,200,201,202,203,205,206,207,208,209,210,211,212,213,214,215,216,217,218,219,220,221,222,224,226
186,187,189,190,191,192,193,194,195,196,197,198,199,200,201,202,203,204,205,206,208,209,210,211,212,213,214,215,216,217,218,219,220,221,222,223,224,225,226
187,188,190,191,192,193,194,195,196,197,198,199,200,201,202,203,204,205,206,207,208,209,210,211,212,213,214,215,216,217,218,220,222,223,224,225,226
188,189,190,193,194,195,196,197,198,200,201,202,203,204,205,206,207,208,209,210,211,212,213,214,215,216,218,219,220,221,222,223,224,225,226
189,190,191,192,193,194,195,196,197,198,199,200,201,202,203,204,205,206,207,208,209,210,211,212,213,214,215,216,217,218,219,220,221,222,223,226
190,191,193,194,195,196,197,198,199,200,201,202,204,205,206,207,208,209,210,211,213,214,216,217,219,220,221,222,223,224,225,226
191,192,193,194,196,197,198,199,200,201,203,204,205,206,207,208,209,210,212,213,214,215,216,217,218,219,220,221,222,223,224,225,226
192,193,194,195,196,197,198,199,200,201,202,203,204,205,206,207,208,209,210,211,212,213,214,215,216,217,218,219,220,221,222,223,224,225,226
193,194,195,196,197,198,199,200,201,202,203,204,205,206,207,208,209,210,211,212,213,214,215,216,217,219,220,221,222,223,224,225,226
194,195,196,197,198,199,200,201,202,203,204,205,207,208,209,210,211,212,213,214,215,216,217,218,219,220,221,222,223,224,225,226
195,196,197,198,199,200,201,202,203,204,205,206,207,208,210,211,212,213,214,215,216,217,220,221,222,223,225
196,197,198,199,200,201,202,203,204,205,206,207,208,209,210,211,212,213,214,215,216,217,218,219,220,221,222,223,225,226
197,198,199,202,203,204,205,206,207,208,209,211,212,213,214,215,216,217,218,219,220,221,222,223,224,225,226
198,200,201,202,203,205,206,207,208,209,211,212,213,214,215,216,217,218,219,220,221,222,223,224,225,226
199,200,201,202,203,204,205,206,207,208,209,210,211,212,213,214,215,216,217,218,219,220,221,222,223,224,225,226
200,201,202,203,204,205,206,207,208,209,210,212,213,214,215,216,217,218,219,220,221,222,223,224,225,226
201,202,203,204,205,206,207,208,209,210,211,212,214,215,216,217,218,219,220,221,222,223,224,225,226
202,203,204,205,206,207,209,210,212,213,214,215,216,217,218,219,220,221,222,224,225,226
203,204,205,206,207,208,209,210,211,212,213,214,215,216,217,218,219,220,221,222,223,224,225,226
204,205,206,207,209,210,211,212,215,216,217,218,219,220,221,222,223,224,225,226
205,206,207,208,209,210,211,212,213,214,216,219,220,221,222,223,224,225,226
206,207,208,209,210,211,212,213,215,216,217,218,219,220,221,222,223,224,225,226
207,208,209,210,211,212,213,214,216,217,218,219,220,221,222,223,224,225,226
208,209,210,211,212,213,214,215,217,218,219,220,221,222,223,224,225,226
209,210,211,212,215,216,217,218,219,220,221,222,223,225,226
210,211,212,213,214,215,216,217,218,221,222,223,224,225
211,212,214,215,216,217,218,219,220,221,222,223,224,225,226
212,213,215,216,217,218,219,220,221,222,223,224,225,226
213,214,215,216,217,218,219,220,221,222,223,224,225
214,215,216,217,218,219,220,221,222,223,224,225,226
215,216,217,218,219,220,221,222,223,224,225,226
216,217,218,219,220,221,222,224,225
217,218,219,220,221,222,223,225,226
218,219,220,221,222,223,224,225
219,220,221,222,223,224,225,226
220,221,222,223,224,226
221,222,223,224,225,226
222,224,225,226
223,224,225,226
224,225,226
225,226
226
