n_nodes:94
n_edges:695
density:0.159
0,34,91,69,72,44,46,47,20,14,54,55,24,89,15,63
1,3,4,72,42,50,19,52,22,23,88,25,90,91,63
2,32,66,3,6,49,73,83,13,45,17,19,55,57,92
3,35,37,7,40,41,79,48,72,19,22,55,92,29
4,11,5,33,40,43,45,15,50,67,84,24,26,91
5,72,10,76,77,93,47,48,18,24,15,29
6,33,75,38,49,72,76,11,12,92,17,58,28,29,62,65
7,64,83,68,38,75,79,91,19,21,86,59,61,31
8,64,51,34,35,65,39,9,11,44,14,82,19,52,86,23,24,67,59,29,84
9,65,67,68,73,77,14,91,52,53,86,55,56,89,27,62,63
10,49,68,22,65,74,76,78,30,47
11,68,34,45,47,20,23,88,57,60,93,62
12,32,19,83,44,15,80,51,20,21,87,92
13,39,72,66,14,77,18,53,55,24,90,60
14,65,91,41,75,60,15,47,48,51,53,54,27,28
15,35,70,40,43,45,80,17,82,67,84,57,23,55,58,90,63
16,66,59,84,25,75,63
17,36,38,72,73,42,43,76,81,18,56,68,26,28,61
18,64,34,27,36,42,43,83,53,86,24,59,60,93
19,84,33,44,43,76,48,56,20,85,59,89,39,71,27
20,32,67,68,37,38,33,72,70,78,75,84,53,89,31,65,93,63
21,34,38,39,44,45,47,76,88,50,52,85,24,57,60,61,62,63
22,53,70,87,88,76,42
23,73,75,44,78,48,53,41,90,29
24,65,81,41,82,75,46,72,51,73,88,37
25,38,33,43,78,47,88,90,85,56,89,26,79,60,61,31
26,65,72,42,43,46,48,82,55,27,28,93
27,35,36,37,71,79,49,89,57,59,60,93
28,71,68,69,39,75,47,80,84,57,92,90
29,67,40,42,70,84,60,31
30,33,36,37,38,53,57,58,31,92,74,69,63
31,64,66,75,70,43,49,83,87,63
32,67,66,37,38,44,45,93,77,81,50,82,54,57,59,86,61
33,86,60,36
34,64,83,91,71,77,51,88,59,61,85
35,65,71,74,43,77,78,81,83,88
36,66,43,44,77,54,87,57
37,82,38,75,91,43,44,77,50,83,58,61
38,75,71,89,57
39,56,91,70,44,59,47
40,69,93,50,84,53,87,47,92
41,66,72,42,43,80,85,56,58
42,66,43,44,50,47,52,53
43,65,70,77,80,83,84,87,90,44,45,49
44,64,67,68,71,75,81,82,90,92,47,53,56,60,61
45,51,52,54,68,85
46,65,70,76,78,48,53,54,92,62
47,92,61,84,71
48,73,74,50,60,90
49,64,71,66,77,50,51,83,92
50,64,77,79,83,52,86,87,72,92,61,63
51,77,87,72,90,59
52,56,71,69
53,65,67,54,93,79,80,90,78,61
54,69,65,72,74,81,86
55,74,76,66,77,80,88,78,87,56
56,67,74,77,88,60
57,71,76,77,80,82,87,61
58,68,71,79,59,78,89
59,91,82,65,66,87,60,90
60,75,74,88,86
61,65,75,87,85
62,65,66,69,74,84,88,89,92
63,75,81
64,76,77,87,93
65,70,78,72,82,67
66,70,76,79,88
67,74,83,90,92
68,86,87,91,93
69,72,76,75,84
70,75
71,79,74,75,82
72,87,93
73,84,87,92
74,83,76
75,93,87
76,81,79,82,88,86
77,79,88,87,83
78,84,90,85
79,80,86
80,81,90
81
82
83,92,93
84,93,92,88
85
86,90,93
87,88
88,92,93
89,92
90
91
92
93
