n_nodes:192
n_edges:11091
density:0.60488
0,5,11,13,14,15,16,18,19,21,22,24,25,28,29,30,32,34,37,38,39,40,41,42,45,46,47,49,50,51,52,53,54,55,57,58,59,60,63,65,66,67,68,69,70,71,72,73,74,75,76,77,78,79,83,84,85,86,87,88,92,93,95,99,100,101,102,104,105,106,107,108,109,110,111,112,113,114,117,118,119,120,121,123,124,125,126,127,129,130,133,134,135,136,137,139,141,144,148,150,151,153,154,156,157,159,160,161,162,163,167,168,169,170,173,174,176,179,180,183,184,187
1,3,4,6,8,10,11,12,13,14,17,18,19,20,22,24,25,32,34,37,38,39,42,43,44,45,51,52,55,56,58,61,62,64,65,66,67,69,70,71,73,77,78,79,80,81,82,86,87,90,94,97,98,99,100,101,102,103,105,109,111,112,115,116,120,121,123,124,127,128,131,134,137,138,139,140,141,143,145,147,148,149,152,155,156,157,160,162,163,164,165,168,170,172,174,176,177,179,183,184,186,188,189
2,4,5,7,8,9,10,11,12,13,14,16,17,20,21,22,25,28,29,32,33,34,35,36,37,38,40,42,43,44,45,46,47,49,50,54,55,56,57,58,59,60,62,65,66,67,70,71,72,74,75,76,79,80,81,82,83,84,85,87,88,91,93,94,97,99,100,101,102,103,106,107,108,110,111,113,116,118,119,121,122,124,125,126,130,131,132,133,135,136,139,140,145,146,148,149,152,153,154,158,159,162,163,166,169,170,172,173,174,175,177,178,180,181,183,184,185,187,188,189,190
3,4,5,8,9,10,12,13,14,16,18,19,21,23,24,25,29,31,34,36,38,40,41,42,43,44,46,48,49,50,51,52,53,54,56,57,59,60,61,62,63,64,67,69,70,72,74,75,76,77,78,79,81,82,87,89,90,93,94,95,97,98,100,101,102,103,104,105,107,109,111,113,114,116,118,119,122,123,125,128,132,134,135,136,137,138,139,140,145,146,148,149,151,152,153,154,155,156,158,159,160,161,165,166,167,168,169,170,172,175,176,177,179,180,182,185,187,189,190,191
4,5,9,10,11,12,13,15,20,21,22,24,25,31,32,33,34,35,36,37,38,39,40,41,42,44,45,46,51,54,57,59,60,61,62,63,64,65,68,69,71,73,74,75,76,84,85,86,87,88,89,91,96,97,98,100,101,104,105,106,107,108,109,110,111,115,117,119,120,122,123,125,127,128,129,131,133,134,136,139,141,144,145,146,147,148,149,154,159,160,161,164,165,166,169,170,173,176,179,180,181,182,185,186
5,8,10,11,12,13,17,18,19,20,21,24,27,29,30,31,34,35,37,38,40,41,42,46,48,49,55,57,58,59,60,62,64,66,69,70,71,72,75,76,78,79,81,82,83,84,87,88,89,91,92,93,94,95,98,101,102,103,106,110,112,113,117,118,119,121,125,127,128,129,130,131,132,134,136,139,140,141,143,144,145,146,147,148,149,150,152,153,154,155,156,157,159,160,161,163,165,167,168,171,175,176,178,179,180,182,184,185,186,188,189,191
6,7,8,10,12,14,16,17,18,19,23,25,26,27,28,29,31,33,34,35,36,37,38,42,43,44,45,46,48,49,50,51,55,56,58,61,65,66,67,68,69,70,71,72,73,74,75,77,78,80,82,85,86,87,89,91,92,93,94,95,96,101,102,103,106,108,109,111,112,113,114,115,116,118,119,120,121,122,125,126,127,129,132,134,135,138,139,141,142,143,144,146,147,149,151,152,155,156,157,158,159,160,161,162,163,164,165,166,167,170,171,173,177,180,181,182,184,185,186,189,190,191
7,11,12,13,14,16,24,25,26,29,31,33,36,38,40,42,43,44,46,49,50,51,52,53,54,57,58,62,65,67,68,73,75,77,79,80,82,83,85,86,87,88,89,90,93,95,96,97,99,101,102,103,104,108,110,111,113,115,117,118,121,122,123,125,127,129,131,132,133,136,140,141,142,143,144,145,149,150,151,153,154,155,157,159,164,168,170,173,174,175,178,181,184,187,189,190
8,9,10,11,13,14,15,16,17,18,21,23,24,25,26,30,32,33,34,35,37,38,39,40,43,44,45,46,47,50,52,53,54,55,56,58,59,60,62,63,68,69,72,73,74,75,76,77,78,80,81,82,87,88,89,90,91,92,93,95,96,98,99,100,102,103,106,107,109,111,112,113,114,115,117,119,120,122,123,124,125,127,129,131,133,135,136,137,138,139,141,146,147,148,150,151,153,154,156,158,162,163,164,166,167,168,169,170,171,176,179,182,183,185,186,189,191
9,10,11,12,13,15,16,17,21,22,24,28,29,30,31,32,33,34,37,39,40,42,43,44,47,48,49,51,52,53,54,55,56,57,58,59,60,61,62,63,64,69,71,72,73,75,76,77,78,80,81,82,83,84,85,86,87,88,90,92,94,95,99,103,105,106,108,109,112,118,120,122,124,125,126,128,130,132,134,135,136,138,139,141,142,143,147,148,149,151,152,153,154,155,156,157,158,162,163,164,165,166,167,168,171,174,175,176,177,179,180,183,185,191
10,13,14,16,17,22,24,25,26,27,28,30,31,35,36,37,39,40,41,42,44,46,47,48,49,50,53,54,56,60,61,62,63,64,65,67,73,74,75,76,79,81,83,84,86,88,89,91,93,94,98,101,103,106,107,108,110,111,112,113,115,116,117,119,120,121,122,123,125,126,127,129,131,132,133,136,139,140,141,142,145,146,147,148,154,156,158,160,163,165,166,167,168,169,171,173,174,175,177,178,179,180,182,183,186,189,190
11,12,13,14,17,21,22,23,24,27,28,31,32,33,34,36,37,38,39,41,42,45,46,47,48,49,54,55,59,60,62,63,64,65,66,67,70,74,77,78,84,86,87,88,92,93,95,96,97,98,99,101,102,105,106,107,108,109,112,113,115,116,117,118,119,120,121,122,124,126,127,128,129,130,131,133,136,140,141,145,146,148,149,151,152,153,155,156,157,158,161,162,163,165,167,170,171,173,174,175,177,179,180,181,182,184,185,186,189,190
12,13,14,15,16,17,19,20,21,22,23,24,25,26,27,28,29,30,31,32,33,36,42,44,47,48,49,50,52,55,58,59,63,64,65,67,68,72,73,74,75,76,77,80,81,84,88,90,93,94,96,100,101,102,105,106,107,108,109,110,111,113,114,115,120,121,123,124,125,126,128,129,131,133,134,136,137,138,140,143,146,152,153,154,155,157,162,164,165,166,167,168,169,171,173,174,175,177,179,180,181,182,183,184,185,186,187,191
13,15,17,19,21,22,23,24,26,27,29,30,31,33,35,36,40,41,42,44,45,46,47,49,50,52,53,54,55,58,59,60,61,64,67,68,69,70,71,73,76,77,78,81,84,85,86,87,88,89,90,91,92,96,98,99,101,102,103,107,110,111,113,115,118,119,120,121,123,124,125,126,129,130,132,134,137,138,139,141,142,144,145,149,152,154,156,158,163,165,166,168,169,170,171,173,176,177,179,180,181,183,185,186,187,189
14,15,21,22,24,29,30,31,32,33,34,37,38,39,40,41,44,45,46,47,48,50,51,52,53,54,56,57,59,61,63,64,65,67,71,74,75,76,80,82,83,84,86,87,88,89,91,92,93,96,97,98,99,100,101,103,106,110,112,113,114,115,116,117,118,119,120,121,122,125,128,131,132,133,135,136,139,140,143,144,146,147,148,149,150,152,153,154,156,157,160,161,163,164,167,168,169,172,173,174,179,180,182,183,185,186,190,191
15,17,18,19,21,25,27,28,29,31,32,33,34,35,36,37,39,40,41,45,48,51,54,57,58,63,64,65,69,70,76,77,78,83,85,87,88,89,90,91,92,93,96,97,98,100,101,103,105,107,108,109,110,114,116,118,119,120,122,126,127,129,131,132,135,136,138,139,140,145,146,147,148,149,150,154,155,157,158,161,162,164,166,168,169,170,171,172,173,174,176,177,178,181,182,185,187,188,189,190,191
16,17,18,19,24,26,27,28,29,30,31,32,33,34,41,42,43,44,45,48,49,51,52,54,55,57,59,60,61,62,63,65,66,68,75,76,78,79,80,83,84,87,88,90,92,93,97,98,101,102,104,105,106,107,110,111,112,115,116,117,118,119,120,121,122,125,127,129,130,131,134,135,137,138,139,140,141,142,143,144,145,146,148,150,151,153,154,155,157,158,163,164,165,166,167,168,173,174,175,176,177,178,182,183,184,186,187,188,190
17,18,19,21,24,27,28,29,33,34,35,37,38,39,41,42,43,45,47,48,50,51,53,54,55,56,57,60,63,65,66,68,69,74,77,78,80,81,84,86,87,89,91,92,93,94,95,96,98,99,100,102,103,106,111,114,115,117,118,119,122,123,124,126,127,128,131,133,138,139,142,144,145,148,149,150,153,154,155,156,157,158,159,160,162,165,168,171,172,174,175,176,178,180,182,184,185,186,190,191
18,19,23,24,26,27,28,30,31,33,34,36,39,40,41,42,43,44,46,47,50,51,52,53,54,55,56,57,58,60,62,69,72,73,74,77,78,79,80,81,83,84,89,93,95,98,99,101,102,103,104,106,107,110,112,119,120,121,122,123,124,126,127,129,130,132,133,134,135,136,137,138,139,141,142,144,145,148,149,150,152,153,155,157,158,159,160,163,164,165,166,168,169,170,171,175,176,177,178,180,182,183,186,188,190,191
19,21,22,25,26,27,28,29,34,36,37,38,39,40,42,43,44,45,48,49,51,52,54,56,57,58,59,61,63,66,67,68,69,70,71,72,73,74,75,76,79,80,81,82,83,84,85,86,87,88,89,92,94,95,96,98,99,100,102,104,105,108,109,111,113,114,115,116,117,118,119,122,123,124,129,130,131,132,133,136,137,139,140,141,142,143,144,145,147,149,151,152,154,155,156,158,159,160,162,164,165,169,170,171,173,174,175,176,177,178,180,182,183,184,185,186,188,189,191
20,21,22,23,24,25,28,29,34,35,36,37,39,41,45,46,48,49,50,53,54,55,56,58,64,66,67,72,73,75,76,79,80,83,85,87,88,89,90,94,95,96,98,99,100,101,103,105,106,107,108,109,110,112,113,114,117,118,119,120,123,124,125,126,131,132,135,137,140,141,142,143,144,145,148,149,151,152,153,154,155,158,159,162,163,164,165,166,167,169,171,172,173,174,176,177,179,182,183,187,188,189,191
21,22,23,24,27,31,32,34,35,36,37,38,40,41,43,47,48,49,51,52,53,54,57,59,60,62,63,64,67,68,71,72,73,74,75,77,78,80,81,82,83,84,85,87,88,89,91,93,95,98,99,100,101,102,106,109,112,113,116,117,119,120,121,123,126,127,128,129,130,133,134,136,137,138,139,140,143,145,146,154,156,157,158,159,160,161,164,165,166,167,168,169,173,174,175,176,177,181,182,183,185,186,187,188,189
22,23,24,25,26,28,32,34,35,37,39,40,41,44,45,51,53,54,56,57,58,59,60,61,62,64,65,66,67,68,70,72,74,76,77,78,80,82,84,87,88,89,90,91,95,96,97,99,100,101,103,105,106,108,109,112,116,117,118,119,121,122,123,124,125,126,127,128,129,130,133,134,135,138,140,141,143,147,148,151,152,153,154,156,157,158,160,161,162,164,165,168,169,170,173,174,175,176,177,178,180,181,185,188,189,190,191
23,26,27,28,29,30,33,34,35,36,37,38,39,40,44,45,46,47,51,54,57,58,59,60,62,63,64,66,68,69,70,71,73,75,76,77,78,80,81,82,83,85,87,88,89,91,93,95,97,98,99,100,101,104,106,108,109,110,111,112,113,114,115,118,119,121,125,129,130,131,132,133,134,136,138,139,140,141,142,143,145,146,147,148,150,152,153,154,155,157,158,159,160,161,162,164,166,167,170,172,173,176,177,178,179,184,185,186,191
24,26,27,28,32,34,37,40,43,44,45,47,48,49,50,51,53,54,55,58,59,61,62,63,64,67,68,70,73,74,75,76,78,79,80,81,84,85,89,90,94,99,100,101,103,108,109,110,114,116,117,118,120,121,124,127,129,130,133,136,137,139,141,143,144,146,147,148,149,150,151,153,154,155,156,157,158,160,161,162,163,164,166,167,168,170,172,174,175,176,179,180,181,183,184,187,188,189
25,26,27,28,29,30,31,35,37,38,39,41,43,45,49,50,52,54,55,57,60,61,62,67,71,73,74,75,76,78,79,82,85,87,88,90,91,92,93,95,97,99,103,106,107,108,110,111,112,113,116,117,118,120,121,122,124,125,126,127,128,129,131,133,134,135,136,138,139,140,142,143,145,148,149,151,152,153,154,157,159,160,161,163,165,166,167,168,169,170,172,173,176,177,178,181,182,183,184,185,187
26,27,28,30,31,34,36,37,38,40,43,44,45,46,47,50,52,53,54,60,63,64,65,67,69,70,71,74,76,79,80,81,82,83,84,86,87,88,89,90,93,95,96,97,101,102,104,105,106,108,113,114,116,117,118,119,121,122,123,124,126,127,128,129,130,134,135,136,137,138,140,143,146,147,148,150,151,153,154,155,157,158,160,161,162,165,167,168,169,170,171,172,174,175,176,180,181,182,185,188,190
27,28,29,33,34,35,36,37,40,41,42,45,46,48,51,53,54,55,56,57,58,59,61,62,63,66,68,70,71,75,76,78,81,82,83,84,86,88,89,91,92,93,94,95,96,97,99,100,101,102,108,110,111,115,116,118,120,121,122,125,126,128,129,132,133,134,136,137,138,140,141,142,143,144,145,146,148,151,153,154,155,156,157,159,160,161,162,163,164,166,169,170,171,172,173,174,175,176,177,179,180,181,182,184,185,186,187,188,191
28,29,31,32,33,34,36,37,38,41,44,45,46,48,49,53,55,56,57,58,59,61,63,67,68,69,71,72,73,76,77,78,80,81,83,84,86,88,90,91,92,97,98,99,100,103,106,107,108,112,114,115,116,117,118,119,120,121,123,124,125,126,128,130,131,132,133,135,138,140,143,144,145,146,147,149,150,151,152,155,157,158,159,163,164,165,166,167,169,170,172,173,174,175,176,179,183,185,187,190
29,30,31,32,36,37,38,39,40,41,43,45,47,49,50,51,52,54,56,58,59,61,62,63,65,66,68,70,71,73,74,78,79,80,81,83,86,88,89,90,91,92,93,94,96,97,98,99,102,104,107,108,110,111,112,115,117,118,119,124,126,127,130,131,133,135,139,140,143,144,147,150,152,153,154,157,158,160,162,163,164,166,167,171,172,173,174,176,179,180,181,182,183,184,185,187,188,190,191
30,31,32,33,35,36,38,40,42,43,44,46,49,51,52,54,55,56,58,59,61,62,63,65,67,69,71,73,76,77,79,80,83,84,86,89,91,92,96,97,101,104,105,107,108,109,110,112,113,114,115,118,119,120,121,123,124,126,128,129,130,132,133,134,135,136,138,139,141,143,145,147,148,149,150,151,153,154,155,157,158,159,163,166,167,169,170,172,175,176,177,180,181,182,184,187,188,191
31,33,34,35,37,38,39,41,42,45,46,48,49,50,51,52,53,54,55,56,60,63,66,70,71,72,73,74,75,77,79,80,83,84,85,87,88,89,90,93,94,96,97,99,102,103,104,106,107,109,110,111,113,114,115,116,119,120,121,122,127,128,129,130,132,133,134,138,139,140,141,143,145,147,148,149,150,152,153,154,155,156,157,158,160,162,164,165,170,171,172,174,176,177,179,182,183,184,187,189,190,191
32,33,34,36,37,39,40,41,42,43,44,46,47,48,51,54,55,57,60,61,63,64,66,67,68,69,71,73,74,75,76,77,78,79,81,84,85,86,88,90,96,98,99,100,101,103,105,106,107,108,109,110,111,113,116,117,122,124,125,130,131,132,133,134,135,136,137,138,141,142,143,144,145,146,148,149,150,151,152,153,155,156,157,158,159,161,162,163,164,166,167,170,171,174,175,176,180,181,182,183,184,185,186,187,189,190
33,34,36,37,38,43,44,45,46,48,49,50,51,56,57,58,59,60,63,66,67,69,70,71,72,74,76,78,80,81,82,83,84,85,87,88,89,91,93,94,95,97,99,100,101,102,103,104,105,106,107,109,110,112,114,115,116,117,118,121,122,125,127,128,129,130,131,134,135,137,138,139,144,147,149,152,153,155,156,157,158,162,163,164,165,167,169,170,172,174,175,179,180,181,182,184,185,186,187,188,189,190,191
34,35,37,38,39,41,43,44,45,48,50,52,54,57,60,61,65,67,68,69,70,71,72,73,74,75,76,77,78,79,80,81,82,84,87,89,91,92,93,94,95,97,98,101,102,103,104,105,106,109,110,111,112,114,116,117,120,124,125,127,128,130,132,133,134,135,136,137,139,140,143,144,146,147,148,150,151,152,154,161,165,166,171,172,173,174,177,178,180,181,183,184,187,188,190,191
35,36,37,38,39,40,43,45,47,50,53,54,55,56,58,60,63,65,66,69,70,71,72,73,74,75,76,77,79,81,82,83,84,85,87,90,92,94,96,97,99,100,101,104,105,106,107,109,111,112,114,117,118,121,122,125,127,128,130,132,133,136,137,139,141,142,143,145,146,149,150,151,153,154,156,159,160,161,163,164,166,168,170,173,174,176,177,178,180,181,182,186,187,188,189,191
36,38,39,40,44,45,47,48,49,50,51,52,53,54,56,57,59,60,61,63,65,66,67,68,69,70,71,74,76,77,79,80,81,83,85,88,90,92,95,97,98,99,101,104,105,107,108,111,112,114,115,116,119,124,128,129,130,131,133,135,136,137,138,140,144,145,148,149,150,154,155,156,157,158,159,161,162,165,166,167,168,169,171,172,173,174,175,177,178,182,183,185,186,187,188
37,38,39,40,42,45,47,49,52,56,57,58,63,64,66,68,70,73,74,75,76,77,78,81,82,85,87,88,90,92,93,95,97,98,99,100,101,102,103,106,108,110,113,115,118,120,123,124,125,126,127,128,129,131,132,133,137,138,139,141,143,146,148,149,153,154,156,157,158,163,164,165,168,171,174,176,177,178,180,181,182,183,184,185,186,187,188,189
38,40,41,42,43,45,46,48,51,52,54,56,57,58,61,62,63,65,70,74,75,76,77,78,79,83,85,86,87,88,89,90,91,92,94,95,97,98,99,100,101,103,104,105,106,107,109,111,112,114,116,120,125,128,129,131,133,134,136,137,140,141,144,145,146,148,149,151,152,153,156,157,158,159,160,161,162,163,167,169,170,171,172,173,174,179,180,182,183,184,185,187,188,189,190,191
39,41,42,43,45,46,50,52,53,54,55,56,58,59,60,61,63,66,67,69,70,71,72,73,76,77,78,79,80,82,83,84,85,87,88,90,91,93,95,96,98,100,101,104,105,107,109,110,112,114,115,117,118,119,120,121,124,130,134,137,138,139,142,143,144,147,148,149,150,151,152,153,154,155,156,157,158,159,160,162,165,170,171,173,174,176,178,179,181,182,183,184,185,186,187,188,190
40,42,44,46,47,49,51,52,53,54,56,57,59,60,61,62,63,64,66,68,69,70,75,76,79,82,83,86,88,90,94,95,96,98,99,100,102,103,104,105,107,109,110,112,113,115,116,118,119,121,123,124,126,127,129,130,131,132,133,134,137,138,140,142,143,145,146,149,150,152,153,155,157,158,159,162,163,164,167,168,169,171,173,174,176,177,178,181,182,186,187,188,190
41,43,49,50,54,55,57,59,60,62,64,65,69,70,71,72,73,75,77,79,80,81,82,86,89,90,91,92,93,94,95,96,97,98,101,102,103,106,107,108,111,112,115,117,121,123,124,129,130,133,138,139,141,142,143,144,145,147,148,153,154,156,160,161,162,163,166,167,169,171,174,175,176,178,180,181,184,186,188,191
42,43,44,45,46,48,51,54,57,58,60,63,64,66,71,73,75,76,77,81,82,84,86,87,88,89,90,91,93,94,98,99,100,102,103,105,108,109,112,114,116,117,120,122,123,124,125,127,130,131,132,133,134,135,136,137,138,140,142,143,144,145,146,147,149,150,155,157,160,161,165,167,169,171,173,174,175,179,182,183,186,187,189,190
43,46,47,50,51,53,55,56,57,58,61,62,63,65,66,68,70,72,74,75,77,79,84,87,89,90,93,95,96,97,98,99,101,104,105,106,108,110,111,114,117,119,122,124,125,126,128,130,131,132,133,134,135,138,139,140,142,144,145,146,148,149,150,151,154,158,160,161,162,163,168,170,171,172,173,176,177,179,180,186,187,188,191
44,45,46,47,48,49,53,57,58,62,63,67,69,71,72,75,76,78,79,80,82,85,86,87,88,89,90,91,93,94,96,97,98,100,101,102,103,104,105,106,109,110,113,116,117,119,121,122,123,124,125,126,127,128,132,134,137,138,139,145,147,148,149,150,151,153,156,157,159,164,165,166,167,169,171,173,174,175,176,177,179,180,181,182,183,186,187,189,190,191
45,46,51,52,54,55,56,59,63,64,65,66,69,71,72,74,75,76,77,78,79,82,89,91,95,96,97,98,99,101,102,108,109,110,111,112,114,115,116,117,118,119,121,122,124,127,128,130,131,134,137,140,141,143,144,146,150,151,152,153,154,155,156,157,159,162,164,165,166,167,168,170,172,175,176,182,183,185,186,187,191
46,47,48,49,50,53,55,56,58,59,62,66,69,70,75,76,77,79,80,82,83,84,89,90,92,96,99,103,106,107,111,113,115,116,118,122,123,124,125,126,127,129,130,131,134,135,136,138,139,144,145,146,147,149,150,152,153,155,156,157,159,160,162,163,164,168,169,170,171,174,176,177,179,180,183,184,186,187,188,190,191
47,50,51,52,53,54,55,57,58,60,61,62,63,64,65,66,67,68,70,72,73,75,77,78,79,80,82,83,84,85,86,88,89,91,93,95,96,98,99,101,102,106,107,108,110,114,117,119,120,122,123,126,127,128,129,130,131,132,133,134,138,139,141,142,143,144,146,147,148,149,150,160,164,167,169,170,172,174,175,178,183,186,189,190,191
48,53,54,55,56,57,59,60,62,63,64,65,70,71,72,73,74,75,77,79,80,81,82,84,86,87,89,94,95,96,97,98,100,101,102,103,104,107,109,110,111,112,113,114,115,116,117,118,119,121,127,128,129,130,132,134,136,137,138,139,140,142,143,144,145,146,147,151,152,153,154,157,159,160,161,162,163,164,166,167,169,170,171,172,173,174,175,179,180,181,182,186,187,188,189,190,191
49,51,52,53,54,56,58,59,60,61,62,64,65,67,69,70,71,75,77,80,81,83,84,85,86,89,91,94,96,97,99,100,101,102,105,107,108,109,110,112,113,114,116,117,118,119,120,121,122,123,124,125,126,128,129,130,131,133,135,137,138,139,140,142,143,145,147,148,149,150,151,153,154,155,156,157,159,160,163,164,165,166,167,169,171,173,176,177,179,180,182,183,184,187,188,189,191
50,51,52,53,54,55,56,57,58,59,60,61,62,63,65,66,68,69,71,73,74,76,77,79,82,84,85,86,87,88,89,90,91,93,97,98,99,101,103,105,106,110,112,114,116,117,119,123,124,125,126,128,129,132,133,134,136,138,139,141,143,144,145,146,147,148,150,151,152,153,154,156,157,158,159,160,161,162,164,165,166,167,168,170,172,175,177,179,180,181,183,186,187,188
51,52,53,56,58,59,61,62,65,66,67,69,70,71,72,73,75,76,77,79,81,82,83,84,86,87,88,89,90,91,93,96,97,102,104,105,106,107,109,110,112,113,114,116,117,119,120,122,123,124,125,127,129,130,131,132,134,137,138,139,141,144,146,147,148,150,152,153,155,157,158,159,161,162,163,165,166,167,168,169,170,175,177,178,180,182,187,188,189,191
52,53,55,57,58,60,64,65,69,70,72,74,75,76,77,79,80,84,85,86,87,90,93,95,96,100,102,103,106,107,110,111,114,116,117,118,119,120,121,122,123,124,127,129,130,131,132,133,137,138,142,143,144,145,146,147,149,150,151,152,153,155,156,157,158,159,160,161,162,163,164,167,168,171,174,176,177,179,181,182,187,188,189,190,191
53,54,55,57,60,61,63,64,66,68,70,71,72,73,74,75,78,79,80,84,89,90,91,92,94,96,97,100,102,103,105,106,107,108,109,110,112,113,114,115,117,118,120,122,125,126,128,131,133,136,137,138,142,143,145,146,149,153,154,155,156,157,158,160,162,163,164,165,166,167,171,173,176,177,178,179,180,181,182,183,184,186,187,188,189,190,191
54,56,57,58,59,60,61,63,64,65,66,68,69,75,76,77,80,81,84,85,86,87,88,89,90,92,93,95,96,97,99,101,105,106,109,112,114,115,116,118,120,124,125,126,127,128,129,130,131,133,135,136,138,141,143,144,148,149,151,152,154,155,156,157,158,160,164,165,166,167,169,170,172,173,176,177,178,180,182,183,185,187,188,189,190,191
55,56,58,59,64,65,66,68,69,70,72,73,74,78,79,80,81,82,84,85,87,88,89,91,92,93,96,97,98,99,102,103,105,106,107,109,111,112,115,117,118,120,121,122,124,126,127,128,129,133,134,135,136,140,141,143,144,145,147,148,151,152,153,154,155,156,158,159,160,162,165,168,169,170,171,174,175,176,178,179,180,187,188,189,190,191
56,59,61,62,65,67,68,70,72,73,74,75,78,79,80,81,83,84,86,88,89,90,91,96,97,105,106,108,109,110,111,112,114,115,116,119,121,123,124,127,129,130,132,133,139,140,141,143,144,145,147,150,151,153,155,160,161,162,163,166,168,170,172,173,174,177,181,182,186,189,191
57,60,61,62,63,64,65,66,71,73,74,75,77,78,79,80,83,84,86,87,89,90,94,95,96,98,99,100,101,103,104,105,106,107,110,112,113,115,116,117,119,121,124,125,126,128,129,130,131,132,134,137,143,144,145,147,148,149,150,151,154,155,156,157,158,160,161,165,167,168,169,170,171,173,175,176,179,180,183,185,186,187,189,190
58,59,60,62,63,64,65,67,69,70,71,74,77,78,79,80,82,86,88,91,92,94,95,96,98,101,102,107,110,111,112,113,117,118,119,121,122,123,124,127,129,130,131,132,134,137,138,140,141,142,144,146,147,149,150,152,155,156,157,164,168,170,172,175,179,180,181,182,184,189,190,191
59,60,63,64,65,66,67,69,72,76,78,82,83,85,86,89,90,93,94,95,96,99,100,101,102,103,104,105,107,108,109,110,112,115,116,117,118,121,122,123,126,128,129,130,132,133,134,136,138,139,140,141,142,145,148,151,152,153,156,157,158,159,160,161,163,164,166,167,169,171,174,175,177,179,181,184,186,187,188,189
60,61,62,63,65,66,68,69,71,73,74,75,76,77,78,79,81,83,85,87,88,89,90,91,93,94,95,96,97,99,100,104,105,106,108,109,110,112,114,115,117,118,119,120,122,125,128,129,132,133,134,135,136,137,138,139,140,141,142,144,145,146,148,152,153,154,157,158,160,161,163,164,165,166,167,168,170,171,174,175,176,177,178,181,182,183,184,186,188,190,191
61,62,63,65,67,69,71,72,73,75,76,78,79,80,82,84,85,87,88,89,90,91,92,93,94,95,97,99,103,105,109,110,111,112,114,118,121,122,123,128,129,130,132,134,136,137,139,140,142,143,144,146,148,149,150,151,155,157,158,159,160,161,162,163,165,166,170,171,172,175,176,178,179,181,182,184,185,189
62,63,64,65,68,71,74,77,78,79,80,81,82,84,85,86,87,88,89,90,91,93,96,97,98,99,100,102,103,104,106,108,110,111,118,120,122,124,127,129,131,134,135,136,139,144,145,149,150,151,152,155,158,160,162,165,167,168,170,171,172,173,174,175,178,180,181,183,184,185,186,187,189,191
63,67,68,69,70,71,74,76,77,78,79,80,81,82,83,84,86,87,89,91,92,93,94,95,97,98,99,100,101,102,103,104,107,112,115,116,117,118,119,121,124,125,126,127,128,129,130,131,132,134,136,137,138,139,140,141,142,145,147,149,150,151,152,153,154,155,156,159,161,162,163,164,165,166,167,169,170,171,172,173,175,176,180,182,183,184,185,187,189,190,191
64,66,68,70,71,72,75,76,77,80,81,82,84,87,88,92,93,96,97,99,101,102,104,105,106,107,111,113,114,115,116,119,120,121,123,126,128,129,130,132,134,135,136,139,140,141,142,144,145,146,147,150,151,152,155,157,158,161,162,163,164,165,166,168,171,172,173,174,175,176,177,178,179,182,183,185,189
65,66,67,69,70,71,72,74,75,76,77,78,79,80,81,82,84,85,87,89,90,95,96,97,100,104,106,111,112,113,116,119,120,122,123,125,126,127,130,131,134,135,139,141,142,150,153,154,155,156,160,161,163,164,165,166,167,168,169,170,173,174,175,176,178,183,184,187,190
66,67,69,73,74,75,76,77,81,82,84,86,87,88,93,95,97,98,99,100,102,106,108,109,110,112,115,116,117,118,119,120,122,124,125,126,127,129,133,135,136,138,143,144,150,151,152,155,159,160,161,162,163,164,165,167,170,172,173,176,178,180,181,182,183,186,187,188,190,191
67,70,72,74,75,79,81,85,86,88,89,90,91,92,93,94,96,98,99,100,102,103,106,107,109,110,111,112,113,115,116,117,121,122,123,126,128,131,132,133,134,135,137,138,139,141,142,144,145,146,147,149,150,153,154,155,156,157,159,160,162,163,164,166,167,168,169,172,174,176,177,178,179,180,182,183,187,191
68,69,70,71,72,75,77,78,81,82,83,84,86,87,89,90,92,93,95,96,97,98,103,105,106,107,108,109,110,112,113,117,119,120,121,122,123,124,125,126,129,131,134,135,138,140,141,142,144,146,147,149,150,151,152,153,157,158,159,160,161,162,165,166,169,172,173,176,177,178,179,180,185,186,190
69,71,72,75,76,77,78,79,81,82,83,84,85,87,89,91,93,94,97,98,99,103,105,109,110,111,112,113,115,116,119,120,121,124,129,131,132,133,134,136,138,141,143,146,148,150,152,154,155,156,157,160,161,165,166,167,170,171,172,173,175,176,177,179,182,187,188,189
70,71,72,74,75,76,77,78,79,85,86,87,88,91,92,93,94,95,96,97,99,100,101,103,104,105,106,109,111,112,115,116,117,122,123,125,126,129,130,132,134,135,137,138,140,141,143,144,145,147,149,150,152,154,155,156,157,158,161,162,163,164,165,168,170,173,174,175,176,180,181,182,183,185,186,188,189
71,72,74,75,76,78,79,82,85,87,89,90,93,94,95,96,98,99,101,104,106,107,109,110,112,114,115,116,118,120,122,123,124,128,129,130,131,132,133,135,136,137,138,140,141,145,146,147,148,150,151,152,153,154,157,158,159,162,164,165,166,168,172,173,174,177,181,182,184,186,187,191
72,74,75,77,78,80,81,83,84,85,86,87,88,89,90,91,92,93,96,97,99,100,102,104,105,106,107,108,109,110,111,112,114,116,118,119,120,121,123,124,127,128,132,134,135,138,139,143,146,147,148,150,151,152,154,155,156,159,165,167,169,174,175,176,177,178,179,181,183,185,187,188,189,190,191
73,74,75,76,79,80,82,87,88,89,92,94,95,96,98,100,104,105,107,108,110,111,114,117,118,120,121,122,123,124,125,126,130,132,133,135,138,139,140,143,144,145,147,151,152,153,154,155,157,158,159,161,163,164,165,168,169,170,171,175,177,179,180,182,183,184,185,186,187,190,191
74,75,79,81,82,84,87,88,89,90,91,93,94,95,100,103,105,106,108,109,111,112,114,115,116,117,120,121,122,126,127,128,129,130,132,133,134,138,140,141,142,143,146,147,148,149,150,152,154,155,156,158,160,161,162,163,164,167,169,171,173,175,178,179,181,183,184,186,187,188,189,190,191
75,77,78,79,82,83,84,88,89,92,93,95,97,98,100,102,104,106,107,108,109,111,112,113,114,116,118,123,124,125,127,129,131,132,133,134,135,136,138,140,143,144,145,147,148,149,154,155,156,158,160,165,167,168,169,170,171,172,173,176,178,181,183,184,185,186,187,188,189
76,77,79,83,86,89,92,94,97,98,99,100,101,103,106,108,110,112,113,114,115,118,119,120,121,123,124,125,127,129,130,131,132,133,134,136,138,139,141,142,143,144,148,149,151,154,155,157,159,162,163,164,167,169,170,171,173,176,178,180,181,182,183,187,188,189,190,191
77,78,80,82,88,89,90,91,92,93,95,98,99,101,102,103,104,105,106,107,109,110,112,114,115,118,119,120,121,122,123,124,125,126,127,128,129,130,131,135,137,138,140,141,142,144,145,147,149,150,152,154,156,157,158,160,161,162,163,164,166,167,171,172,173,176,177,180,181,183,184,186,187,190,191
78,80,82,83,85,86,89,92,95,97,99,100,102,103,104,105,107,108,109,111,112,115,116,119,120,121,125,126,127,129,136,137,138,139,140,141,144,145,147,152,153,154,155,156,159,160,161,163,164,165,167,168,170,172,174,176,177,178,179,181,186,189,190
79,82,83,86,87,88,90,91,92,93,95,97,99,102,103,104,105,106,107,109,110,111,112,114,115,116,118,119,122,123,125,127,128,129,131,133,134,139,140,143,144,145,146,151,153,155,157,158,159,162,164,165,167,169,170,171,172,173,175,178,179,182,184,185,187,189,190,191
80,83,84,85,86,88,92,94,99,100,103,104,105,107,109,110,113,114,115,118,119,120,123,125,128,129,135,137,138,139,140,141,142,144,145,147,148,149,152,153,156,157,158,159,160,161,163,166,167,168,169,170,171,172,173,174,175,177,178,181,182,184,188,190,191
81,83,84,85,90,91,92,93,94,95,97,98,99,101,103,104,105,106,110,111,115,119,120,121,122,124,125,126,131,132,133,135,137,138,139,140,141,142,144,147,148,149,150,151,152,153,154,158,159,160,161,165,167,168,169,170,171,172,173,174,175,176,179,181,182,185,186,187,188,189,190,191
82,83,84,85,87,88,89,90,92,94,95,96,97,98,100,102,104,105,110,111,113,114,115,116,117,118,126,127,128,129,130,131,132,133,137,138,139,140,141,142,143,144,145,146,147,149,150,154,155,156,159,161,166,167,172,173,180,182,183,184,187,188
83,84,85,86,88,89,92,94,95,96,99,101,102,103,104,105,106,108,109,110,111,112,113,117,118,119,120,121,126,127,131,132,135,137,138,139,140,142,143,145,148,151,152,154,157,158,159,160,166,167,168,170,171,172,173,174,183,187,190,191
84,85,86,89,90,92,94,95,96,97,98,99,101,102,103,107,110,112,114,115,117,119,122,124,125,127,129,130,132,133,134,136,138,140,141,142,148,150,151,154,157,158,160,161,162,163,164,166,167,168,171,172,173,174,175,176,180,181,185,187,189,190
85,86,87,88,89,90,91,92,93,95,98,100,103,104,106,110,112,114,116,117,118,119,128,129,134,135,137,138,139,140,142,144,145,148,149,150,151,153,154,156,158,159,161,163,164,165,167,168,169,170,173,174,175,176,180,181,182,184,186,188,190,191
86,88,90,94,96,98,100,101,102,105,106,107,111,112,116,118,119,121,124,125,126,127,130,132,134,139,140,141,142,143,144,145,146,148,149,152,153,154,156,157,159,161,163,165,168,171,172,173,175,176,177,178,179,184,186,187,190,191
87,93,95,97,98,101,102,104,107,108,109,110,112,115,116,121,122,123,125,126,127,128,129,130,133,134,136,138,143,145,147,148,149,150,151,153,154,155,157,158,161,162,163,164,165,167,170,171,172,174,176,178,179,182,184,185,186,187,189,191
88,89,92,93,95,98,100,101,103,105,106,108,110,114,117,120,122,124,127,128,129,130,131,132,137,138,142,144,145,146,148,151,153,155,156,157,160,163,164,165,166,168,170,171,172,173,174,176,177,178,184,188,191
89,92,93,96,97,98,99,100,101,103,105,106,107,109,111,116,117,118,120,125,128,129,130,132,133,135,137,140,141,142,143,144,145,146,147,149,151,152,153,155,156,157,158,159,163,167,168,169,170,175,177,179,180,184,185,186,187,188,189,190
90,91,92,94,95,96,97,98,99,101,102,103,104,105,107,110,112,113,114,115,116,118,121,122,125,126,133,140,144,148,150,151,153,154,155,156,157,158,160,161,162,163,164,165,167,168,169,171,173,175,176,177,178,180,181,182,184,186,187,188,189,190
91,93,94,95,98,100,103,105,106,109,110,113,114,115,116,119,122,123,126,128,129,131,132,136,137,138,139,140,141,142,145,148,149,151,152,153,154,157,158,160,161,162,164,165,168,170,171,173,175,176,177,180,181,182,183,184,186,189,190
92,93,95,97,100,101,104,105,109,110,111,115,116,117,118,119,122,124,125,127,128,129,130,131,132,133,134,136,138,140,141,143,145,146,147,148,149,153,154,156,158,159,160,161,163,164,165,166,167,168,169,171,173,174,178,179,180,181,182,185,186,188,190,191
93,95,98,100,104,107,114,115,116,117,118,119,120,123,124,127,129,130,132,133,134,136,137,138,140,141,142,143,144,145,146,147,148,150,151,152,154,155,156,157,158,161,162,165,166,167,168,169,170,171,173,174,175,177,178,180,181,184,186,187,188,189,191
94,95,96,99,100,109,111,113,117,118,122,123,125,126,127,128,129,131,133,134,137,141,143,144,146,148,149,150,152,153,154,156,157,158,159,160,163,165,168,169,171,175,177,178,180,181,182,183,184,185,186,187,189,190,191
95,96,97,98,99,101,102,103,104,105,108,109,112,113,114,115,116,117,118,119,120,121,122,125,128,129,130,132,133,137,140,141,142,143,145,148,150,151,153,155,156,157,158,159,160,161,162,163,165,167,168,169,171,172,174,175,176,177,178,180,181,182,183,185,188,189
96,99,100,101,104,105,106,108,109,110,113,114,116,119,124,126,128,129,130,133,134,136,137,138,139,140,142,143,144,146,149,150,151,152,153,155,156,158,159,160,161,162,164,165,166,167,173,174,176,177,179,180,181,182,183,184,186
97,98,99,100,101,102,103,106,109,110,111,112,118,120,123,125,126,129,130,132,133,134,135,136,138,139,140,142,144,146,147,148,149,150,151,154,156,158,161,162,163,164,166,171,172,174,176,177,178,180,181,182,183,185,187,188,189,190,191
98,99,100,101,103,105,108,109,110,112,113,114,117,118,119,121,123,124,126,127,128,129,130,131,132,135,136,137,138,140,141,142,146,147,148,149,151,152,154,155,156,157,159,160,164,165,166,167,168,169,170,171,172,173,176,180,183,184,189,190,191
99,100,101,102,103,105,106,108,112,113,115,116,118,119,120,121,122,123,124,125,126,127,128,129,130,131,132,134,135,136,138,140,141,142,143,144,145,146,147,148,149,150,151,152,153,154,155,156,157,158,159,160,161,163,167,168,170,171,172,174,175,176,177,178,180,182,183,187,188,190
100,101,102,103,104,107,109,110,112,116,117,118,119,120,124,125,126,128,129,131,132,133,134,135,136,138,139,144,146,147,148,149,150,151,153,154,156,158,159,160,162,163,164,165,166,167,169,171,172,176,177,178,179,181,183,184,185,187,188
101,102,103,104,106,107,108,111,113,115,117,118,119,120,121,123,126,127,128,131,133,135,136,138,139,140,142,143,144,145,146,147,148,152,153,154,157,159,161,163,164,165,167,171,172,173,174,175,177,178,179,180,181,182,183,184,185,187,188,189
102,103,105,106,108,110,111,112,113,114,115,117,120,121,125,127,128,130,132,133,134,135,136,137,138,139,140,142,143,144,145,146,148,149,150,151,152,153,154,155,157,158,159,161,162,164,165,167,170,171,172,173,175,176,177,178,179,180,182,184,185,186,187,188,189,190
103,105,106,107,108,109,110,111,112,113,114,115,116,117,120,121,124,126,128,129,131,132,133,136,137,138,139,140,142,144,145,150,155,156,157,158,159,161,163,166,167,168,169,171,173,174,176,178,179,182,183,184,185,187,188
104,105,106,107,108,109,115,116,118,119,120,121,122,123,124,125,126,127,128,129,131,132,133,136,138,140,142,145,146,147,149,150,152,153,154,155,157,159,160,162,163,164,166,167,173,176,178,179,182,185,186,188,189
105,107,108,109,110,112,113,115,116,117,118,122,124,129,132,134,135,137,138,140,141,142,143,144,146,147,148,149,151,154,155,156,157,158,160,162,165,167,168,169,170,171,172,173,175,176,180,181,184,185,186,188,191
106,107,109,111,112,113,114,119,123,124,125,126,127,129,131,132,135,138,140,142,144,145,146,147,148,151,152,153,154,155,156,159,162,163,164,168,169,171,172,173,174,175,179,182,183,184,185,187,188,189,190,191
107,108,109,110,112,114,115,117,118,119,121,122,123,124,125,127,128,129,131,135,138,139,141,142,143,144,145,148,149,150,153,154,157,160,162,163,164,166,169,170,171,173,175,176,177,179,180,181,182,184,185,186,187,188,189,191
108,110,111,114,116,117,118,123,125,126,127,129,130,132,134,138,140,141,144,145,146,147,148,149,152,154,156,157,158,160,162,163,165,166,168,169,170,171,173,175,176,177,181,186,187,189,190,191
109,110,116,119,121,122,123,126,127,128,129,130,131,132,134,136,138,139,140,141,148,151,153,154,155,156,157,158,159,160,165,167,169,170,171,172,173,174,175,178,180,182,183,186,189,190
110,111,112,115,116,118,119,120,121,123,124,126,129,130,132,134,135,140,142,143,144,145,146,147,148,152,153,156,158,159,162,163,164,165,167,169,170,171,172,174,175,176,177,178,180,181,184,185,187,188,189,190,191
111,112,113,115,118,119,120,122,123,124,126,127,128,129,132,133,135,137,139,140,141,142,143,147,148,150,151,152,154,155,156,158,161,163,165,166,168,169,171,172,173,174,175,176,177,178,181,182,184,185,187,188,189,190
112,113,114,116,117,120,121,122,123,124,126,127,128,132,133,134,135,137,138,139,140,141,142,144,145,147,153,155,157,159,163,164,165,167,168,169,170,171,172,173,174,176,177,178,181,182,184,186,187,188,189,190,191
113,114,115,116,117,121,122,123,126,127,128,129,132,133,134,136,138,139,140,141,142,143,144,145,149,150,151,152,153,154,156,159,160,161,163,164,166,167,168,169,171,174,175,177,179,181,182,184,185,188,189,190
114,115,116,117,118,119,120,121,126,127,129,130,131,132,135,139,140,141,142,144,145,146,150,151,152,154,157,160,161,162,164,165,166,167,168,169,174,176,179,180,182,183,184,185,187,188,189,190,191
115,116,117,118,120,121,124,125,126,129,130,132,134,135,136,137,138,140,141,142,143,144,145,151,153,156,157,158,159,160,162,169,170,172,173,174,175,176,179,180,182,184,185,187,188,189,190
116,122,124,125,126,127,128,131,132,136,138,140,141,142,143,145,146,148,150,151,152,153,154,155,157,159,160,161,162,163,167,169,172,173,174,176,177,181,186,187
117,120,121,123,126,127,128,130,132,133,136,137,138,139,140,142,143,146,147,148,149,150,161,163,164,165,166,167,168,169,170,171,172,173,175,179,182,183,185,187,188
118,119,120,122,124,128,129,130,131,133,134,135,137,139,143,144,146,147,149,150,153,154,155,157,158,163,165,166,167,168,170,171,172,173,174,178,180,181,182,183,188,189,190,191
119,120,123,124,125,129,134,135,137,138,142,145,146,147,148,149,150,151,152,153,154,157,158,159,161,162,163,164,165,166,167,169,170,172,173,177,178,179,181,182,183,184,185,188,189,190,191
120,122,124,125,128,129,130,131,134,135,136,137,139,140,142,143,144,147,148,149,150,151,152,153,154,157,160,161,163,165,167,168,169,174,175,176,177,182,184,185,186,188,191
121,122,123,124,125,126,127,128,130,131,133,134,138,139,141,142,143,144,146,148,150,152,155,156,157,159,161,162,164,166,167,168,169,171,173,174,175,176,177,179,180,181,182,183,184,187,190,191
122,123,125,126,127,128,130,131,132,136,137,141,143,144,146,148,149,151,152,154,155,156,158,159,162,164,165,168,169,170,172,174,175,177,179,180,181,183,184,185
123,124,126,128,129,130,132,133,134,135,136,137,147,148,149,150,151,152,153,155,159,163,164,165,166,167,170,171,173,174,175,176,179,182,183,185,186,188
124,125,126,127,128,129,130,131,133,138,141,144,147,149,153,154,156,158,160,161,162,164,166,168,170,172,173,174,175,178,180,181,183,186,189,191
125,127,129,130,132,134,135,136,137,139,140,142,143,145,149,150,152,153,155,156,160,161,162,164,166,169,170,172,174,175,177,178,179,181,182,184,187,190,191
126,127,129,130,132,134,135,137,138,139,140,142,143,146,147,148,149,150,151,155,157,158,160,161,162,163,164,165,166,167,170,174,175,176,177,178,180,181,182,183,184,187,188
127,130,131,132,133,136,137,138,141,144,146,149,153,154,155,157,158,159,160,162,163,164,165,166,167,170,171,172,173,174,175,177,179,180,182,184,185,186,187,188,191
128,129,131,133,134,135,136,138,139,140,142,143,144,147,148,152,154,155,156,157,158,159,161,162,163,164,166,168,170,171,172,174,176,177,182,183,185,187,188,189
129,130,131,132,133,134,135,136,137,138,144,146,147,148,149,150,151,152,154,156,157,158,160,163,164,167,168,170,172,173,174,175,176,178,183,187,188,191
130,132,134,135,138,141,143,145,146,147,148,149,150,151,152,153,159,160,162,163,165,168,169,170,171,172,173,175,176,177,179,182,183,185,186,189,190,191
131,135,136,138,139,140,142,148,149,150,153,154,156,159,161,163,164,165,166,168,170,172,173,174,175,178,179,180,181,182,183,184,185,190,191
132,134,135,136,137,139,140,142,144,145,146,147,148,151,153,155,157,159,160,162,164,165,166,167,168,170,171,172,173,174,176,178,179,181,184,185,186,187,188,189,190,191
133,136,137,139,140,141,143,145,146,147,149,150,151,152,153,154,155,156,157,159,160,162,164,166,167,168,169,170,172,174,176,177,178,179,180,181,182,185,186,187,188,189
134,135,136,139,140,141,143,144,145,147,148,149,150,151,152,154,159,161,162,163,164,167,168,169,170,171,172,173,174,176,177,178,179,180,181,184,185,188
135,136,139,140,141,143,145,147,150,152,154,155,156,157,158,159,160,161,164,165,168,169,170,171,172,173,174,177,178,180,182,183,187,191
136,138,139,141,142,144,145,146,147,148,150,151,153,157,159,160,162,164,165,166,167,168,170,171,173,174,175,178,181,182,186,187,188
137,138,140,142,143,144,146,149,150,152,153,155,157,158,160,162,163,164,166,167,168,169,172,173,176,180,182,185,186,189,191
138,139,140,142,146,148,149,151,153,156,157,160,161,164,166,167,169,170,171,172,173,174,176,179,181,183,185,186,188,190,191
139,142,147,150,152,153,155,156,157,160,161,163,164,165,167,168,169,172,173,176,177,179,182,183,184,185,186,187,188
140,145,146,147,150,153,154,155,156,157,158,161,162,164,165,166,167,168,169,170,172,173,175,177,178,180,181,183,184,187,189,191
141,142,146,150,151,152,153,154,156,158,159,160,161,162,163,164,167,168,172,173,174,175,177,178,180,184,185,186,188,189,190
142,143,144,145,148,150,155,156,157,158,160,161,162,163,164,165,166,167,169,170,173,174,175,177,179,180,181,182,184,186,187,188,189,191
143,144,145,146,147,148,149,152,155,157,159,162,163,167,169,171,173,175,176,178,179,180,181,182,184,185,186,187,189
144,145,146,148,149,150,151,152,154,155,156,161,162,164,166,167,169,170,172,174,175,176,177,178,179,180,182,184,185,190
145,146,147,148,150,153,154,155,156,157,159,160,161,163,164,168,169,170,171,172,173,174,175,176,177,178,179,180,181,183,185,186,189,190
146,152,157,158,159,160,161,162,164,166,169,170,171,174,175,176,177,179,180,182,183,185,186,187,188,189,191
147,148,149,150,151,152,153,156,159,160,161,164,166,167,168,170,172,173,177,180,184,185,186,190,191
148,149,150,152,156,158,160,164,165,166,167,168,170,171,172,173,175,176,178,183,184,187,189,190,191
149,150,151,152,153,154,157,158,159,160,161,163,164,167,169,170,171,172,173,174,175,179,180,181,183,184,185,186,189
150,152,154,155,156,157,158,159,160,161,163,165,167,168,169,170,171,172,174,175,177,179,182,183,184,185,188,190,191
151,152,153,155,156,158,159,162,163,165,167,168,170,171,172,173,174,181,184,185,186,190,191
152,153,155,156,160,161,165,166,167,172,173,176,178,179,181,182,183,184,186,188,190,191
153,155,157,158,161,162,163,166,168,171,173,174,175,177,178,179,180,181,182,183,185,188
154,155,158,160,164,167,168,169,171,172,174,175,177,178,180,182,183,185,188,189,190,191
155,156,159,161,164,167,169,172,174,175,176,182,184,185,186,187,188,189,190,191
156,158,159,160,162,163,167,168,170,171,172,173,174,175,177,179,182,183,184,185,186,188
157,158,162,163,165,166,167,170,172,173,175,176,177,178,179,180,181,182,183,185,189,190,191
158,159,162,163,165,168,170,171,173,174,176,177,179,182,183,184,186,187,191
159,160,167,168,170,171,173,174,175,176,178,179,180,184,186,187,188,189,190
160,161,162,163,164,167,169,171,172,173,174,175,179,180,181,182,184,187,189
161,162,164,165,167,170,171,172,173,174,175,177,178,179,181,182,189,190
162,163,164,166,167,168,169,170,171,172,174,175,176,177,180,181,184,185,187,189
163,166,168,169,170,172,174,175,176,177,178,183,184,185,186,187,189,190,191
164,165,169,170,171,174,175,176,177,178,179,180,182,184,185,186,188,191
165,167,168,170,172,174,176,177,179,180,181,182,185,187,188,189,190
166,167,169,170,171,173,175,176,180,181,182,183,185,187,188,190
167,168,170,172,174,175,176,177,178,179,182,185,186,188,189,190,191
168,169,170,172,173,175,177,178,179,181,185,186,189,190,191
169,170,173,174,175,176,177,178,179,180,181,183,185,186,189,190
170,171,172,174,175,176,177,178,179,182,183,184,186,187,189,191
171,172,173,174,178,179,180,181,182,183,185,187,189,190,191
172,174,175,176,177,179,180,181,182,184,188,189,190
173,174,177,178,179,181,183,184,186,187,189
174,176,178,179,180,181,183,184,186,187,190,191
175,176,179,180,183,185,187,188,189,191
176,177,179,180,181,182,183,184,185,188,189,190,191
177,180,184,185,186,187,191
178,181,182,183,184,185,186,188,189,190
179,180,182,183,184,186,188,189,191
180,181,183,184,186,187,189
181,182,183,186,187,188,189,190
182,183,184,186,187,188,190,191
183,184,185,187,188,190,191
184,185,186,187,189,191
185,186,188,189,190,191
186,188,190,191
187,188,189
188,190,191
189,190
190
191
