n_nodes:78
n_edges:1573
density:0.52381
0,1,5,6,7,9,10,11,13,14,15,16,17,18,19,20,23,27,29,31,32,33,35,36,37,38,39,42,43,46,48,49,51,53,55,56,58,59,60,61,62,63,64,66,67,68,69,72,76,77
1,65,3,4,69,6,7,75,73,77,11,76,13,14,15,16,18,20,21,22,23,25,27,29,30,68,33,36,70,39,41,42,45,46,47,48,53,54,55,62,63
2,64,67,5,6,7,72,76,74,11,12,13,16,17,75,20,21,22,24,27,28,29,30,69,32,37,38,39,41,42,44,45,46,48,51,55,56,57,59,70,61,63
3,75,68,69,6,7,72,9,74,11,12,77,15,16,17,18,22,23,25,26,29,31,32,34,39,41,43,45,46,48,49,52,59
4,75,68,5,7,8,73,74,11,13,14,15,18,19,21,22,23,24,26,28,69,32,35,36,38,39,40,41,71,44,45,46,50,51,52,77,57,59,60,62
5,6,9,14,15,16,18,22,23,25,26,27,28,29,31,32,34,35,36,38,39,42,43,44,46,47,48,50,51,54,57,58,59,64,65,66,67,68,70,71,72,73,74
6,8,9,10,11,12,13,15,16,18,19,21,26,28,29,30,32,34,35,37,38,40,42,43,44,45,47,48,49,51,52,53,54,57,59,65,66,67,68,72,75,76
7,70,64,73,75,76,13,14,19,21,22,23,67,25,26,27,28,29,30,32,33,34,36,41,42,43,44,46,72,50,51,53,55,57,58,60,61,63
8,64,65,67,72,9,10,75,12,14,16,18,19,20,21,23,24,68,27,28,31,35,37,38,40,41,43,44,45,48,50,73,59,60,63
9,12,13,14,15,17,19,23,27,28,29,30,31,32,34,36,40,41,42,43,44,45,49,50,51,52,53,54,55,59,62,63,64,66,67,72,73,75,76,77
10,73,11,12,13,77,16,21,22,24,25,26,28,30,31,32,33,34,37,38,46,47,48,49,50,51,52,56,57,60,61,63
11,65,72,75,76,13,77,15,16,17,18,67,66,22,23,25,29,33,34,35,36,70,39,41,71,47,49,50,51,52,55,58,59,61,63
12,65,66,69,71,13,77,15,16,67,20,21,68,27,28,29,30,31,33,34,35,37,41,42,44,46,47,72,50,53,54,73,56,57,59,63
13,16,17,20,21,24,26,27,28,29,30,31,33,36,37,39,40,42,43,44,48,50,51,52,53,54,57,58,63,64,66,68,69,71,73,74
14,66,68,75,16,19,20,21,22,25,26,28,29,69,31,32,36,37,38,39,41,70,47,51,52,53,54,56,57,58,59,60,61,65
15,16,19,21,73,23,24,25,27,68,29,31,37,40,42,43,46,47,48,49,52,53,76,55,58,60,63
16,17,19,21,22,24,25,27,28,30,35,36,37,38,43,44,45,46,47,48,50,53,55,56,59,60,66,67,69,70,72,73,74
17,64,68,69,70,65,74,77,75,21,23,24,27,28,30,31,33,34,38,39,41,42,71,44,45,46,48,49,50,52,53,73,56,58,61
18,66,73,64,69,67,20,22,23,25,26,28,30,31,32,33,34,35,37,39,40,41,43,45,46,47,49,50,52,53,54,72,57,58,60,61
19,64,67,74,75,24,25,26,27,68,30,31,33,34,36,70,38,41,43,45,46,47,72,50,52,54,58,59,62
20,69,70,71,77,22,24,26,27,29,30,32,33,34,37,38,39,64,45,47,49,50,51,52,53,55,57,58,63
21,22,23,24,25,27,28,29,31,32,35,36,39,40,42,43,48,49,50,53,54,56,57,59,60,61,62,65,68,70,74,77
22,64,68,73,76,66,23,25,26,28,29,30,31,33,36,38,39,40,42,44,47,49,50,51,54,55,56,57,65,63
23,70,77,67,24,68,27,30,32,33,38,40,75,71,73,45,47,48,49,50,52,55,58,59,61,65
24,70,71,73,77,68,26,27,29,31,32,35,38,42,43,45,48,72,51,53,54,55,57,58,74,62
25,64,76,77,69,71,75,28,29,30,31,67,35,36,40,41,43,45,46,48,50,51,54,55,60,74,63
26,65,72,77,68,71,28,30,32,33,36,37,38,39,40,42,43,45,52,54,55,56,57,59,60,62
27,67,66,75,71,28,32,34,35,36,38,41,42,43,47,76,49,50,51,72,57,58,59,60,61,63
28,68,67,29,69,32,33,35,36,70,39,42,71,45,48,72,51,74,54,73,57,58,60,61,63
29,64,74,75,71,69,31,33,35,37,38,43,44,46,47,48,72,51,52,53,76,57,61
30,64,67,69,75,77,32,34,70,43,45,46,47,76,49,50,51,54,57,60,74,63
31,64,66,65,33,34,38,40,42,45,46,73,48,49,76,53,54,72,56,57,60,61,62
32,33,34,35,39,40,42,44,45,46,47,48,50,51,53,57,58,59,60,63,64,65,66,69,71,72,73,75,77
33,71,68,69,70,72,76,75,35,37,38,42,43,44,65,46,51,53,54,55,56,57,60,61,62,63
34,66,72,67,37,38,39,40,42,44,45,46,48,76,50,52,54,56,59,60,61,62
35,64,66,75,71,68,40,42,49,51,72,56,57,61,62,63
36,75,70,72,74,77,69,37,38,39,41,42,43,46,48,49,50,52,55,57,59,65,62,63
37,65,66,77,76,75,72,70,40,41,44,46,47,48,49,50,51,52,53,55,56,58,59,60,74,63
38,39,40,43,44,45,48,49,50,51,52,53,54,55,57,59,62,67,69,70,74,76,77
39,65,64,73,74,67,68,75,40,41,71,44,45,46,50,51,52,55,60,61,63
40,66,67,75,76,77,41,42,43,47,48,50,51,52,73,57,58,70,63
41,68,74,66,71,65,42,43,45,47,76,49,54,55,60,62
42,67,66,64,75,71,68,70,43,44,45,48,72,76,54,56,59,60,61
43,64,68,76,73,45,72,50,51,52,53,55,57,60,61,62,63
44,64,67,75,77,66,69,71,45,73,76,49,53,54,55,56,62,63
45,46,47,48,50,51,52,54,55,56,58,59,63,65,66,68,69,70,72,74,77
46,68,64,73,75,77,65,47,72,50,52,55,59,61,62,63
47,50,52,53,54,55,56,58,59,60,61,62,63,64,65,66,68,69,70,71,74,76
48,65,73,75,76,77,67,69,49,50,52,54,55,72,58,62,63
49,64,66,68,69,65,75,77,67,50,52,54,55,57,70,74,62
50,52,53,54,55,56,57,58,67,69,71,72,75,76
51,64,72,77,68,54,56,57,58,70,61
52,64,65,72,76,73,67,68,55,56,58,60,74,62
53,68,64,74,75,71,77,57,59,60,65
54,59,61,62,63,64,65,66,67,69,70,71,73,74,75,76
55,67,64,74,77,71,56,57,59,61,72,63
56,64,69,65,73,75,77,71,76,58,74,62,63
57,58,59,60,61,62,63,64,65,66,67,68,70,71,72,73,74,75,76,77
58,66,70,72,73,74,76,69,77,61,62
59,74,75,69,76,61,62
60,64,74,73,76,77,61
61,64,75,68,69,70,72,76,65,62
62,71,70,65,64,75,68,73,72
63,64,65,66,68,69,70,71,72,74,75
64,66,74,69
65,66,67,68,71,73,74,77,75,70
66,75,68,74,69,71,76,73
67,75,74,77,73,70,71
68,73,71,69,72
69,71,76,75,77,70
70,74,77,71
71,73,77,75,76
72,74,73,76
73,77,74
74,75,77
75,76,77
76
77
