n_nodes:31
n_edges:355
density:0.76344
0,1,2,3,4,6,7,8,9,10,12,13,14,15,16,17,18,19,21,22,23,24,27,28,29,30
1,3,5,6,8,9,11,12,13,14,19,20,21,23,25,26,27,28,30
2,3,5,6,7,9,10,12,13,14,16,17,19,21,23,24,25,26,27,28,30
3,4,5,6,7,8,9,10,11,12,13,14,15,16,17,19,21,23,24,26,27,28,30
4,6,7,8,9,11,12,13,14,15,16,17,19,20,21,22,24,25,27,28,29,30
5,6,7,8,9,10,11,12,13,15,16,17,18,19,21,22,23,24,25,26,28,29
6,7,10,11,14,15,16,18,19,20,21,22,23,24,25,26,29,30
7,8,10,11,12,13,14,15,18,20,21,22,23,24,25,27,28,29,30
8,9,10,11,12,13,14,16,19,20,21,22,24,25,28,29
9,10,11,12,13,14,15,16,17,19,20,22,23,25,27,28,30
10,11,12,13,14,15,16,17,19,20,21,22,23,25,26,27,28,29,30
11,14,15,16,18,19,20,22,23,25,26,27,28,29,30
12,13,14,15,16,18,19,20,21,23,25,27,28,30
13,14,15,17,18,20,22,25,26,27,28,29,30
14,15,16,17,18,19,20,21,22,23,25,26,27,28,30
15,16,18,20,22,23,25,26,27,29,30
16,18,20,21,22,23,25,26,27,28,29,30
17,18,21,22,24,26,27,28,29,30
18,19,20,21,22,25,28
19,20,21,22,23,25,26,27,28,29,30
20,21,22,23,24,25,26,27,28,29
21,22,23,24,26,27,28,29
22,23,24,26,27,28
23,24,25,26,27,28,30
24,26,27,28,29,30
25,26,28,29,30
26,27,28,29,30
27,29,30
28,29,30
29,30
30
