n_nodes:198
n_edges:18326
density:0.93965
0,1,2,3,4,5,6,7,8,9,10,11,12,13,14,16,17,18,19,20,21,22,23,24,25,26,27,28,29,31,32,33,34,35,36,37,38,39,40,41,42,43,44,45,46,47,48,49,50,51,52,53,54,55,56,57,58,60,61,62,63,64,65,66,67,68,69,70,71,72,73,74,75,76,77,78,79,80,81,82,84,85,86,87,88,89,90,91,92,93,94,95,96,97,99,100,101,103,104,105,106,107,108,109,110,111,112,113,114,116,117,118,119,120,121,122,123,124,125,126,127,128,129,130,131,132,133,134,135,136,137,138,139,140,141,142,143,144,145,146,147,148,149,150,151,152,153,154,155,156,158,159,160,161,162,163,164,165,166,167,168,169,170,171,172,173,175,176,177,178,179,180,181,182,183,184,185,186,187,188,189,190,191,192,193,194,195,196,197
1,2,4,5,6,7,8,10,11,12,13,14,15,16,17,18,19,20,21,22,23,24,25,26,27,28,29,30,31,32,33,34,35,37,38,39,40,41,42,43,44,45,46,47,48,49,50,51,52,53,54,55,56,57,58,59,60,61,62,63,64,66,67,68,69,70,71,72,73,74,76,77,78,79,80,81,82,83,84,85,86,87,88,89,90,91,92,93,94,95,96,98,99,100,101,102,103,104,105,106,107,108,109,110,111,112,113,114,115,116,117,118,119,120,121,122,123,124,125,126,127,128,129,130,131,132,133,134,135,136,137,138,139,140,141,142,143,144,145,146,147,148,149,150,151,152,153,154,155,156,157,158,159,160,161,162,163,164,165,166,167,168,169,170,171,172,173,174,175,176,177,178,180,181,182,183,184,185,186,187,188,189,190,191,192,193,194,195,196,197
2,3,4,5,6,7,8,9,10,11,12,13,15,16,17,18,19,20,21,22,23,24,25,26,27,28,29,30,32,33,34,35,36,37,38,39,40,41,42,43,44,45,46,47,48,49,50,51,52,53,54,55,56,58,59,60,61,62,64,65,66,67,68,69,70,72,73,74,75,76,77,78,79,80,81,82,84,85,87,88,89,90,91,92,94,95,96,97,98,99,100,101,102,103,104,105,106,107,108,110,111,112,113,114,115,116,117,118,119,120,121,122,123,124,125,126,127,128,129,130,131,132,133,134,135,136,137,138,139,140,141,142,143,144,145,146,147,148,149,150,151,152,153,154,155,156,157,158,159,160,161,162,163,164,165,166,167,168,169,170,171,172,175,176,177,178,179,180,181,182,183,184,185,186,187,188,189,190,191,192,193,195,196,197
3,4,5,6,7,8,9,10,11,12,13,14,15,16,17,18,19,21,23,24,26,27,28,29,30,31,32,33,34,35,36,38,39,40,41,42,43,44,45,46,47,49,50,51,52,53,54,56,57,58,59,61,62,63,64,65,66,67,68,69,70,73,74,75,76,77,78,79,80,81,82,83,84,85,86,87,88,89,90,91,92,93,94,96,97,98,99,100,102,103,104,105,106,107,108,109,110,111,112,113,114,115,116,117,118,119,120,121,122,123,124,125,126,127,128,129,130,131,132,133,134,135,136,137,138,139,141,142,143,144,145,146,147,149,150,151,152,153,154,155,156,157,158,159,160,161,162,164,165,166,167,168,169,170,171,172,174,175,176,177,178,179,180,181,182,184,185,186,187,188,189,190,191,192,193,195,196,197
4,5,6,7,8,9,10,11,12,13,14,15,16,17,18,20,21,22,23,24,25,26,28,29,30,31,32,33,34,35,36,37,38,39,40,41,42,43,44,45,46,47,48,49,50,51,52,53,54,55,56,57,58,59,60,61,62,63,64,65,66,67,68,69,70,71,72,73,75,76,77,78,79,81,82,83,84,85,86,87,88,89,90,91,92,93,94,96,97,98,99,100,101,102,103,104,105,106,107,108,109,110,111,112,113,114,115,116,117,118,119,120,121,122,123,124,125,127,128,129,130,131,132,133,134,135,136,137,138,139,140,141,142,143,144,145,146,147,148,149,150,151,152,153,154,155,156,157,158,159,160,161,162,163,164,165,166,167,168,169,170,171,172,173,174,175,176,177,178,179,180,181,182,183,184,185,186,187,188,189,191,192,193,194,195,197
5,7,8,9,10,11,12,13,14,15,16,17,18,19,20,21,22,23,24,25,26,28,29,30,31,32,33,34,35,36,37,38,39,40,41,42,43,44,45,46,47,48,49,50,51,52,53,54,56,58,59,60,61,63,64,65,66,67,68,69,70,71,72,73,74,75,76,77,78,79,81,83,84,85,86,87,88,89,90,91,92,93,94,95,96,97,98,99,100,101,102,103,104,105,106,107,108,109,110,111,112,113,114,115,116,117,118,119,120,121,122,123,124,126,127,128,129,130,131,132,133,134,135,136,137,138,139,140,141,142,143,144,145,146,147,148,149,150,151,152,153,154,155,156,157,158,159,160,161,162,163,164,165,166,167,168,169,170,171,172,173,174,175,176,177,178,179,180,181,182,183,184,185,186,187,188,189,190,191,192,193,194,195,196,197
6,8,9,10,11,12,13,14,15,17,18,19,20,21,22,23,26,27,28,30,31,32,33,34,35,36,37,38,39,40,41,42,43,44,45,46,47,48,49,50,51,52,53,54,55,56,57,58,59,60,61,62,63,64,65,66,67,68,69,70,71,72,73,74,75,76,78,79,80,81,83,84,85,86,87,88,89,90,91,92,93,94,95,96,97,98,99,100,101,102,103,104,105,107,108,109,111,113,114,115,116,117,118,119,120,121,122,123,125,126,127,128,129,130,131,132,133,134,135,136,137,138,139,141,142,143,144,145,146,147,148,149,150,151,152,153,154,155,156,157,158,159,160,161,162,163,164,165,166,167,168,169,170,171,172,173,174,176,177,178,179,180,181,182,183,184,185,186,187,188,189,190,191,192,193,194,196,197
7,8,9,10,11,12,13,14,15,16,17,18,19,20,21,22,23,24,25,26,27,28,29,30,31,32,33,34,35,36,37,38,39,41,42,43,44,45,46,47,48,49,50,51,52,54,55,57,58,60,61,62,63,64,65,66,67,68,69,70,71,72,73,74,75,76,77,78,79,80,81,82,84,85,86,87,88,89,90,91,92,94,95,96,97,99,101,102,103,104,105,106,107,108,109,110,111,112,113,114,115,116,118,119,120,121,122,123,124,125,126,127,128,129,130,131,132,133,134,135,136,137,138,139,140,141,142,143,144,146,147,148,149,151,153,154,155,156,157,158,160,161,162,163,164,165,166,167,168,169,170,171,172,173,174,175,176,177,178,180,181,182,183,184,185,186,187,189,190,191,192,193,194,195,196,197
8,9,10,11,12,13,14,15,16,17,18,19,20,21,22,23,24,25,26,27,29,30,31,32,33,34,36,37,38,39,40,41,42,43,44,45,46,47,48,50,51,53,54,55,58,59,60,61,63,64,65,66,67,68,69,70,71,72,73,74,75,76,77,78,79,80,82,83,84,85,86,87,88,89,90,91,92,93,94,95,97,98,99,100,101,102,103,104,105,106,107,108,109,110,111,112,113,114,115,116,117,118,119,120,121,122,123,124,125,126,128,129,130,131,132,133,134,135,136,137,138,139,140,141,142,143,144,145,146,147,148,149,150,151,153,155,156,157,158,159,160,161,162,163,165,166,167,168,169,170,171,172,173,174,175,176,177,178,179,180,181,182,183,184,185,186,187,188,189,190,191,192,193,194,195,196
9,10,12,13,14,15,16,17,18,19,20,21,22,23,24,25,26,27,28,29,30,31,32,34,35,36,37,38,39,40,41,42,43,44,45,46,47,48,49,50,51,52,53,54,55,56,57,59,60,61,62,63,64,65,66,67,68,69,70,71,72,73,75,76,77,78,79,80,81,82,83,84,85,86,87,88,89,90,91,92,93,94,95,96,97,98,100,101,102,103,104,105,106,107,108,109,110,111,112,113,114,115,116,117,118,119,120,121,122,123,124,126,127,128,129,130,131,132,133,136,137,138,139,140,141,142,143,144,145,146,147,148,149,150,151,152,153,154,155,156,157,158,159,160,161,162,163,164,165,166,167,168,169,170,171,172,173,174,175,176,177,178,179,180,182,184,185,186,187,188,189,190,191,192,193,194,195,196,197
10,11,12,13,14,15,16,17,18,19,20,21,22,23,24,25,26,27,29,30,31,32,34,35,36,37,38,39,40,41,42,44,45,46,47,48,49,50,51,52,53,55,56,57,58,59,60,61,62,63,64,65,66,67,68,69,70,71,72,73,74,75,76,77,78,79,80,81,82,83,84,85,86,87,88,89,90,91,92,93,94,95,96,97,99,100,101,102,103,104,105,106,107,108,109,110,111,112,113,114,115,116,117,118,119,120,121,122,123,124,126,127,128,129,130,132,133,134,135,136,137,138,139,140,141,142,143,144,145,146,147,148,149,150,151,152,153,154,155,156,157,158,159,160,161,162,163,164,165,166,167,168,169,170,171,172,173,174,175,177,178,179,181,182,183,184,185,186,187,188,190,191,192,193,194,195,196,197
11,12,13,14,15,16,17,19,20,21,22,23,24,25,26,27,28,29,30,31,33,34,35,36,37,38,39,40,41,42,44,45,46,47,48,49,50,51,52,53,54,55,56,57,58,59,60,61,64,65,66,67,68,69,70,71,72,73,74,75,76,77,78,79,80,81,82,83,84,85,86,87,88,89,90,91,92,93,95,96,97,98,99,100,101,102,103,104,105,106,107,108,109,110,111,112,113,114,115,116,117,118,119,120,121,122,123,124,125,126,127,128,129,130,131,133,134,135,136,137,138,139,140,141,142,143,144,145,146,147,148,149,150,151,152,153,154,155,156,157,158,159,160,161,162,164,165,166,167,168,170,171,173,174,175,176,177,178,179,180,181,182,183,184,185,186,187,188,189,190,191,192,193,194,195,196,197
12,13,14,15,16,17,18,19,20,21,22,24,25,26,27,28,29,30,31,32,33,34,35,36,37,38,39,40,41,42,43,44,45,46,47,48,49,50,51,52,53,54,55,56,57,58,59,60,61,62,63,64,66,67,68,69,70,71,72,73,74,75,76,77,78,79,80,81,82,83,84,85,86,87,88,89,90,91,92,93,94,95,96,98,99,100,101,102,103,104,105,106,107,108,109,110,111,112,113,114,115,116,118,119,121,122,124,125,126,127,128,129,130,131,132,133,134,135,136,137,138,139,140,141,142,143,144,145,146,147,148,149,150,151,152,153,154,156,157,158,159,160,161,162,164,165,167,168,169,170,171,172,173,174,175,176,177,178,179,180,181,182,183,184,185,186,189,190,191,192,193,194,195,196,197
13,14,15,16,17,18,19,20,21,22,23,24,25,26,27,28,29,30,31,32,33,34,35,36,37,38,39,40,41,42,43,44,45,46,47,48,49,50,51,52,53,54,55,56,57,58,59,61,62,64,65,66,67,68,69,70,71,72,73,75,76,77,78,80,81,82,83,84,85,86,87,89,90,91,92,94,95,96,97,98,100,101,102,103,104,105,106,107,108,109,111,112,113,114,115,116,117,118,119,120,121,122,123,124,125,126,127,128,129,130,131,132,133,134,135,136,138,139,140,141,142,143,144,145,146,147,148,149,150,151,152,153,154,155,156,157,158,159,160,161,162,163,164,165,166,167,168,169,170,171,172,173,175,176,177,178,179,180,181,182,183,184,185,186,187,188,189,190,191,192,193,194,195,196,197
14,15,16,17,18,19,20,21,22,23,24,25,26,27,28,29,30,31,32,33,34,35,36,37,38,39,40,41,42,44,45,46,47,48,49,50,51,52,53,54,55,56,57,58,59,60,61,62,63,64,65,66,67,68,69,70,71,72,73,74,75,76,77,78,79,80,81,82,83,84,85,86,87,88,89,90,91,92,93,94,95,96,97,98,99,100,101,102,103,104,105,106,107,108,109,110,111,112,113,114,115,116,117,118,119,120,121,122,123,124,125,126,127,128,129,130,131,132,133,135,136,138,139,140,141,142,143,144,145,146,147,148,149,150,151,152,153,154,155,156,157,158,159,160,161,162,163,164,165,166,167,168,169,170,171,172,174,175,176,177,178,179,180,181,182,183,184,185,187,188,189,190,191,192,193,194,195,197
15,17,18,19,20,21,22,23,24,25,26,27,29,30,31,32,33,34,35,36,37,38,39,40,42,43,44,45,46,47,48,49,50,51,52,53,54,55,56,57,58,59,60,61,62,63,64,65,66,67,68,69,70,71,72,73,74,75,76,77,78,79,80,81,82,84,86,87,88,89,90,91,92,93,94,95,96,98,99,100,101,102,103,105,106,107,108,110,111,112,113,114,115,116,117,118,119,120,121,122,123,124,125,126,127,128,129,130,131,132,133,134,135,136,137,138,139,140,141,142,143,144,145,146,147,148,149,150,151,152,153,154,155,156,157,158,159,160,161,162,163,164,165,166,167,168,169,170,171,172,173,174,175,176,177,178,179,180,181,182,183,184,185,186,187,188,189,190,191,192,193,194,195,196,197
16,17,18,19,20,21,22,23,24,25,26,27,28,29,31,32,33,34,35,37,38,39,40,41,43,44,45,46,47,48,49,50,51,52,53,54,55,56,57,59,60,61,62,63,64,65,66,67,68,70,71,72,73,74,75,76,77,78,79,80,81,82,83,84,85,86,87,89,90,91,92,93,94,95,96,97,98,100,101,102,103,104,105,107,108,109,110,111,113,114,115,116,117,118,119,120,121,122,123,125,126,127,128,129,130,131,132,133,134,136,137,138,139,140,141,142,143,144,145,146,147,148,149,150,151,152,153,154,155,156,157,158,160,161,162,163,164,165,166,167,168,169,170,171,172,173,174,175,176,177,178,179,181,183,184,185,186,187,188,189,190,191,192,193,194,195,196,197
17,18,19,20,22,23,24,25,26,27,28,29,30,31,32,33,34,35,36,37,38,39,41,42,43,44,45,46,47,48,49,50,51,52,53,54,55,56,57,58,59,60,61,62,63,64,65,66,67,69,70,71,72,73,74,76,79,80,81,82,83,84,85,86,87,88,89,90,91,92,93,94,95,96,97,98,99,100,101,102,103,104,105,106,107,108,109,110,111,112,113,114,115,116,117,118,120,121,122,123,124,125,127,128,129,130,131,132,133,134,135,136,137,138,139,140,141,142,143,144,145,146,147,148,149,151,152,153,154,155,156,157,158,159,160,162,163,164,165,166,168,170,171,172,173,174,175,176,177,178,179,180,181,182,183,184,185,186,187,188,189,190,191,192,193,194,195,196,197
18,19,20,21,22,23,24,25,26,27,28,29,30,31,32,33,34,35,36,37,38,39,40,41,42,43,44,45,46,50,51,52,53,54,55,56,57,58,59,60,61,62,63,64,65,66,67,68,69,70,71,72,73,74,75,76,77,78,79,80,81,83,84,86,87,88,89,90,91,92,93,94,95,96,97,98,99,100,101,102,103,104,105,106,107,108,109,110,112,113,114,116,117,118,119,120,121,122,123,124,125,126,127,128,129,130,131,132,133,134,135,136,137,138,139,141,142,143,144,145,147,148,149,150,151,152,153,154,155,156,157,158,159,161,162,163,164,165,166,167,168,169,170,171,172,173,174,175,176,177,178,179,180,181,182,183,184,185,186,187,189,190,191,192,194,196,197
19,20,21,22,23,25,26,27,28,29,30,31,32,33,34,35,36,38,39,40,41,42,43,44,45,46,47,48,49,50,51,52,53,54,55,56,57,58,59,60,61,62,63,64,65,66,67,68,70,71,73,74,75,76,77,78,80,81,82,83,84,85,86,87,88,89,90,91,92,93,94,95,96,97,98,100,101,102,103,104,105,106,107,108,109,110,111,112,113,114,115,116,117,118,120,121,122,123,124,125,126,127,128,129,130,131,132,133,134,135,137,138,139,140,141,142,143,144,145,146,147,148,150,151,152,153,154,157,158,159,160,161,162,163,164,165,166,167,168,169,170,171,172,173,174,175,176,177,178,179,180,181,182,183,184,185,186,187,188,189,190,191,192,193,196,197
20,21,22,23,24,25,26,27,28,29,30,31,32,33,34,35,36,37,38,39,40,41,42,43,44,45,46,48,49,50,51,52,53,54,55,56,57,58,59,60,61,62,63,64,65,66,67,68,69,70,71,72,73,74,75,76,77,78,79,80,81,82,83,84,85,86,87,88,89,90,91,92,94,95,96,97,98,99,100,101,102,103,104,105,106,107,108,109,110,111,112,113,115,116,119,120,121,122,123,124,125,126,127,128,129,130,131,132,133,134,137,138,139,140,141,142,143,144,145,146,148,149,150,151,152,153,154,155,156,157,158,159,160,161,162,163,164,165,166,167,168,169,170,171,172,173,175,176,177,178,179,180,181,182,183,184,185,186,187,188,189,191,192,193,194,195,196,197
21,22,23,24,25,26,27,28,29,30,31,32,34,35,36,37,38,39,40,41,42,43,44,45,46,47,48,49,50,51,52,53,54,55,56,57,58,59,60,62,63,64,65,66,67,68,69,70,71,73,74,78,79,80,81,82,83,84,85,86,87,88,89,90,91,92,93,94,95,96,97,98,100,101,102,103,104,105,106,107,108,109,110,111,112,113,114,115,116,117,119,120,122,123,124,125,126,127,128,129,130,131,132,133,134,135,136,137,138,139,140,142,143,144,145,146,147,149,150,151,152,153,154,155,156,157,158,160,161,162,163,164,165,166,167,168,169,170,171,172,173,174,176,178,179,182,183,184,185,186,187,188,189,190,191,192,193,194,195,196,197
22,24,25,26,27,28,29,30,31,32,34,36,37,38,39,40,41,42,43,44,45,46,47,48,49,50,51,52,53,54,55,56,57,58,59,60,61,62,63,64,65,66,67,68,69,70,71,72,73,74,75,76,77,78,79,80,81,82,83,84,85,86,87,88,89,90,91,92,93,94,95,96,97,98,99,101,103,104,105,106,107,108,109,110,111,113,114,115,116,117,118,119,120,121,122,123,124,125,126,127,128,129,130,131,132,133,134,135,137,138,139,140,141,142,143,144,145,146,147,148,149,150,151,152,153,154,155,156,157,158,159,160,161,162,163,164,165,166,167,168,169,170,171,172,173,174,175,176,177,178,179,180,181,182,183,184,185,186,187,188,189,190,191,192,193,194,195,196,197
23,24,25,26,27,28,29,30,31,32,33,34,35,36,37,38,39,40,41,42,43,44,45,46,47,48,49,50,51,52,53,54,55,56,57,58,59,60,62,63,64,65,66,67,68,69,70,71,72,73,74,75,76,77,78,79,80,81,82,84,85,86,87,88,89,90,91,92,93,94,95,96,97,98,99,100,101,102,103,104,105,106,107,109,110,111,112,113,114,115,116,117,118,119,120,121,122,123,124,125,126,127,129,130,131,132,133,134,135,136,137,138,139,140,141,143,144,145,146,147,148,149,150,151,152,153,154,155,156,157,158,159,160,161,162,163,164,165,166,167,169,170,171,172,173,174,175,176,177,178,180,181,182,183,184,185,186,187,188,189,190,191,192,193,194,195,196,197
24,25,26,27,28,29,30,31,32,33,34,35,36,37,38,39,41,42,44,46,47,48,49,50,51,52,54,55,56,57,58,59,61,62,63,64,65,66,67,68,69,70,72,73,74,75,76,77,78,79,80,81,82,83,84,86,87,88,90,91,92,93,94,95,96,98,99,100,102,103,105,106,107,108,109,110,111,112,113,114,115,116,117,118,119,120,121,122,123,124,125,126,128,129,130,131,132,133,134,135,136,137,138,139,140,142,143,144,145,146,147,148,149,150,151,152,153,154,155,157,159,160,161,162,163,164,165,166,167,168,169,172,173,174,175,176,177,178,179,180,181,182,183,184,185,186,187,188,189,190,191,192,193,195,196,197
25,26,27,28,29,30,31,32,33,34,35,36,37,38,39,40,41,42,44,45,46,47,48,49,50,51,52,53,54,55,56,57,58,59,60,61,62,63,64,65,66,67,68,69,71,72,73,74,75,76,77,78,79,80,81,82,83,84,85,86,87,89,90,91,92,93,94,95,96,97,98,99,100,101,102,103,104,105,106,107,108,109,110,111,112,113,114,115,116,117,118,119,121,122,123,124,125,126,127,128,129,130,131,132,133,134,135,136,137,138,139,140,141,142,143,144,145,146,147,148,149,150,151,152,153,154,156,157,158,159,160,161,162,163,164,165,166,167,168,169,170,171,172,174,175,176,177,178,179,180,181,182,183,184,185,186,187,188,189,190,191,192,193,194,195,196,197
26,27,28,31,32,33,34,35,36,37,38,39,40,41,42,43,44,45,46,47,48,49,50,51,52,53,54,55,56,57,58,59,60,61,62,63,64,65,66,67,68,69,70,71,72,73,74,75,76,77,78,79,81,82,83,84,85,86,87,88,89,90,91,92,93,94,96,97,98,99,100,101,102,103,104,105,106,107,108,109,110,111,112,113,115,116,117,119,120,121,122,123,124,125,126,127,128,129,131,132,133,134,135,136,137,138,139,140,141,142,143,144,145,147,148,149,150,151,152,153,154,156,157,158,159,160,162,163,164,165,166,167,168,169,170,171,172,173,174,175,176,177,178,179,180,181,182,183,184,185,186,187,188,189,190,191,192,193,194,195,196,197
27,28,29,30,31,32,33,34,35,36,37,38,39,40,41,42,43,44,45,46,47,50,51,52,53,54,55,56,57,58,59,60,61,62,63,65,66,67,68,69,72,74,75,76,77,78,79,80,81,82,83,84,85,86,88,89,90,91,92,93,94,95,96,97,98,99,100,101,103,104,105,106,107,108,109,111,112,113,114,116,117,118,119,120,121,122,125,126,128,129,130,131,132,133,134,135,136,137,139,140,141,142,143,144,145,146,147,148,149,150,151,152,153,154,155,156,157,158,159,160,161,162,163,164,165,166,167,168,170,171,172,175,176,177,178,179,180,181,182,183,184,185,186,187,188,189,190,192,193,194,195,196,197
28,29,30,31,32,33,34,35,36,37,38,40,41,42,43,44,45,46,47,48,49,50,51,52,53,54,55,56,57,58,59,60,61,62,64,65,66,67,68,69,70,71,72,73,74,75,76,77,78,79,80,81,83,84,85,86,87,88,89,90,91,92,93,94,95,96,97,98,99,100,101,102,103,104,105,107,108,109,110,111,112,113,115,116,117,118,119,120,121,122,123,124,125,126,128,129,130,131,132,133,134,135,136,137,138,139,140,141,142,143,144,145,146,147,148,149,150,152,153,154,155,156,157,158,159,160,161,162,163,164,165,166,167,168,169,170,171,172,173,174,175,176,177,178,179,180,181,183,184,185,186,187,188,189,190,191,192,193,195,196,197
29,31,32,33,34,35,36,37,38,39,40,41,42,45,46,47,48,49,50,51,52,53,55,57,58,59,60,61,62,63,64,65,66,67,68,69,70,71,72,73,74,75,76,77,78,79,80,82,83,84,85,86,87,88,89,90,91,92,93,94,95,97,99,100,101,102,103,104,106,107,108,109,110,111,112,113,114,115,116,117,118,119,120,121,122,123,125,126,127,128,129,130,131,132,133,134,135,136,138,139,140,141,142,143,144,145,146,147,149,150,151,152,153,154,155,156,157,158,159,160,161,162,164,165,166,168,169,170,171,172,173,174,175,176,177,178,179,180,181,182,183,184,185,186,187,188,189,190,191,192,193,194,195,197
30,31,32,33,35,36,37,38,39,40,41,42,43,44,45,46,47,48,49,50,51,52,53,54,55,56,57,58,59,60,61,62,63,64,65,66,67,68,69,70,71,73,74,75,76,77,78,79,80,81,82,84,85,86,87,88,89,90,91,92,93,94,95,97,98,99,100,101,102,103,104,105,106,107,108,109,110,111,112,113,115,116,117,118,120,121,122,123,124,125,126,127,128,129,130,131,133,134,135,136,137,139,140,141,142,143,144,145,146,147,149,150,151,152,153,154,155,156,157,158,159,160,161,162,163,164,165,166,167,168,169,170,171,172,173,174,175,176,177,178,179,181,182,183,184,185,186,187,188,189,190,191,192,193,194,195,196,197
31,32,33,34,35,36,37,38,39,41,42,43,44,45,46,48,49,50,51,52,53,54,55,56,57,58,59,60,61,62,63,64,65,66,68,69,70,71,72,73,74,75,76,77,78,79,80,81,82,83,84,85,86,87,88,89,91,92,93,94,95,96,97,98,99,101,103,104,105,106,107,108,109,111,112,113,114,115,116,117,118,119,120,121,122,123,124,125,126,127,128,129,130,131,132,133,134,135,136,138,139,140,141,142,143,144,145,146,147,148,149,150,151,152,153,154,155,156,157,158,159,160,161,162,163,164,165,166,167,168,169,170,171,172,173,175,176,177,178,179,180,181,182,183,184,185,186,187,188,189,190,191,192,193,194,195,196,197
32,33,34,35,36,37,39,40,42,43,44,45,46,47,48,49,50,51,53,54,55,56,57,58,59,60,61,62,63,64,65,66,67,68,69,70,71,72,73,74,75,76,77,78,79,80,81,82,83,84,85,86,87,88,89,90,91,92,93,94,95,96,97,98,99,100,101,103,105,106,107,108,109,110,111,112,113,114,115,116,117,118,119,120,121,123,124,125,126,127,128,129,130,131,132,133,134,135,137,138,140,141,142,143,144,145,146,147,148,149,150,151,152,153,154,155,156,157,158,159,160,161,162,163,164,165,166,167,168,169,171,172,173,174,175,176,177,178,179,180,181,182,183,185,187,188,189,190,191,192,193,194,195,196,197
33,34,35,36,37,38,39,40,41,42,43,44,47,48,49,51,52,53,54,55,56,57,58,59,60,61,62,63,64,67,68,69,70,71,72,73,75,76,77,78,79,80,81,82,83,84,85,86,87,88,89,90,91,92,93,94,95,96,97,98,100,101,102,103,104,105,106,107,108,109,110,112,113,114,115,116,117,118,119,120,121,122,123,124,126,127,128,129,130,131,132,133,134,135,136,137,138,139,140,141,142,143,144,145,147,148,149,150,151,152,153,154,156,157,158,159,160,161,162,163,164,165,166,167,168,169,170,171,172,173,174,175,176,177,179,181,182,184,185,186,187,188,189,190,191,192,193,194,195,196,197
34,35,36,37,39,40,41,42,43,44,45,46,47,48,49,50,51,52,53,54,55,56,57,58,59,60,61,62,63,64,65,66,67,68,69,70,71,73,74,75,76,77,78,79,80,81,82,83,84,85,86,87,88,89,90,91,92,93,94,95,96,97,98,99,100,101,102,103,104,105,106,107,108,109,110,111,112,113,114,115,116,117,118,119,120,121,122,123,124,125,126,127,128,129,130,131,132,133,134,135,136,137,138,139,141,142,143,144,145,146,147,148,149,150,151,153,154,155,156,157,158,159,160,161,162,163,164,166,167,168,169,170,172,173,174,175,176,177,178,179,180,181,182,183,184,185,187,188,189,190,191,192,193,194,195,196,197
35,36,37,38,39,40,41,42,43,44,45,46,47,48,49,50,51,52,53,54,55,56,57,58,59,60,61,62,63,64,65,66,67,68,69,70,71,72,73,74,75,76,77,78,79,80,81,82,83,84,86,87,88,89,90,91,92,93,94,95,96,97,98,99,100,102,104,105,106,107,108,109,110,111,112,113,114,115,116,117,118,119,120,121,122,123,124,125,126,127,128,129,130,131,132,133,134,135,136,137,138,139,140,141,142,143,145,146,147,148,149,151,152,153,155,156,157,158,159,160,161,162,163,164,165,166,167,169,170,171,172,173,174,175,176,177,178,179,180,181,182,183,185,186,187,188,189,190,191,192,193,194,195,196,197
36,37,38,39,40,41,42,43,44,45,46,47,48,49,50,51,52,53,54,55,56,57,58,59,60,61,62,63,64,65,66,67,68,69,70,71,72,73,74,75,76,77,78,79,80,81,82,83,84,85,86,87,88,90,91,92,93,94,95,96,97,98,99,100,101,102,103,104,105,106,107,108,109,110,111,112,113,114,115,116,117,118,119,120,121,122,123,124,125,126,127,128,129,130,131,132,133,134,135,136,137,138,139,140,141,142,143,144,145,146,147,148,149,150,151,152,153,154,156,157,158,159,160,162,163,164,165,166,167,168,169,170,171,172,173,174,175,176,177,178,179,180,181,182,183,184,185,186,187,188,189,190,191,192,193,194,195,196,197
37,38,39,41,42,43,44,45,47,48,49,50,51,52,53,54,55,56,57,58,59,60,61,62,63,64,65,66,67,68,69,70,71,72,73,74,75,76,77,78,79,80,81,82,84,85,86,87,88,90,91,92,93,94,95,96,97,98,99,100,101,102,103,104,106,107,108,109,110,111,112,113,114,115,116,118,119,120,121,122,124,125,126,127,128,129,130,131,132,133,134,135,136,137,138,139,140,141,142,143,144,145,146,148,149,150,151,152,153,154,155,156,157,158,159,160,161,162,163,164,165,166,167,168,169,170,171,173,174,175,176,177,178,179,180,181,182,183,184,185,186,187,189,192,193,194,195,196,197
38,39,40,41,42,44,45,46,47,48,49,50,51,52,53,54,56,57,58,59,60,61,62,63,64,65,66,67,68,69,70,71,72,73,74,75,77,78,80,81,82,83,84,85,86,87,88,89,90,91,92,93,94,95,96,97,98,99,100,101,102,103,104,105,106,107,108,109,110,111,112,113,114,115,116,117,118,120,121,122,123,124,125,126,127,128,129,130,131,132,133,134,136,137,138,139,140,141,142,143,144,145,146,147,148,149,150,151,152,153,154,155,157,158,159,160,161,162,163,164,165,166,167,168,169,171,172,173,174,175,176,177,178,180,181,182,183,184,185,186,187,188,189,191,192,193,194,195,196,197
39,40,41,42,43,44,45,46,47,49,50,51,53,54,55,56,57,58,59,60,61,62,63,66,67,68,69,70,71,73,74,76,77,79,80,81,82,84,85,86,87,88,89,90,91,92,93,94,95,96,97,98,99,100,102,103,104,105,106,107,108,109,110,111,112,113,114,115,116,117,118,119,120,121,122,123,124,125,126,127,128,129,130,131,132,133,134,135,136,137,138,139,140,141,142,143,144,145,146,147,148,149,150,151,152,153,154,155,156,157,158,159,161,162,163,164,165,166,167,168,169,170,171,172,173,174,175,176,177,178,179,180,181,183,184,185,186,187,188,189,190,191,192,193,194,195,196,197
40,41,42,43,44,45,46,47,48,49,50,51,52,53,54,55,56,57,58,59,60,61,62,63,64,65,66,67,68,69,70,71,72,73,74,75,76,77,78,79,80,81,82,83,84,85,86,87,88,89,90,91,92,93,94,95,96,97,98,99,100,101,102,103,104,105,106,107,108,109,110,111,113,114,115,116,117,118,119,120,121,123,124,125,126,127,128,129,130,131,132,133,134,136,137,138,139,140,141,142,143,144,145,146,147,148,149,150,151,152,153,154,155,156,157,158,159,160,161,162,163,164,165,166,167,168,169,171,172,174,175,176,177,178,179,180,181,182,183,184,185,186,187,188,189,190,191,192,193,194,195,196,197
41,42,43,44,45,46,48,50,51,53,54,55,56,57,58,59,60,61,62,63,64,65,66,67,68,69,70,71,72,73,74,75,76,77,79,80,81,82,83,84,85,86,87,88,89,90,91,92,93,94,95,96,98,100,101,102,103,104,105,106,107,108,110,111,112,113,115,116,117,118,119,120,121,122,123,124,125,126,127,128,129,130,131,132,133,134,135,137,138,139,140,141,142,143,144,145,146,147,148,149,150,151,152,153,154,155,156,157,158,159,160,161,164,165,166,167,168,169,170,171,172,173,174,175,176,177,178,179,181,182,183,184,185,186,187,188,189,190,192,194,195,196,197
42,43,44,45,46,47,48,49,50,51,52,53,54,55,56,57,58,59,60,61,62,63,64,65,67,68,69,70,71,72,73,74,75,76,77,78,79,80,81,82,83,84,85,86,87,88,89,90,91,92,93,95,97,98,99,100,101,102,103,104,105,106,107,108,109,110,111,112,115,116,117,118,119,120,121,122,123,124,126,127,128,129,130,131,132,133,134,135,136,137,138,139,140,141,142,143,144,145,147,148,149,151,152,153,154,155,156,157,158,159,160,161,162,163,164,165,166,167,168,169,170,171,173,175,176,177,178,179,180,181,182,183,184,185,186,187,188,189,191,192,193,194,195,196,197
43,44,45,46,47,48,49,50,51,52,54,55,56,58,59,60,61,62,63,64,65,66,67,68,69,70,71,72,73,74,75,76,77,78,79,80,81,82,83,84,85,86,87,88,89,90,91,92,93,94,95,96,97,98,99,100,101,102,103,104,105,106,107,108,109,110,111,112,113,114,115,116,117,118,119,120,121,122,123,124,125,126,127,128,129,130,131,132,133,134,135,136,137,138,139,140,141,142,143,144,145,147,148,149,150,151,152,153,154,155,156,157,158,159,160,161,162,163,164,165,166,167,168,169,170,171,172,174,175,176,177,178,179,180,181,182,183,184,185,186,187,188,189,190,191,193,194,195,196
44,45,46,47,48,49,50,51,52,53,54,55,56,57,58,59,60,61,62,63,64,65,66,67,68,69,70,71,72,74,75,76,77,78,79,80,81,82,83,84,85,86,87,88,89,91,92,93,94,95,96,97,98,99,100,101,102,103,104,105,106,107,108,109,110,112,113,114,115,116,117,118,119,120,121,123,124,125,126,127,128,129,130,131,132,134,135,136,137,138,139,140,141,142,143,144,145,146,147,148,149,150,151,152,153,154,155,156,157,158,159,160,161,162,163,164,165,166,167,168,169,170,171,172,173,174,175,176,177,178,179,180,181,182,183,184,185,186,187,188,189,190,191,192,194,195,196,197
45,46,47,48,49,51,53,54,55,56,57,59,60,62,63,64,65,66,67,68,69,70,71,72,73,74,75,76,77,78,79,80,81,82,83,84,85,86,87,88,90,91,93,94,95,97,98,99,100,101,102,103,104,105,106,107,108,109,111,112,113,114,115,116,117,118,119,120,121,122,123,125,126,127,128,129,130,131,132,133,134,135,136,137,138,139,140,141,142,144,146,147,148,149,150,151,152,153,154,155,156,157,158,159,160,161,162,164,165,166,167,168,169,170,171,172,173,174,175,176,177,178,179,180,181,182,183,184,185,186,187,188,189,190,191,192,193,196,197
46,47,48,49,50,51,52,53,54,55,56,57,58,59,60,62,63,64,65,66,67,68,69,70,71,72,73,75,76,77,78,79,80,81,82,83,84,85,86,87,88,89,90,91,92,93,94,95,96,98,99,100,101,102,103,104,105,106,107,108,109,110,111,112,113,114,115,116,117,118,119,120,121,122,123,124,126,128,129,130,131,132,133,134,135,136,137,138,139,140,142,143,144,145,147,148,149,150,151,152,153,154,155,156,157,158,159,160,161,162,163,164,166,167,168,169,170,171,173,174,175,176,177,178,179,180,181,182,183,184,185,186,187,188,189,190,191,192,193,194,195,196,197
47,48,49,50,51,52,53,54,55,56,57,58,59,60,61,62,63,64,65,66,67,68,69,70,71,72,73,74,75,76,77,78,79,80,81,82,84,85,86,88,89,90,91,93,94,95,96,97,98,99,100,101,102,104,105,106,107,108,109,110,111,112,113,114,115,116,117,118,119,120,121,122,123,125,127,128,129,130,131,132,133,134,135,136,137,138,139,140,141,142,143,144,145,146,147,148,149,150,152,153,154,155,156,157,158,159,160,161,162,163,164,165,167,168,169,170,171,172,173,174,175,176,177,178,179,180,181,182,184,185,186,187,188,189,190,191,192,193,194,195,196,197
48,49,50,51,52,53,54,55,57,58,59,60,61,62,63,64,65,66,67,68,69,70,71,72,73,74,75,76,77,78,79,80,81,82,83,84,85,86,87,88,89,90,91,92,94,95,97,98,99,100,101,102,103,104,105,107,108,109,110,111,112,113,114,116,117,118,119,120,121,122,123,124,125,127,128,129,130,131,132,133,134,135,136,137,138,139,140,141,142,143,144,145,146,147,148,149,150,151,152,153,154,155,156,158,159,161,162,163,164,165,166,167,168,169,170,172,173,174,175,177,178,179,180,181,182,183,184,186,187,188,189,190,191,192,193,194,195,196,197
49,50,51,52,53,54,56,57,58,59,60,62,63,65,66,67,68,69,70,71,72,73,74,75,76,77,78,79,80,81,82,83,84,85,86,87,88,89,90,91,92,93,94,95,96,97,98,99,100,101,102,103,104,105,106,107,108,109,110,111,112,113,114,115,116,117,118,119,120,121,122,123,124,125,126,127,128,129,130,131,132,133,134,135,136,138,139,140,141,142,143,144,145,146,147,148,149,150,151,152,153,154,155,156,157,158,160,162,163,164,165,166,168,169,170,171,172,173,174,175,176,177,179,180,181,182,183,184,185,186,187,189,190,191,192,193,194,195,196,197
50,51,52,53,54,55,56,57,59,60,61,62,63,64,65,66,67,68,69,70,72,73,74,76,77,78,79,80,81,82,83,84,85,86,87,88,90,91,92,93,94,95,96,97,98,99,100,101,102,103,104,105,106,107,108,109,110,111,112,113,114,115,116,117,118,119,120,121,122,123,124,125,126,127,128,129,130,132,133,134,135,136,137,138,139,140,141,142,143,144,145,146,147,148,149,150,151,152,153,155,156,157,158,159,160,161,162,163,164,165,166,167,168,169,170,171,172,173,174,175,176,177,178,179,180,181,182,183,184,185,189,190,191,192,193,194,195,196,197
51,52,53,54,55,56,58,60,61,62,63,64,65,66,67,68,69,70,71,72,73,74,75,76,77,79,80,81,82,83,84,85,87,88,89,90,91,92,93,94,95,96,97,98,99,100,101,102,103,104,105,106,107,108,109,110,111,112,113,114,115,116,117,118,120,121,122,123,124,125,126,127,128,129,130,131,132,133,134,135,136,137,138,139,140,141,142,143,145,146,147,148,151,152,153,154,155,156,157,158,159,160,161,162,163,164,165,166,167,168,169,170,171,172,173,174,175,176,178,179,180,181,182,183,184,185,186,187,188,189,190,191,192,193,194,195,196,197
52,53,54,55,56,57,58,59,60,62,63,65,66,67,68,69,70,71,72,73,74,75,76,77,78,80,82,83,84,85,87,89,90,91,92,93,94,95,96,97,98,99,100,101,102,103,104,105,106,107,108,109,110,112,113,114,115,116,117,118,119,120,121,123,124,125,126,127,128,129,130,131,132,133,134,135,136,137,138,139,140,141,142,143,144,145,146,147,148,149,151,152,153,154,155,156,157,158,159,160,161,163,164,165,166,167,168,169,170,171,172,173,174,175,176,177,178,179,180,181,182,183,184,185,186,187,188,189,190,191,192,193,194,196,197
53,54,55,56,57,58,59,60,61,62,63,64,65,66,67,69,70,71,72,73,74,75,76,77,78,79,80,81,82,83,84,85,86,87,88,89,90,91,93,94,96,97,98,99,100,101,102,103,104,105,106,107,108,109,110,111,112,113,114,115,116,117,118,119,120,121,122,124,125,127,128,129,130,131,132,133,134,135,136,137,138,139,140,141,142,143,144,145,146,147,148,149,150,151,152,153,154,155,156,157,158,159,160,162,164,165,166,167,168,170,171,172,173,174,175,176,177,178,179,180,181,182,183,184,185,186,187,189,190,191,192,193,194,195,196,197
54,55,56,57,58,59,60,61,62,63,64,65,66,68,70,71,72,73,74,75,76,77,79,80,81,82,84,85,86,88,89,90,91,92,93,94,96,97,98,99,100,101,102,103,104,105,106,107,108,109,110,111,112,113,114,115,116,117,119,120,121,122,123,124,125,126,127,128,129,130,131,133,134,135,136,137,138,139,140,141,142,143,145,146,147,148,149,150,151,152,153,154,155,156,157,158,159,160,161,162,163,164,165,166,167,168,169,170,171,172,173,175,176,178,179,180,181,182,184,185,186,187,188,189,190,191,192,193,194,195,196,197
55,56,57,58,59,60,61,62,63,64,65,66,67,68,69,70,71,72,73,74,75,76,77,78,79,81,82,83,84,85,86,87,88,89,90,91,92,93,94,95,96,97,98,99,100,101,102,103,104,105,106,107,108,109,110,111,112,113,114,115,116,117,118,119,120,121,122,123,124,125,126,127,128,131,132,133,134,135,136,137,138,139,140,141,142,143,144,145,146,147,148,149,150,151,152,153,154,155,156,157,158,159,160,161,162,163,164,165,167,168,169,170,171,172,173,174,175,177,178,179,180,181,182,183,184,185,186,187,188,189,190,191,192,193,194,195,196,197
56,57,58,59,60,61,62,64,65,67,68,69,70,71,73,74,75,76,77,78,79,80,81,82,83,84,85,86,87,89,90,91,92,93,94,95,96,97,98,99,100,101,102,103,104,105,106,107,108,109,110,111,112,113,114,115,116,117,118,119,120,121,122,123,124,125,126,128,129,130,131,132,133,134,135,136,137,138,139,140,141,142,143,144,145,146,147,148,149,150,151,152,153,154,155,156,157,158,159,160,161,162,163,164,165,166,167,168,169,170,171,172,173,174,175,176,177,178,179,180,181,182,183,184,185,186,187,188,189,190,191,192,193,194,195,197
57,58,59,61,62,63,64,65,66,67,68,69,70,71,72,73,74,75,76,77,78,79,80,81,82,83,84,85,87,88,89,90,91,93,94,96,98,99,100,101,102,103,104,105,107,108,109,111,112,113,114,115,116,117,118,119,120,121,122,123,124,125,126,127,128,129,130,131,132,133,134,135,136,137,138,139,141,142,143,144,145,146,147,148,149,150,151,152,154,155,156,157,158,159,160,161,162,163,164,165,167,168,169,171,172,173,174,175,176,177,178,179,180,181,182,183,184,185,186,187,188,189,190,191,192,193,194,195,196,197
58,59,60,61,62,64,65,66,67,68,69,70,71,72,73,75,76,77,78,79,80,81,82,83,84,85,86,87,88,89,90,91,92,93,95,96,97,98,99,100,101,102,103,104,105,106,107,108,109,110,111,112,113,114,115,116,117,118,119,120,121,122,123,124,125,126,127,128,129,130,131,132,133,134,135,136,137,138,139,140,141,142,143,144,145,146,147,148,149,150,151,152,153,154,155,157,158,159,160,161,162,163,164,165,166,167,168,169,171,172,173,174,175,176,177,178,179,180,181,183,184,185,186,187,188,189,190,192,193,194,195,196,197
59,60,61,62,63,64,66,67,68,69,71,72,73,74,75,76,77,78,79,80,81,82,83,84,87,88,89,90,91,92,93,94,96,97,99,100,101,102,103,104,105,106,107,108,109,110,111,112,113,114,115,116,117,118,119,120,121,122,124,125,126,127,129,130,131,132,133,134,135,136,137,138,139,140,141,142,143,144,145,146,147,148,149,150,151,152,153,154,155,156,157,158,159,160,161,162,163,164,165,166,167,168,169,170,171,172,173,175,176,177,178,179,180,181,182,183,184,185,187,188,189,190,191,192,193,194,195,196,197
60,61,62,63,64,65,66,67,68,69,70,71,72,73,74,75,76,77,78,79,80,81,82,83,84,85,86,87,88,89,90,91,92,93,94,95,96,97,98,99,100,101,102,103,104,105,106,107,108,109,110,111,112,113,114,115,116,117,118,120,121,122,123,124,125,126,127,128,129,130,131,132,133,134,135,136,138,139,140,141,143,144,145,146,147,148,149,150,151,152,153,154,155,156,157,158,159,160,161,162,163,164,165,166,168,169,170,171,172,173,174,175,176,177,178,179,180,181,182,183,184,185,186,187,188,189,191,192,193,194,195,197
61,62,63,64,65,66,67,68,69,70,71,72,73,74,75,76,77,78,79,80,81,82,83,84,86,87,88,89,90,91,93,94,95,96,97,98,99,100,101,102,103,104,105,106,107,108,109,110,111,112,114,115,117,118,119,120,121,123,124,125,126,127,128,129,130,131,133,134,135,136,137,138,139,140,141,142,143,144,145,146,147,148,149,150,151,152,153,154,155,156,158,159,160,161,162,163,164,165,167,168,169,170,171,172,173,174,175,176,177,178,179,180,181,182,183,184,185,186,187,188,189,190,191,192,193,194,196,197
62,63,64,65,66,67,68,69,70,71,74,76,77,79,80,81,82,83,84,85,86,88,90,91,92,93,94,95,96,97,98,99,100,101,102,103,104,105,106,107,108,109,110,111,112,113,114,115,116,117,118,119,120,121,122,123,124,125,126,127,128,129,130,131,132,133,134,135,136,137,138,139,140,141,142,143,144,145,146,147,148,150,151,152,153,154,155,156,157,158,161,162,163,164,166,167,168,169,170,171,172,173,174,175,176,178,179,180,181,182,183,184,185,186,187,188,189,190,191,192,193,194,195,196,197
63,64,65,66,67,68,69,70,71,72,73,74,76,77,79,80,81,82,83,84,86,87,88,89,90,91,92,93,96,97,98,99,100,101,102,103,104,105,106,107,108,109,110,111,112,113,114,115,116,117,118,119,120,121,122,123,124,125,126,127,128,129,130,131,132,133,134,135,136,137,138,139,140,142,143,144,145,146,148,149,150,151,152,153,154,155,156,157,158,159,160,161,162,163,166,167,169,170,172,173,174,175,176,178,179,180,181,182,183,184,185,186,187,188,189,190,191,192,193,194,195,196,197
64,65,66,67,68,69,70,71,72,73,74,75,76,78,79,80,81,82,84,85,86,87,88,89,91,92,93,94,95,96,97,98,99,100,101,102,103,104,105,106,107,108,109,110,111,113,114,116,117,118,119,120,121,122,123,124,125,126,127,128,129,130,131,132,133,134,135,136,137,138,139,140,141,142,143,144,145,146,147,148,149,150,151,152,153,154,155,157,158,159,160,161,162,163,164,165,166,167,168,169,170,171,172,173,174,175,176,177,178,179,180,181,182,183,184,185,186,187,188,189,190,191,192,194,195,196,197
65,66,67,68,69,70,71,72,73,74,75,76,77,78,79,81,82,83,84,85,86,87,88,89,90,91,92,93,95,96,97,98,99,100,101,102,103,104,105,106,107,108,109,110,111,112,113,114,115,116,117,118,119,120,121,122,123,124,126,127,128,129,131,132,133,134,135,136,138,139,140,141,142,143,144,145,146,147,148,149,150,151,152,153,154,155,156,157,158,159,160,161,162,163,164,165,166,167,168,170,172,173,174,175,176,177,178,179,180,181,182,183,184,185,186,187,188,189,190,191,192,193,194,195,196,197
66,67,68,69,70,71,72,73,74,75,76,77,78,79,80,81,82,83,84,85,86,88,89,90,91,92,93,94,96,98,99,100,101,102,103,104,105,106,107,108,109,110,111,112,113,114,115,116,117,119,120,121,122,123,124,125,126,127,128,129,130,131,132,133,135,136,137,138,139,140,141,142,143,145,146,147,148,149,150,151,152,153,154,155,156,157,158,159,160,162,163,164,165,166,167,168,169,170,171,172,173,174,175,176,178,179,181,182,183,184,185,186,187,188,189,190,191,192,193,194,195,196
67,68,69,70,71,72,73,74,76,77,78,79,80,81,82,83,84,86,87,88,89,90,91,92,93,94,95,96,97,98,99,100,101,103,104,105,106,107,108,109,110,111,112,113,114,115,116,118,119,120,122,123,124,125,126,127,128,129,130,132,133,134,135,136,137,138,139,140,141,142,143,144,145,146,147,148,149,150,151,152,153,154,155,156,157,158,159,160,161,162,163,164,165,166,167,168,169,170,171,172,173,174,175,176,177,178,179,180,181,182,183,184,185,186,187,188,189,190,191,192,193,194,196,197
68,69,70,71,72,73,74,76,77,78,79,80,81,82,83,84,85,86,87,89,90,91,92,93,95,96,97,98,99,100,101,102,103,104,105,106,107,108,109,110,111,112,113,114,115,116,117,118,119,120,122,123,124,125,126,127,128,129,130,131,132,133,134,135,136,137,138,139,140,141,142,143,144,145,146,147,148,149,150,151,152,153,154,155,156,157,158,159,160,161,162,164,165,166,167,168,169,170,171,172,173,174,175,176,177,178,179,180,181,182,183,184,185,186,187,188,189,190,191,192,193,194,195,197
69,70,71,72,73,74,75,76,77,78,80,81,82,83,84,85,86,87,88,89,90,91,92,93,94,95,96,97,98,99,100,101,102,103,105,106,107,108,109,110,111,112,113,114,115,116,117,118,119,120,121,122,123,124,125,126,127,128,129,130,131,132,134,135,136,137,138,139,140,141,142,143,144,145,146,147,148,149,150,151,152,153,154,155,156,157,158,159,160,161,163,164,165,166,167,168,169,170,172,173,174,175,176,177,178,179,180,182,183,184,185,186,187,188,189,190,191,192,193,194,195,196,197
70,71,72,73,74,76,77,78,80,81,82,83,84,85,86,87,88,90,91,92,93,94,95,96,97,98,99,100,101,102,103,104,105,106,107,108,109,110,111,112,113,114,115,116,117,118,119,120,121,122,123,124,125,126,127,128,129,131,132,133,134,135,136,137,138,139,140,141,142,144,145,146,147,148,149,150,151,152,154,155,156,157,158,159,160,161,162,163,164,165,166,167,169,170,171,172,173,174,176,177,178,179,180,181,182,183,184,185,186,187,189,190,191,192,193,194,195,196,197
71,72,74,75,76,77,78,80,81,82,83,84,85,86,87,89,90,91,92,93,94,95,96,97,98,99,100,101,102,103,104,105,106,107,108,109,110,111,112,113,114,115,116,117,118,119,120,121,122,123,124,125,126,127,128,129,130,131,133,134,135,136,137,138,139,140,141,142,143,144,145,146,147,148,149,150,151,152,153,154,155,156,157,158,159,160,161,162,163,164,165,166,167,168,169,170,171,172,173,174,175,176,177,178,179,180,181,182,183,184,185,186,187,188,189,190,191,192,193,194,195,196,197
72,73,74,75,76,77,78,79,80,81,82,83,84,85,86,87,89,90,91,92,93,94,95,96,97,98,99,100,101,102,103,104,105,106,107,108,109,110,111,112,113,114,115,116,117,118,119,120,121,122,123,124,125,126,127,128,129,130,131,132,133,134,135,136,137,138,139,140,141,142,143,144,145,146,147,148,149,150,151,152,153,154,155,156,157,158,159,160,161,162,163,164,165,166,167,168,169,170,172,173,174,175,176,177,178,179,180,181,182,183,184,185,186,187,188,189,190,191,192,193,195,196,197
73,74,75,76,77,78,79,80,81,82,83,84,85,86,87,88,89,90,91,92,93,94,95,96,97,98,100,101,102,103,104,105,106,107,108,109,110,111,112,113,114,115,117,118,119,120,121,123,124,125,126,127,128,129,130,131,132,133,134,135,136,137,138,139,140,141,142,143,144,145,146,147,149,150,151,152,153,154,155,156,157,158,159,160,161,162,163,164,165,166,167,168,169,170,171,173,174,175,176,177,178,179,180,181,182,183,184,185,186,187,188,189,190,191,192,193,194,195,196,197
74,76,77,78,79,80,81,82,83,84,85,86,87,88,89,90,91,92,93,94,95,96,97,98,99,100,101,102,103,105,106,107,108,109,110,111,112,113,114,115,116,117,118,119,120,121,122,123,124,125,126,127,128,129,130,131,132,133,135,136,137,138,140,141,142,143,144,145,146,147,148,149,150,151,152,153,155,156,157,158,159,160,161,162,163,164,165,166,167,168,169,170,171,172,173,174,175,176,177,178,179,180,181,182,183,185,186,187,188,189,190,191,192,194,195,196,197
75,76,77,78,79,80,81,82,83,84,85,86,87,89,90,91,92,93,94,95,96,97,98,99,100,101,102,103,104,105,106,108,109,110,111,112,113,114,115,116,117,118,119,120,121,122,124,125,126,127,128,130,131,132,133,134,135,136,137,138,139,140,141,142,143,144,145,146,147,148,149,150,151,152,153,154,155,156,157,158,159,160,161,162,163,164,165,166,167,168,169,170,171,172,173,174,175,176,177,178,179,180,181,182,183,184,185,186,187,188,189,190,191,192,193,194,195,196,197
76,77,78,79,80,81,82,83,84,86,87,88,89,90,91,92,93,94,95,96,97,98,99,100,103,104,105,106,107,108,109,110,111,112,113,114,115,116,117,118,119,120,121,122,123,124,125,126,127,128,129,130,131,132,133,134,135,136,137,138,139,140,141,142,143,144,145,146,147,148,149,150,151,152,153,154,155,156,157,158,159,160,161,162,164,165,166,167,168,169,170,171,172,173,174,175,176,177,178,179,180,181,182,183,184,185,186,187,188,189,190,191,192,193,194,195,196,197
77,78,79,80,81,82,83,84,85,86,87,88,89,90,91,92,93,94,95,96,97,98,99,100,102,103,104,105,106,107,109,110,111,112,113,114,115,116,117,118,119,120,121,122,124,125,126,127,128,129,130,131,132,133,134,135,136,137,138,139,140,141,142,143,144,145,146,147,148,149,150,151,152,153,154,155,156,157,158,159,160,161,162,163,164,165,166,167,168,169,170,171,172,173,174,175,176,177,178,179,180,181,182,183,185,186,187,188,189,190,191,192,193,194,195,196,197
78,79,80,81,82,83,84,85,86,87,88,89,90,92,94,95,96,97,98,99,100,101,102,103,104,105,106,108,109,110,111,112,113,114,116,117,118,119,120,121,122,123,124,125,126,127,128,129,130,131,132,133,134,135,136,137,138,139,140,141,142,143,145,146,147,148,149,150,151,152,153,154,155,156,157,158,159,160,161,162,163,164,165,166,167,168,169,170,171,172,173,174,175,176,177,178,180,181,182,183,184,185,186,187,188,189,190,191,192,193,194,195,196,197
79,80,81,82,83,84,85,86,88,89,90,91,92,93,94,95,96,97,98,99,100,102,103,104,105,106,107,108,109,110,111,112,113,114,115,116,117,118,119,120,121,122,123,124,125,126,127,128,130,131,132,133,134,135,136,137,138,139,140,141,142,143,144,145,146,147,148,149,150,151,152,153,154,155,156,157,158,159,161,162,163,164,165,166,167,168,169,170,171,172,173,174,175,176,177,178,179,180,181,182,183,184,185,186,187,188,189,190,191,192,193,194,195,196,197
80,81,82,83,84,85,86,87,88,91,92,93,94,95,96,97,98,99,100,102,103,104,105,106,107,108,109,110,111,112,113,114,115,116,117,118,119,120,121,122,123,124,125,126,127,128,129,130,131,132,133,134,135,136,137,138,139,140,141,142,143,144,145,146,147,148,149,150,151,152,153,155,156,157,158,159,161,162,163,164,165,166,167,168,170,171,172,173,174,175,176,177,178,179,180,181,182,183,184,185,187,188,189,190,191,192,193,194,195,196,197
81,82,83,84,85,86,87,88,89,90,91,92,93,94,95,96,97,98,99,100,101,102,103,104,105,106,107,108,109,110,111,112,113,114,115,116,117,118,119,120,121,122,123,124,125,126,127,129,130,131,132,133,134,135,136,137,138,139,140,141,142,143,144,145,146,147,148,149,150,151,152,153,154,155,157,158,159,160,161,162,163,164,165,166,167,168,169,170,171,172,173,174,176,177,178,179,180,183,184,185,186,188,189,190,191,192,193,194,195,197
82,83,84,85,86,87,89,90,91,93,94,95,96,97,99,100,101,102,103,104,105,106,107,108,109,110,111,112,113,114,116,117,118,121,122,123,124,125,126,127,128,129,130,131,132,133,134,135,136,137,138,139,140,141,142,143,144,145,146,147,149,150,152,153,154,155,156,157,158,159,160,161,162,163,164,165,166,167,168,171,173,174,175,176,177,178,179,180,181,182,183,184,185,186,187,188,189,190,191,192,193,194,196,197
83,84,86,87,88,89,90,92,93,94,95,96,97,98,99,101,102,103,104,105,106,107,108,109,110,111,112,113,115,116,119,120,121,122,123,125,126,127,128,129,130,132,133,134,135,136,137,138,139,140,141,142,143,144,145,146,147,148,149,152,153,154,155,156,157,158,159,160,161,162,163,164,166,167,168,170,171,173,174,175,176,178,179,180,181,182,183,184,185,186,188,189,190,191,192,193,194,195,196,197
84,85,86,87,88,89,90,91,92,93,94,95,96,98,99,100,101,102,103,104,105,106,108,109,110,111,112,113,114,115,116,117,118,119,120,121,122,123,124,125,126,127,128,129,130,131,132,133,134,135,136,137,138,139,140,141,142,143,144,145,146,147,148,149,150,151,153,155,156,157,158,159,160,161,162,163,164,165,166,167,168,169,170,171,172,173,174,175,176,177,178,179,180,181,182,183,184,185,186,187,188,189,190,191,192,193,194,195,196,197
85,86,87,88,89,90,91,92,93,94,95,96,97,98,99,100,101,102,103,104,105,106,107,108,109,110,111,112,113,114,115,116,117,118,119,120,121,122,123,124,125,126,127,129,130,131,132,133,135,136,137,138,139,140,141,144,145,146,147,148,149,150,151,152,153,154,155,156,157,159,160,161,162,163,164,165,166,167,168,170,171,172,173,174,175,176,177,178,179,180,181,182,184,185,187,188,189,190,191,192,193,194,195,196,197
86,87,88,89,90,91,92,93,94,95,96,97,98,99,100,101,102,103,104,105,106,107,108,109,110,111,112,113,114,115,116,117,118,119,120,121,122,123,124,125,126,128,129,130,132,133,134,135,136,137,139,141,142,143,144,145,146,147,148,150,151,152,153,154,155,156,157,158,159,160,161,162,163,164,165,166,167,168,169,170,171,172,173,174,175,176,177,178,179,180,181,182,183,185,186,187,188,189,190,191,192,193,194,195,196,197
87,88,89,90,91,92,93,94,95,96,97,98,99,100,101,102,103,104,105,106,107,108,109,110,111,112,113,114,115,116,117,119,120,122,123,124,125,127,128,129,130,131,132,133,134,135,136,137,138,139,140,141,142,143,144,145,146,147,149,150,151,152,153,155,156,157,158,159,160,161,163,164,165,166,167,168,169,172,173,174,175,176,178,179,180,181,182,183,184,185,186,187,188,189,190,191,192,193,194,195,196,197
88,89,90,91,92,93,94,95,96,97,98,99,100,101,102,103,104,105,106,107,108,109,110,111,112,113,114,115,116,117,118,119,120,121,122,123,124,125,126,127,128,129,130,131,132,133,134,135,136,137,140,141,142,143,144,145,146,148,149,150,151,152,153,154,155,156,157,158,159,160,161,162,163,165,166,167,168,169,170,171,172,173,174,176,177,178,179,180,181,182,183,184,185,186,187,188,189,190,192,193,194,195,197
89,90,91,92,93,94,95,96,97,98,99,100,101,102,104,105,106,107,108,109,110,111,113,114,115,116,117,118,119,121,122,123,124,125,126,127,128,129,130,131,132,133,134,136,137,138,139,140,141,142,143,144,145,146,147,148,149,150,151,152,153,154,156,157,158,159,160,161,162,163,164,165,166,167,168,169,170,171,173,174,175,176,177,178,179,180,181,182,183,184,185,186,187,188,189,190,191,192,193,194,195,196,197
90,92,94,95,96,97,98,99,100,101,102,103,104,105,106,107,108,109,110,111,112,113,114,115,116,117,118,119,120,121,122,123,124,125,126,127,128,130,131,132,133,134,135,136,137,138,139,140,141,142,143,144,145,146,147,148,149,150,151,152,153,154,155,156,157,158,159,160,162,163,164,165,166,167,168,169,170,171,172,173,174,175,176,177,178,179,180,182,184,185,186,187,188,189,190,191,192,193,194,195,196,197
91,92,93,94,95,96,97,98,99,100,101,102,103,104,105,106,107,108,109,110,111,112,113,114,115,116,117,118,119,120,121,122,123,124,125,126,127,128,129,130,131,132,133,134,135,136,137,138,139,140,141,142,143,144,145,146,147,148,149,150,151,152,153,155,156,157,158,159,160,161,162,163,164,165,166,167,168,169,170,171,172,173,174,175,176,177,178,179,180,182,183,184,185,186,187,188,189,190,191,192,193,194,195,196,197
92,93,94,95,96,97,98,99,100,102,103,104,105,106,107,108,109,111,112,113,114,115,116,117,118,119,120,121,122,123,124,125,126,127,128,129,130,131,132,133,134,135,136,137,138,139,140,141,142,143,144,145,146,147,148,149,150,151,153,154,155,156,157,158,159,160,161,162,163,164,165,166,167,168,169,170,171,172,173,174,175,176,177,178,179,180,181,182,183,184,185,186,187,188,189,190,191,192,193,194,195,196,197
93,94,96,97,98,99,100,101,102,104,105,106,107,108,109,110,111,112,114,115,116,117,118,120,121,122,123,124,125,126,127,128,129,130,131,132,133,134,135,136,138,139,140,141,142,143,144,146,147,148,149,150,152,153,154,155,156,157,158,159,160,161,163,164,165,166,167,168,169,170,171,172,173,174,175,176,177,179,180,181,182,183,184,185,186,187,188,190,191,192,193,194,195,196,197
94,95,96,97,98,99,100,101,102,103,104,105,106,108,109,110,111,112,113,114,115,116,117,118,119,120,121,122,123,124,125,126,127,128,129,130,131,132,133,135,136,138,139,140,141,142,143,144,145,146,147,148,149,150,151,152,153,154,155,156,157,158,159,160,161,162,163,164,165,166,167,168,170,171,172,173,174,175,176,177,178,179,180,181,182,183,184,185,186,187,188,189,190,191,192,193,194,195,197
95,96,97,99,100,101,102,103,104,105,106,107,108,109,110,111,113,115,116,117,118,119,120,122,123,124,125,126,127,128,129,130,131,132,133,135,136,138,139,140,141,142,143,144,145,146,147,148,149,150,151,152,153,154,155,156,157,158,159,160,161,162,163,164,165,166,167,168,169,170,171,172,173,175,176,177,178,179,180,181,182,183,184,185,186,187,188,189,190,191,192,193,194,195,196,197
96,97,98,99,100,101,102,103,104,105,107,108,109,110,111,112,113,114,115,116,117,118,119,120,121,122,123,124,125,127,128,129,130,131,132,133,134,135,136,137,138,139,141,142,143,144,145,146,147,148,149,150,151,152,153,154,155,156,157,158,159,160,161,162,163,164,165,168,169,170,171,172,173,174,175,176,177,178,179,180,181,182,183,184,185,186,187,188,189,191,192,193,194,195,196,197
97,98,99,100,101,102,103,104,105,106,107,108,109,111,112,113,114,115,116,117,118,119,120,121,122,123,124,125,126,127,128,129,130,131,132,133,134,135,136,137,138,139,140,141,142,143,144,145,146,147,149,150,151,152,153,154,155,156,157,158,159,160,162,163,164,165,166,167,168,169,171,172,173,174,175,177,178,179,181,182,183,184,185,186,187,188,189,190,191,192,193,194,196,197
98,99,100,101,103,104,105,106,107,108,109,110,111,112,113,114,115,116,117,118,119,120,121,122,123,124,125,126,127,128,129,130,131,132,133,134,135,136,137,138,139,140,141,142,143,144,145,146,147,148,149,150,151,152,153,154,155,156,157,158,159,160,161,162,163,164,165,167,168,169,170,171,172,173,174,175,176,177,178,179,180,181,182,183,184,185,187,188,189,190,191,192,193,194,195,196,197
99,100,101,102,103,104,105,106,107,108,109,110,111,114,115,116,117,118,119,120,121,122,124,125,126,127,128,129,130,131,132,133,135,136,137,138,139,140,141,142,143,144,145,146,147,148,149,150,151,152,153,154,155,156,157,158,159,160,161,162,163,164,165,166,167,168,169,170,171,172,174,175,177,178,179,180,181,182,183,184,185,186,187,188,190,191,192,193,195,196,197
100,101,102,103,104,105,107,108,109,110,111,112,113,114,116,117,118,119,120,121,122,123,124,125,127,128,129,130,131,132,133,134,135,136,137,138,140,141,143,144,146,147,148,149,150,151,153,154,155,156,157,158,159,160,161,162,163,164,165,166,167,168,170,171,172,173,174,175,176,177,178,179,180,181,182,183,185,186,187,188,189,191,192,193,194,195,196,197
101,102,103,104,106,107,108,109,110,111,112,113,114,115,116,117,118,119,121,122,123,125,126,127,128,129,130,131,132,133,134,135,136,137,138,139,140,141,142,143,144,145,147,148,149,150,151,152,153,154,155,156,157,158,159,160,162,163,164,166,168,170,171,172,173,175,176,177,178,179,180,181,182,183,184,185,186,187,188,189,190,192,193,194,195,196,197
102,103,104,105,106,107,108,109,110,111,112,113,114,115,116,117,118,119,120,121,122,123,124,125,126,127,128,129,130,131,132,133,134,135,136,137,138,139,140,141,143,144,145,146,147,148,149,150,151,152,153,154,155,156,157,158,159,160,161,162,163,164,165,166,167,168,169,171,172,173,174,175,176,177,178,179,180,181,182,183,184,185,186,187,188,189,190,191,192,194,195,196,197
103,104,105,106,107,108,109,110,111,112,113,115,116,118,119,120,121,122,123,126,127,128,129,130,131,132,133,134,135,136,137,138,139,141,142,143,144,145,146,147,148,149,151,152,153,154,155,156,157,158,159,162,163,164,165,166,167,168,169,170,171,172,173,174,175,176,177,178,179,180,181,182,183,184,185,186,187,188,189,190,191,192,193,194,195,196,197
104,105,106,107,108,109,110,111,113,114,115,116,117,118,119,120,121,122,123,124,125,126,127,128,129,130,133,134,135,136,137,138,139,140,141,142,143,144,146,147,148,149,150,151,152,153,154,155,156,157,158,159,160,161,162,163,164,165,166,167,168,169,170,171,172,173,174,175,176,177,178,179,180,181,182,183,184,185,186,187,188,189,190,191,192,193,194,195,196,197
105,106,107,108,110,111,112,113,114,115,116,117,118,119,120,121,122,123,124,125,126,127,129,130,131,133,134,135,136,137,138,139,140,141,142,143,144,145,146,147,148,149,150,151,152,153,154,155,156,157,158,159,160,162,163,164,165,166,167,168,169,170,171,172,173,174,175,176,177,178,179,180,182,183,185,186,187,188,189,190,191,192,193,194,195,196,197
106,107,108,109,110,111,112,113,114,115,116,117,118,119,121,122,123,124,125,126,127,128,129,130,131,132,133,134,135,136,137,138,139,140,141,142,143,144,145,146,147,148,149,150,152,153,154,155,156,157,158,159,160,161,162,163,164,166,167,168,169,170,171,172,173,174,175,176,177,178,179,180,181,182,183,184,185,186,187,188,189,190,191,193,194,195,196,197
107,108,109,110,111,112,113,114,115,116,117,118,119,120,121,122,123,124,125,126,127,128,129,130,131,132,133,134,135,136,137,138,139,140,142,143,144,145,146,147,148,149,150,151,152,153,154,155,156,158,159,160,161,162,164,165,166,167,168,169,170,171,172,173,174,175,176,177,178,179,180,181,182,183,184,185,186,187,188,189,190,191,192,193,194,195,196,197
108,109,110,111,112,113,115,116,117,118,119,120,121,122,123,124,125,126,127,128,129,130,131,132,133,134,135,136,137,138,139,140,141,142,143,144,145,146,147,148,149,150,151,152,153,154,155,156,157,158,159,160,161,162,163,164,165,166,167,168,169,170,171,173,174,175,176,177,178,179,180,181,182,183,184,185,186,187,188,189,190,191,192,193,194,195,196,197
109,111,113,114,115,116,117,118,119,120,121,122,123,124,125,126,127,128,129,130,131,132,133,134,135,136,137,138,139,140,141,142,143,144,145,146,147,148,149,150,151,152,153,154,155,156,157,158,159,161,162,163,164,165,166,167,168,169,170,171,172,173,174,175,176,177,178,179,180,181,182,183,184,185,186,187,188,189,190,191,192,193,194,195,196,197
110,111,112,113,114,115,116,117,118,119,120,121,122,123,124,125,126,127,128,129,130,132,133,134,135,136,137,138,139,140,141,142,143,144,145,146,147,148,149,151,152,153,154,155,156,157,158,159,160,161,162,163,164,165,166,167,168,169,170,171,172,173,175,176,178,179,181,182,183,184,185,186,187,188,189,190,191,192,193,195,196,197
111,112,113,114,115,116,117,118,120,121,122,123,124,125,126,127,128,129,130,131,132,133,134,135,136,137,138,139,140,141,143,144,145,146,147,148,149,150,151,152,153,154,155,156,157,158,159,160,161,162,163,164,165,166,167,168,169,170,171,172,173,174,175,176,177,178,179,180,181,183,184,186,187,188,189,190,191,192,193,194,195,196,197
112,113,114,115,117,118,119,120,121,122,124,125,126,127,128,129,130,131,132,133,134,135,136,138,139,140,141,142,143,144,145,146,147,148,149,150,151,152,153,154,155,156,157,158,159,161,162,163,164,165,166,167,168,169,170,171,172,173,174,175,176,178,179,180,181,183,184,185,186,187,188,189,190,191,193,194,195,196,197
113,114,115,116,117,118,119,120,121,122,123,124,125,126,127,128,129,130,131,132,133,134,135,136,137,138,139,140,141,142,143,144,145,146,148,149,150,151,153,154,155,156,157,158,159,160,161,162,164,165,166,167,168,169,170,171,172,173,174,175,176,177,178,179,180,181,183,184,185,186,187,188,189,190,192,193,194,195,196,197
114,115,116,117,118,119,120,122,123,124,125,126,127,128,129,130,131,132,133,134,135,136,137,138,139,141,142,143,144,145,146,147,148,149,150,151,152,153,154,155,156,158,159,160,161,162,163,164,165,166,167,168,169,170,171,172,173,174,176,177,178,179,181,182,184,185,186,187,188,189,190,192,193,194,195,196,197
115,117,118,119,120,121,122,123,124,125,126,127,129,130,131,132,133,134,135,136,137,138,139,140,141,142,143,144,145,146,147,148,149,150,151,152,153,154,155,156,158,160,161,162,163,164,165,166,168,169,170,172,173,174,175,176,177,178,179,180,181,182,183,184,186,188,189,190,191,192,193,195,196,197
116,117,118,119,120,121,122,124,125,126,127,128,129,130,131,132,133,134,135,136,137,138,139,141,142,143,144,145,146,147,148,150,151,152,153,154,155,156,157,158,159,160,161,162,163,164,165,166,167,168,170,171,172,173,174,175,176,177,178,179,181,182,185,186,187,188,189,190,191,192,193,194,195,196,197
117,118,119,120,121,122,123,124,125,126,127,128,129,130,132,133,134,135,136,137,138,139,140,141,142,143,144,145,146,147,148,149,150,152,153,154,155,156,157,159,161,162,163,164,165,166,168,169,170,171,172,173,174,175,176,177,178,179,180,181,182,183,184,185,186,187,188,189,190,191,192,193,194,196,197
118,119,120,121,122,123,124,125,126,127,128,129,130,131,132,133,134,136,137,138,139,140,141,142,143,144,145,146,147,148,149,150,151,152,153,154,155,156,157,158,159,160,161,162,163,164,165,166,167,168,170,171,172,173,174,175,176,177,178,179,180,181,182,183,184,185,186,187,188,189,190,191,192,193,194,195,196,197
119,120,121,122,123,124,125,126,127,128,129,130,131,132,133,134,135,136,137,138,139,140,141,142,143,144,145,146,147,148,149,150,151,152,154,155,156,157,158,159,160,161,162,164,165,166,167,168,169,170,172,173,174,175,176,177,178,179,180,181,182,183,184,185,186,187,188,189,190,191,192,193,194,195,196,197
120,121,122,124,125,126,127,128,130,131,132,133,134,135,136,138,139,140,141,142,143,144,145,146,147,148,149,151,152,153,154,155,156,158,159,160,161,162,163,164,165,166,167,168,169,171,172,173,174,175,176,177,178,179,180,181,182,183,184,185,186,187,188,189,190,191,192,193,194,196,197
121,123,124,125,126,127,128,129,130,131,132,133,134,135,136,137,138,139,140,141,142,143,144,145,146,148,149,150,151,152,153,154,155,156,157,158,159,160,161,162,163,164,165,166,167,168,169,170,171,172,173,174,175,176,177,178,179,180,181,182,183,186,187,188,189,190,191,192,193,194,195,196,197
122,123,124,125,126,127,128,129,130,131,132,133,134,135,136,137,138,139,140,141,142,143,144,145,146,147,148,150,151,152,153,154,155,156,157,158,159,160,161,162,163,164,165,166,167,168,169,170,171,172,173,174,175,176,177,178,179,180,181,182,183,185,186,187,188,189,190,191,192,193,194,195,196,197
123,124,125,126,127,128,130,131,132,133,134,135,136,137,138,139,140,141,143,144,145,146,147,148,149,150,151,152,153,154,155,156,157,159,160,161,162,163,164,165,166,167,168,169,170,171,172,173,174,175,176,177,178,180,181,183,184,185,186,187,188,189,190,191,192,193,194,195,196,197
124,125,126,127,128,129,130,131,132,133,134,135,136,137,138,139,140,141,142,144,145,146,147,148,149,150,151,152,153,154,155,156,157,158,159,160,161,162,163,164,165,166,167,168,169,170,171,172,173,174,175,176,177,178,179,180,181,182,183,185,186,187,188,189,190,191,192,193,195,196,197
125,126,127,128,129,130,131,132,134,135,136,137,139,140,141,142,144,145,146,147,148,150,151,152,153,154,155,156,157,158,159,160,161,162,163,164,165,166,168,170,171,172,173,174,175,176,177,178,180,181,182,183,184,185,186,187,188,189,190,191,192,193,194,195,196,197
126,127,128,129,130,131,132,133,134,135,136,137,138,139,140,141,143,144,145,146,147,148,149,150,151,152,153,154,155,156,157,158,159,160,161,162,163,164,165,167,168,169,170,171,172,173,174,175,176,177,178,179,180,181,182,183,184,185,186,187,188,189,190,191,192,193,194,195,196,197
127,128,129,130,131,132,133,134,135,136,137,138,139,140,141,142,143,144,145,146,147,148,149,150,151,152,153,154,156,158,159,160,161,162,163,164,165,166,167,168,169,170,171,172,173,174,175,176,177,178,180,181,182,183,184,186,187,188,189,190,191,192,193,194,195,196,197
128,129,130,131,132,133,134,135,136,137,138,139,140,142,143,144,145,146,147,148,149,150,151,152,153,154,155,156,157,158,159,160,161,162,163,164,165,166,167,168,169,170,171,172,173,174,176,177,178,179,180,182,183,184,185,186,187,188,189,190,191,192,193,194,195,196,197
129,130,131,132,133,134,136,137,138,139,140,141,142,143,144,145,146,147,148,149,150,151,152,153,154,155,156,157,158,159,160,161,162,163,164,165,166,167,168,169,170,171,172,174,175,176,177,178,180,181,183,184,185,186,187,188,189,190,191,192,193,194,195,196,197
130,131,132,133,134,135,136,137,138,139,140,141,142,143,144,145,146,147,148,149,150,151,152,153,154,155,156,157,158,159,160,161,162,163,164,165,166,167,169,171,172,173,174,175,176,177,179,180,181,182,183,186,187,188,189,190,191,192,193,194,195,196,197
131,132,133,134,136,137,138,139,140,141,142,143,144,145,146,147,148,150,151,152,153,154,155,156,157,158,159,160,161,162,163,164,165,166,167,168,169,170,171,172,173,174,175,176,177,178,179,180,181,182,183,184,185,186,187,188,189,190,191,192,193,194,195,196,197
132,133,134,135,136,137,138,139,140,141,142,143,144,145,146,147,148,149,150,151,152,153,154,155,156,157,158,159,160,161,162,163,164,165,167,169,170,171,172,174,175,176,177,178,180,181,182,183,184,186,187,188,189,190,191,193,194,195,196,197
133,135,136,137,138,139,140,141,142,143,144,145,146,147,148,150,151,152,153,154,155,156,157,158,159,160,161,162,163,164,165,166,167,169,170,171,172,174,175,176,177,178,179,180,181,182,183,184,185,186,187,188,189,190,191,192,193,194,196,197
134,135,136,137,138,139,140,141,142,143,144,145,146,147,148,149,150,151,153,154,155,156,157,158,159,160,161,162,163,164,165,166,167,168,169,170,171,172,173,174,175,176,177,178,179,180,181,182,183,184,185,186,187,188,189,190,191,192,193,194,195,196,197
135,136,137,138,139,140,141,142,143,144,145,146,147,148,149,150,151,152,153,154,155,156,157,159,160,161,162,163,164,166,167,168,169,170,171,173,174,175,176,177,178,179,180,181,182,183,184,185,186,187,188,189,190,191,192,193,194,195,196,197
136,138,139,140,141,142,143,144,145,147,148,149,150,151,152,153,154,155,156,157,158,159,160,161,162,163,164,165,166,167,168,169,170,171,172,173,174,175,176,177,178,179,180,181,182,183,185,186,187,188,189,190,191,192,193,194,195,196,197
137,138,139,140,142,143,144,145,146,147,148,149,150,151,152,153,154,155,156,157,158,159,160,161,162,163,164,165,166,167,168,169,170,171,172,173,174,175,176,177,178,179,180,181,182,183,184,185,186,187,188,190,191,192,193,194,195,196,197
138,140,141,142,143,144,145,146,147,148,149,150,151,152,153,154,155,156,157,158,159,160,161,162,163,164,165,166,167,168,169,170,171,172,173,174,175,176,177,178,179,180,182,183,185,187,188,190,191,192,193,194,195,196,197
139,140,142,143,144,145,146,147,148,150,151,152,153,154,155,156,157,158,159,161,162,163,164,165,166,167,168,170,171,172,173,174,175,177,178,179,180,181,182,183,184,185,186,187,188,189,190,191,192,193,194,195,196,197
140,141,142,143,144,145,146,147,148,149,150,151,152,153,154,155,156,157,158,159,160,161,162,163,164,165,166,167,168,169,170,171,172,173,174,175,176,177,178,179,180,181,182,183,184,185,186,187,188,189,190,191,192,193,194,195,196,197
141,142,143,144,145,146,147,148,149,150,151,152,154,155,156,157,159,160,161,162,163,164,165,166,167,168,169,170,171,172,173,174,175,176,177,178,179,180,182,183,184,185,186,187,188,189,190,192,193,194,195,196,197
142,143,144,145,146,147,148,149,150,151,152,153,154,155,156,157,158,159,160,161,162,163,164,165,167,168,169,170,172,173,175,176,177,178,179,180,181,183,184,185,186,187,188,189,190,191,193,194,195,197
143,144,145,146,147,148,149,150,151,152,154,155,156,157,158,159,160,161,162,163,164,165,166,168,169,171,172,173,174,175,176,177,178,179,180,181,182,183,184,185,187,188,189,190,191,192,193,194,195,196,197
144,145,146,147,148,150,151,152,153,154,155,156,157,158,159,160,161,162,163,164,165,166,167,168,169,171,172,173,174,175,176,177,178,179,180,181,182,183,184,185,186,187,188,189,190,191,192,194,196,197
145,146,147,148,149,150,151,152,153,155,156,157,159,160,161,163,164,165,166,167,168,169,171,172,173,174,175,176,177,178,180,181,182,183,184,185,186,187,188,189,190,191,192,193,194,195,197
146,147,148,149,150,151,152,153,154,155,156,157,158,159,160,161,163,164,165,166,167,168,169,170,171,172,173,174,175,176,177,178,179,180,181,182,183,185,186,187,188,189,190,191,192,193,194,195,196,197
147,148,149,150,151,152,153,154,155,156,157,158,159,160,161,162,163,164,165,166,167,169,170,171,172,173,174,175,176,178,179,182,183,184,185,186,187,188,189,190,191,192,193,194,195,196,197
148,149,151,152,153,154,155,156,157,158,159,160,161,162,163,164,165,166,167,168,169,170,171,172,173,174,175,176,177,178,179,180,181,182,183,184,185,186,187,188,189,190,191,192,193,194,195,196,197
149,150,151,152,153,155,156,157,158,159,160,161,162,163,164,165,166,167,168,169,170,171,172,173,174,175,176,177,178,179,180,181,182,183,184,185,186,187,188,190,192,193,194,195,197
150,151,152,153,154,156,157,158,159,160,161,162,163,164,165,166,168,169,170,171,172,173,174,175,176,177,178,179,180,181,182,183,184,185,186,187,188,189,191,192,193,194,195,196,197
151,152,153,154,155,156,157,159,160,161,162,163,164,165,166,167,168,169,170,171,172,173,174,175,176,177,178,180,181,182,183,184,185,186,187,188,189,190,191,192,193,194,195,196,197
152,153,155,157,158,159,160,161,162,163,164,165,166,167,168,169,170,171,172,173,174,175,176,177,178,179,180,181,182,183,184,186,187,188,189,190,191,192,193,194,195,196,197
153,154,155,156,157,158,159,160,161,162,163,164,165,166,167,168,169,170,171,172,173,174,175,176,177,178,179,180,181,182,183,184,185,186,187,188,189,190,191,192,193,194,195,196,197
154,155,156,157,158,160,161,162,163,164,165,166,167,168,169,170,171,172,173,174,175,176,177,178,180,181,182,184,185,186,187,188,189,190,191,192,193,194,195,196,197
155,156,157,158,159,160,161,162,163,164,165,166,167,168,169,170,171,172,173,174,175,176,177,178,179,180,181,182,183,184,185,186,187,188,189,190,191,192,193,194,196,197
156,157,158,159,160,161,162,163,164,165,166,167,168,169,170,171,172,173,174,175,176,177,178,179,180,181,182,183,184,185,186,187,188,189,190,191,192,193,194,195,196,197
157,158,159,160,161,162,163,164,165,166,169,170,171,172,173,174,175,176,177,178,179,181,182,183,184,185,186,187,188,189,190,191,192,193,194,195,196,197
158,159,160,161,163,164,165,166,167,168,169,170,171,172,173,174,175,176,177,178,179,180,181,182,183,184,185,186,187,188,189,190,191,192,193,194,195,196,197
159,161,162,163,164,165,166,167,168,169,170,171,172,173,174,175,176,177,178,179,180,181,182,183,184,185,186,187,188,189,190,191,192,193,194,196,197
160,161,162,163,165,166,167,168,169,171,172,173,174,175,176,177,178,179,180,181,182,183,184,185,186,187,188,189,190,191,192,193,194,195,196,197
161,163,164,165,166,167,168,169,170,172,173,174,176,177,178,179,180,181,182,184,185,186,187,188,189,190,191,192,193,194,195,196,197
162,163,165,167,168,171,172,173,174,175,176,177,178,179,180,181,182,183,184,185,186,188,189,190,191,192,193,194,195,196,197
163,164,165,166,167,168,169,171,172,173,174,175,176,177,179,180,181,182,183,184,185,186,187,188,189,191,192,193,194,195,196,197
164,165,166,167,168,169,170,172,173,174,175,176,177,178,179,180,181,182,183,184,185,186,187,188,189,190,191,192,193,194,195,196,197
165,166,167,168,169,170,171,172,173,174,175,176,177,178,179,180,181,182,183,184,185,186,187,188,189,190,191,192,193,194,195,196,197
166,167,168,170,171,173,174,175,176,177,178,179,180,181,182,184,185,186,187,188,189,191,192,193,194,195,196,197
167,168,169,170,171,172,173,174,175,176,177,178,179,180,181,182,183,184,185,186,187,188,189,190,191,192,193,194,195,196,197
168,169,170,171,172,173,174,175,176,177,178,179,180,181,182,183,184,185,187,188,189,190,191,192,193,194,196,197
169,170,171,172,174,175,176,177,178,179,180,181,182,183,184,185,186,187,188,189,190,191,193,194,195,196,197
170,171,172,173,174,175,176,177,178,179,180,181,182,183,184,185,186,187,188,189,190,191,192,193,194,195,196,197
171,172,173,174,175,176,177,178,179,180,181,182,183,184,185,187,188,189,190,191,192,194,195,197
172,173,174,175,177,178,179,180,181,182,184,185,186,187,188,189,190,191,192,193,194,195,196,197
173,174,175,176,177,178,179,180,181,183,184,185,186,187,188,189,190,191,192,193,194,195,196,197
174,175,177,179,180,181,182,183,184,185,186,187,188,189,190,192,193,194,195,196,197
175,176,177,178,179,181,182,183,184,185,186,187,188,189,190,191,192,193,194,195,196,197
176,177,178,179,180,181,182,184,185,188,189,190,191,192,193,194,195,196,197
177,178,180,181,182,183,184,185,186,187,188,191,192,193,194,195,196,197
178,179,180,181,182,183,184,185,186,187,188,189,190,191,192,193,194,195,196,197
179,181,182,183,184,185,186,187,188,189,190,191,192,193,194,195,196,197
180,181,182,183,184,185,186,187,188,189,190,191,192,193,194,195,196,197
181,182,183,184,185,186,187,188,189,190,191,192,193,194,195,196,197
182,184,185,186,187,188,190,191,192,193,194,195,196,197
183,184,185,186,187,188,189,190,191,192,193,194,195,196,197
184,185,186,187,188,189,190,191,192,193,194,195,196
185,186,187,188,189,190,192,193,194,195,196,197
186,187,188,189,190,193,194,195,196,197
187,188,189,190,191,193,194,195,196,197
188,189,190,191,192,193,194,195,196,197
189,190,191,192,193,194,196,197
190,191,192,193,194,195,196,197
191,192,193,194,195,197
192,193,194,195,197
193,194,196,197
194,196
195,196,197
196,197
197
