n_nodes:220
n_edges:22092
density:0.91706
0,1,2,3,4,5,6,7,8,10,11,12,14,15,16,17,18,19,20,21,22,23,24,25,26,28,29,30,31,32,33,34,35,36,37,38,39,40,41,43,44,45,46,47,48,49,50,51,52,53,54,55,56,57,58,59,60,61,62,63,64,65,66,67,68,69,70,71,72,73,74,75,76,77,78,79,81,82,83,84,85,86,87,88,89,90,91,92,93,94,95,96,97,98,99,100,101,102,103,104,105,106,107,108,109,110,111,113,114,115,116,117,118,119,120,121,122,123,124,125,126,129,130,131,132,133,136,137,138,139,140,141,142,143,144,145,146,148,149,150,151,152,153,154,155,156,157,158,159,160,161,162,163,164,165,166,167,168,169,170,171,172,173,174,175,176,177,178,180,181,182,184,185,186,187,188,190,191,192,193,194,195,196,197,198,199,201,202,203,204,206,209,210,211,212,213,214,215,216,217,218,219
1,2,3,5,6,7,8,9,10,11,13,14,15,16,17,18,19,20,21,22,23,24,25,26,28,29,30,31,32,33,35,36,37,38,40,41,42,43,44,45,46,47,49,50,51,52,53,54,55,56,57,58,59,60,61,62,63,64,65,66,67,68,69,70,71,72,73,74,75,76,77,78,79,80,81,82,83,84,85,86,87,88,89,91,92,93,95,96,97,98,99,100,101,102,103,105,106,107,108,109,110,112,113,114,115,116,117,118,119,120,121,122,123,124,125,126,128,129,130,131,132,133,134,135,136,137,138,139,140,141,142,143,144,145,146,147,148,149,150,151,152,153,154,155,157,158,159,160,161,162,163,165,166,167,168,169,170,171,172,173,174,175,176,177,178,179,180,181,182,183,184,185,186,187,188,189,190,191,192,193,196,197,198,199,202,203,204,205,206,207,208,209,210,211,213,214,215,216,217,218,219
2,3,4,5,6,8,9,10,11,12,13,14,15,16,17,18,19,20,21,22,23,24,25,26,27,28,29,30,31,32,33,34,35,36,37,38,39,40,41,42,43,44,45,46,47,48,49,50,51,52,53,54,55,56,58,59,60,61,62,63,64,65,66,67,68,69,70,71,73,74,75,77,78,79,80,81,83,84,85,86,87,88,89,90,92,93,94,95,96,97,98,100,101,102,103,104,105,106,108,109,110,111,112,113,114,115,116,117,119,121,122,123,124,125,126,127,128,129,130,131,132,133,134,135,136,137,138,139,140,141,142,143,144,145,146,147,148,149,150,151,152,153,154,155,157,158,159,160,161,162,163,164,165,166,167,168,169,170,171,172,174,175,176,177,178,179,180,181,182,183,184,185,186,187,188,189,190,191,192,193,194,195,196,197,198,199,200,201,202,203,204,205,206,207,208,210,211,212,213,214,215,216,217,218,219
3,5,7,8,9,10,11,12,13,15,16,17,18,19,20,21,22,23,24,25,26,27,28,29,30,31,32,33,34,35,36,37,38,39,40,41,42,43,44,45,46,47,48,49,51,52,53,55,56,57,58,59,60,62,63,64,65,66,67,68,69,70,71,72,73,74,75,76,77,79,80,81,83,84,85,86,87,88,89,91,92,93,96,98,99,100,101,102,103,104,105,106,108,109,110,111,112,114,115,116,117,118,119,120,121,122,123,124,125,126,127,128,129,130,131,132,134,135,136,137,138,139,140,141,142,143,144,145,146,147,148,150,151,152,153,154,156,157,158,159,161,162,163,164,165,166,167,168,170,171,172,173,174,175,176,177,178,179,180,181,182,183,184,185,186,187,188,189,191,192,193,194,195,196,197,198,199,200,201,202,203,204,205,206,207,208,209,210,212,213,214,215,216,217,218,219
4,5,7,8,9,10,11,12,13,14,15,16,17,18,19,20,21,22,23,24,25,26,28,29,31,32,34,35,36,37,38,39,40,41,42,43,44,46,47,48,49,51,52,53,54,55,56,57,58,59,60,61,62,63,64,65,66,67,68,69,70,71,72,74,75,76,77,78,79,80,81,83,84,85,86,87,88,89,90,91,92,93,94,95,96,97,98,99,100,101,102,103,104,105,106,107,108,109,110,111,112,113,114,115,116,117,118,119,121,123,124,125,126,128,129,131,132,133,134,135,136,137,138,139,140,141,143,144,145,146,147,148,149,150,151,152,153,154,155,156,157,158,159,160,161,162,163,164,165,166,167,168,169,170,171,172,173,174,176,177,178,179,181,182,184,186,187,189,190,191,193,194,195,196,197,198,199,200,201,202,203,204,205,206,207,208,209,210,211,212,213,214,215,216,217,218,219
5,6,7,8,9,10,12,13,15,16,17,18,19,20,21,22,24,25,26,27,28,29,30,31,32,36,37,38,39,40,41,42,43,44,45,46,47,48,49,50,51,52,53,54,56,57,58,60,61,62,63,64,65,66,67,68,69,70,71,72,73,75,76,77,78,79,80,81,82,83,84,86,87,88,89,90,92,93,94,95,96,97,98,99,101,103,104,105,106,108,109,110,111,112,113,114,115,116,117,118,119,120,121,122,123,124,125,126,127,128,129,130,131,132,133,134,135,136,137,138,139,140,141,142,143,144,145,147,148,149,150,152,154,155,156,157,158,159,160,161,162,163,164,165,166,167,168,169,170,171,172,173,174,175,176,178,179,180,181,182,183,184,185,186,187,188,189,190,191,192,193,194,195,196,197,198,199,200,201,202,203,204,205,206,207,208,209,210,211,212,213,214,215,216,217,218,219
6,7,8,9,10,11,12,13,14,15,16,17,18,19,20,21,22,23,24,25,26,27,28,29,30,31,32,33,34,35,36,37,38,39,40,41,42,43,44,45,46,47,48,49,50,51,52,53,54,55,56,57,58,59,60,62,63,64,65,66,68,69,70,71,72,73,74,75,77,78,79,80,81,82,83,84,85,86,87,88,89,90,91,92,93,94,95,96,97,98,99,100,101,102,103,105,106,107,108,109,110,111,112,113,114,115,116,117,118,119,120,121,122,123,124,125,126,127,128,129,130,131,132,133,134,135,136,137,138,139,140,141,142,143,144,145,146,147,148,149,150,151,152,153,154,155,156,157,158,159,160,161,163,164,165,166,167,168,169,170,171,172,173,174,175,176,177,178,179,180,181,182,183,184,185,187,189,190,191,192,193,195,196,199,200,202,203,204,205,206,207,209,210,211,212,214,215,216,217,218,219
7,8,9,10,11,12,13,14,16,17,18,19,21,22,23,24,25,26,27,28,29,30,31,32,33,35,36,37,38,39,40,41,42,44,45,46,47,48,49,50,51,52,53,54,55,56,57,58,59,60,61,62,63,64,65,66,67,68,69,70,71,72,73,74,75,76,78,79,80,81,82,83,84,85,86,87,88,89,90,91,92,93,94,95,96,97,98,99,100,101,102,103,104,105,106,107,108,110,113,114,115,117,118,119,120,121,122,123,124,125,126,127,128,129,131,132,133,134,135,136,137,138,139,140,141,143,144,145,147,148,149,150,151,152,153,154,155,157,158,159,160,161,162,164,165,166,167,168,169,170,171,172,173,174,175,178,179,180,181,183,184,185,186,187,188,189,190,191,192,193,194,195,196,197,198,199,200,201,203,204,205,206,207,208,209,210,211,212,213,214,215,216,217,218
8,9,10,11,12,13,14,15,16,17,18,19,20,21,22,23,24,25,26,27,28,29,30,31,32,33,34,35,36,38,39,40,41,42,43,44,45,46,47,48,49,50,51,52,53,54,55,56,57,58,59,60,61,62,63,64,65,66,67,68,69,70,71,72,73,74,75,76,77,78,79,80,81,82,83,84,85,86,87,88,89,90,91,92,93,94,95,96,98,99,100,101,102,103,104,105,106,108,109,110,111,112,113,114,115,116,117,118,119,120,121,122,123,124,125,127,128,130,131,132,133,134,135,137,138,139,140,141,142,143,144,145,146,147,148,149,150,151,152,153,154,155,156,157,158,159,160,161,162,163,164,165,166,167,168,169,170,171,172,173,174,175,176,177,178,179,180,181,182,183,184,185,186,187,188,189,190,191,192,193,194,195,196,197,198,199,200,201,202,203,204,205,206,207,208,209,210,211,212,213,215,216,217
9,10,11,12,15,16,17,18,19,20,21,22,23,25,26,27,28,29,30,31,32,33,34,35,36,37,38,39,40,41,42,46,47,48,49,50,51,52,53,54,55,56,57,58,59,62,63,64,65,67,68,69,70,71,72,73,74,75,76,77,78,79,80,81,82,83,84,85,86,87,88,89,90,91,92,93,94,95,96,97,98,99,100,101,102,103,104,105,106,107,108,109,110,111,112,114,115,116,117,118,119,120,121,124,125,127,128,129,130,132,133,134,135,136,137,138,139,140,142,143,145,146,147,148,149,150,151,152,153,154,155,156,157,158,159,160,161,164,165,166,167,168,169,170,171,172,173,174,175,176,177,178,179,180,181,182,183,184,185,186,187,188,190,191,192,193,194,195,197,198,199,200,201,202,203,204,205,207,208,209,210,211,212,213,214,215,216,217,218,219
10,11,12,13,14,15,16,17,18,19,20,21,22,23,24,25,26,27,28,29,30,31,32,33,34,35,36,37,38,39,40,41,42,43,44,45,46,47,48,49,50,51,52,53,54,55,56,57,58,59,60,61,62,63,64,65,66,67,68,70,71,72,73,74,75,76,77,78,79,80,81,82,83,84,85,86,87,88,89,91,92,93,94,95,96,97,98,99,100,101,103,104,105,106,108,110,111,112,113,114,115,116,117,118,119,121,123,124,125,126,127,128,129,130,131,132,133,134,136,137,138,139,140,141,142,143,144,145,146,148,149,150,151,152,153,154,155,156,157,158,160,162,163,164,166,167,168,169,170,171,172,173,174,175,176,177,178,179,180,182,183,184,186,187,188,189,190,191,192,193,194,195,196,197,198,199,200,201,202,203,204,205,206,207,208,209,212,214,215,216,217,218,219
11,12,13,14,15,16,17,18,19,20,21,22,23,24,25,26,27,28,29,30,31,32,33,34,35,36,37,38,40,41,42,43,44,45,46,47,48,49,50,51,52,53,54,55,56,57,58,59,60,61,62,63,64,65,67,69,70,71,73,74,75,76,77,78,79,80,81,82,83,84,85,86,87,88,89,93,94,96,98,99,100,102,103,104,105,106,107,108,109,110,111,112,113,114,115,116,117,118,119,120,121,122,125,126,127,128,129,130,131,132,133,134,136,137,138,139,140,141,142,144,145,147,148,150,151,152,153,154,155,156,157,158,159,160,161,162,163,164,165,166,167,168,169,170,171,172,173,174,175,176,177,178,179,180,181,183,184,185,186,187,188,189,190,191,192,193,194,195,196,197,198,199,200,201,202,203,204,205,206,207,209,210,211,212,213,214,215,216,217,219
12,13,14,15,16,18,19,20,21,22,23,24,25,26,27,28,29,30,31,32,33,34,36,37,38,39,40,41,42,43,44,45,46,47,48,49,50,51,52,53,54,55,56,57,58,60,61,62,63,64,65,66,67,68,69,70,71,72,73,74,75,76,77,78,79,80,81,82,83,84,85,86,87,88,89,90,91,92,93,94,95,96,97,98,99,100,101,102,103,105,106,107,108,109,110,111,112,113,115,116,117,118,119,120,121,122,123,124,125,126,128,129,130,131,133,134,135,136,137,138,139,140,141,142,144,145,146,147,148,149,150,152,153,154,155,156,157,158,159,160,161,162,163,164,166,167,168,169,170,171,172,173,174,175,176,177,178,179,180,181,182,183,184,185,186,187,188,189,190,191,192,193,194,195,196,197,198,199,200,201,202,203,204,205,206,207,208,209,210,211,212,213,214,215,216,217,218,219
13,14,15,16,17,18,19,20,21,22,23,24,27,28,29,30,32,33,34,35,36,37,38,39,40,41,42,43,44,45,46,47,48,49,50,51,52,53,54,56,57,58,59,60,61,62,63,64,65,66,67,68,69,70,71,72,73,74,75,76,77,78,79,80,81,82,83,84,86,87,88,89,90,91,92,93,94,95,96,99,100,101,102,103,104,105,106,107,108,109,110,111,112,113,114,115,116,117,118,119,120,121,122,123,124,125,126,127,128,129,130,131,132,133,134,135,136,137,138,139,140,141,142,143,144,145,146,147,148,149,150,151,152,153,154,155,156,157,158,159,160,162,163,164,166,167,168,169,171,172,173,174,175,176,177,179,180,181,183,184,185,186,188,189,190,191,192,193,194,195,196,197,198,199,200,201,202,203,204,205,206,207,208,209,211,212,213,214,215,216,218,219
14,15,16,17,18,19,20,21,22,23,26,28,29,30,31,32,33,34,35,36,37,38,39,40,41,42,43,44,45,46,47,48,49,50,51,52,53,54,55,56,57,58,59,61,62,63,65,66,67,68,69,70,71,72,73,74,76,77,78,79,80,81,82,83,84,85,86,88,89,90,91,92,93,94,95,96,97,98,99,100,102,103,104,105,106,107,108,109,110,111,112,113,114,116,118,120,121,123,124,125,126,127,128,129,130,131,133,134,135,136,137,138,139,140,141,142,143,144,145,146,147,148,150,151,152,153,154,155,156,157,158,159,160,161,162,163,164,165,166,167,169,170,171,172,173,174,175,176,177,178,179,180,181,182,183,185,186,187,188,189,190,191,192,193,194,195,196,197,199,200,201,202,203,204,205,206,207,208,209,210,211,212,213,214,215,216,217,219
15,16,17,18,19,20,21,22,23,24,25,26,27,28,29,30,31,32,33,34,35,36,37,38,39,40,41,42,43,44,46,47,48,49,50,51,52,53,54,55,56,57,58,59,60,62,63,64,65,66,67,68,69,70,71,72,74,75,76,77,78,80,81,83,84,85,86,87,88,89,90,91,92,93,94,95,96,97,98,99,100,101,102,103,104,105,106,107,108,109,110,111,112,114,115,116,117,118,121,122,123,124,125,127,128,129,130,131,133,134,135,136,137,138,139,140,141,142,143,144,145,146,147,148,149,150,151,152,153,154,155,156,157,159,160,161,162,163,164,165,166,168,169,170,172,173,174,176,177,178,179,180,181,182,184,185,186,187,188,189,191,192,193,194,195,196,198,199,200,201,202,203,204,205,206,207,208,209,210,211,212,213,214,217,218,219
16,17,18,19,20,21,22,23,24,26,27,28,30,31,32,33,34,35,36,37,38,39,40,42,43,44,45,46,47,48,49,50,51,52,53,54,55,56,57,58,59,60,61,62,63,64,65,66,67,68,69,70,72,73,74,75,77,78,79,80,81,83,84,85,86,87,88,89,90,91,92,93,95,97,99,100,101,102,103,104,105,106,107,108,109,110,111,112,113,114,115,116,117,118,120,121,122,123,124,125,126,127,128,129,130,131,132,133,134,135,138,139,140,141,142,143,144,146,147,148,149,150,151,152,153,154,155,156,157,158,159,160,161,162,163,164,165,166,167,168,169,170,172,173,174,175,176,177,178,179,180,181,182,183,184,185,186,189,190,191,192,193,194,195,196,197,198,199,200,201,202,203,204,205,207,208,209,210,211,212,213,214,216,217,218,219
17,18,19,20,21,22,23,24,25,26,27,28,29,30,31,32,33,34,35,36,37,38,40,41,42,44,45,46,48,49,50,51,52,53,54,55,56,57,58,59,60,61,62,63,65,66,67,68,69,70,72,73,74,75,76,77,78,79,81,82,83,84,85,86,87,88,89,90,92,93,94,95,96,97,98,99,100,101,102,103,104,105,106,107,108,109,110,111,112,113,114,115,116,117,118,119,120,121,122,123,124,125,126,127,128,129,130,131,132,133,134,135,136,137,138,139,140,141,142,143,144,145,146,147,148,149,150,151,152,153,154,155,158,159,160,161,162,163,164,165,166,168,169,170,172,173,174,175,176,177,178,179,180,181,182,183,185,186,187,188,189,190,191,192,193,194,195,196,197,198,199,200,201,202,203,204,205,206,207,208,209,210,211,212,213,214,215,216,217,218,219
18,19,20,21,22,23,24,25,26,27,28,30,32,33,34,35,36,37,39,40,41,42,43,44,45,46,47,48,49,50,51,52,53,55,56,57,58,60,61,62,63,64,65,66,67,68,69,70,71,72,73,74,75,76,77,78,79,80,81,82,83,84,85,86,87,88,90,91,92,93,94,95,96,97,98,99,100,101,102,103,104,105,106,107,108,109,110,112,113,114,115,116,117,118,119,120,121,123,124,125,127,128,129,130,131,132,133,134,135,136,137,138,139,140,141,142,143,144,145,146,147,148,149,150,151,152,153,154,155,156,157,159,160,161,162,163,164,165,166,167,168,169,172,173,174,175,176,177,178,179,180,181,182,183,184,185,186,187,188,189,190,191,192,193,194,195,196,197,198,199,200,201,202,203,204,205,206,207,208,209,210,211,213,216,217,219
19,20,21,22,23,24,25,26,28,29,30,31,32,33,34,35,36,37,38,39,40,41,42,43,44,45,46,47,48,49,50,51,52,53,54,55,56,57,58,59,61,62,63,66,67,68,69,70,71,72,73,74,75,76,77,78,80,81,82,83,84,85,86,87,88,89,91,92,94,95,96,97,98,99,100,101,102,104,105,106,107,108,109,110,111,112,114,115,117,118,119,120,121,122,123,124,126,127,128,129,130,131,132,133,134,135,137,138,139,140,141,142,143,144,145,146,147,148,149,150,151,152,153,154,155,156,157,158,159,160,161,162,163,164,165,167,168,169,170,171,172,173,174,176,177,178,179,180,181,182,183,184,185,186,187,188,189,190,192,193,194,195,196,197,198,199,200,201,202,203,204,205,206,207,208,209,210,211,212,213,214,215,216,217,218,219
20,21,22,23,24,25,27,28,29,30,31,32,33,34,35,36,37,38,39,40,41,42,43,44,46,47,48,49,50,51,53,54,55,56,57,58,59,61,62,63,64,65,66,67,68,69,70,71,72,73,74,75,76,77,78,79,80,81,82,83,84,85,86,87,88,89,90,91,92,93,94,95,96,97,98,99,101,103,104,107,108,109,110,111,112,113,114,115,116,117,118,119,120,121,122,123,124,125,126,127,128,129,130,131,132,133,134,135,136,137,138,139,140,141,142,143,144,145,146,147,148,149,150,152,153,154,155,156,159,160,161,163,164,165,166,167,168,169,170,171,172,173,174,175,176,177,178,179,180,181,182,183,184,185,186,187,189,190,191,192,193,194,195,196,197,198,199,200,201,202,203,204,206,207,209,210,211,213,214,215,216,217,218
21,22,24,25,26,28,29,30,31,33,34,35,36,37,38,39,40,41,42,43,45,46,47,48,49,50,51,52,53,54,55,57,58,59,60,61,62,63,64,65,66,68,69,70,71,72,73,74,75,76,77,78,79,80,81,82,83,84,85,86,87,88,89,91,92,94,95,96,98,99,100,101,102,103,104,105,106,108,109,110,111,112,113,114,116,117,118,119,121,122,123,124,125,126,127,128,129,130,131,132,133,134,135,136,137,138,139,140,141,142,143,144,145,146,147,148,149,150,151,152,153,154,155,156,157,158,159,161,162,163,165,166,167,168,169,171,172,173,175,176,177,178,179,180,181,182,183,184,185,186,187,188,189,190,191,192,193,194,196,197,198,199,200,201,202,203,204,205,207,208,209,210,211,212,213,214,215,216,217,218,219
22,23,24,25,26,28,29,30,31,32,33,34,35,36,37,38,39,40,41,42,43,44,45,46,47,48,49,50,51,52,53,54,55,57,58,59,60,61,62,63,65,66,67,68,69,70,71,72,73,74,75,76,77,78,79,80,81,82,83,84,85,86,87,88,89,90,91,92,93,94,95,96,97,98,99,100,101,102,103,104,105,106,107,108,109,110,112,113,114,115,116,117,118,119,120,122,123,124,125,126,127,128,129,130,131,132,133,134,135,136,137,138,140,141,142,143,144,145,146,147,148,149,150,151,152,153,154,155,156,157,159,160,161,162,163,164,166,167,168,169,170,171,172,173,174,175,176,177,178,179,181,182,183,184,185,186,187,188,189,190,191,192,193,194,195,196,197,198,200,202,203,204,205,207,208,209,210,211,213,214,215,216,217
23,24,25,26,27,28,29,30,31,32,33,34,35,36,37,38,39,40,41,42,43,44,45,48,49,50,51,52,53,56,57,58,59,60,61,62,64,65,66,67,68,69,70,71,72,73,74,75,76,77,78,79,80,81,82,83,84,85,86,87,88,89,90,91,92,93,94,95,96,97,99,100,101,102,103,104,105,106,107,109,110,112,113,115,116,117,118,119,121,122,123,124,125,126,127,128,129,130,131,132,133,134,135,136,137,138,139,140,141,142,143,144,145,146,147,148,149,150,152,153,154,155,156,157,158,159,160,161,162,163,164,165,166,167,168,170,171,172,174,175,176,177,178,179,180,181,182,183,184,185,186,187,188,189,190,191,192,193,194,195,196,197,198,199,200,201,203,204,205,206,207,208,209,210,211,213,214,215,216
24,25,26,27,28,29,30,31,33,34,35,36,37,38,39,40,41,42,43,44,45,46,48,49,51,52,53,54,56,57,58,59,60,61,62,63,64,65,66,67,68,69,70,71,72,73,74,75,76,78,79,80,81,82,83,84,85,86,87,88,89,90,91,92,93,94,95,96,97,98,99,100,101,102,103,104,105,106,107,109,110,111,112,113,114,115,116,117,118,119,120,121,122,123,124,125,126,127,128,129,130,131,132,133,134,135,136,137,138,140,141,142,143,144,145,146,147,148,149,150,151,152,153,155,156,157,158,159,160,161,162,163,164,165,166,167,168,169,170,171,173,175,176,177,178,179,180,181,182,183,184,185,186,187,188,189,190,191,192,193,194,195,196,197,198,199,200,201,202,203,204,205,206,207,208,209,210,211,212,213,215,216,217,218,219
25,26,27,28,29,30,31,32,33,34,35,36,37,38,39,40,41,42,43,44,45,46,47,48,49,50,51,52,53,54,55,56,58,59,60,61,62,63,64,65,66,67,68,69,70,71,73,74,75,76,77,78,79,80,81,83,84,88,89,90,91,92,93,95,96,97,98,99,100,101,102,103,104,105,106,107,108,110,111,112,113,114,115,116,117,118,119,120,121,122,123,124,126,127,128,129,130,131,132,133,134,135,136,138,139,140,141,143,145,146,147,148,150,151,152,153,154,155,156,157,158,159,160,161,162,163,164,165,166,167,168,169,170,171,172,173,174,175,176,177,178,179,180,181,182,183,185,186,187,188,189,190,192,193,194,195,196,197,198,199,200,201,202,204,205,206,209,210,211,212,214,215,216,218,219
26,27,29,30,31,32,33,34,35,36,37,38,39,40,41,42,43,44,45,46,47,48,49,50,51,52,53,54,55,56,57,58,59,60,61,62,63,64,65,66,67,68,69,70,71,72,73,74,76,77,78,80,81,82,83,84,86,87,88,89,90,92,93,94,95,96,97,98,99,100,101,102,103,104,105,106,107,108,109,111,114,115,116,119,120,121,122,123,124,125,126,127,128,129,130,132,133,135,136,137,138,139,140,141,142,143,144,145,146,147,148,149,150,151,152,153,154,155,156,158,159,160,161,162,163,164,165,166,167,168,169,170,171,173,174,175,177,178,179,180,181,182,183,184,185,186,187,188,189,190,191,192,193,194,195,196,197,198,199,200,201,202,203,204,205,206,207,208,209,211,212,213,214,215,216,217,218
27,28,29,30,31,32,34,36,37,38,39,40,41,42,43,44,45,47,48,49,50,51,52,53,54,55,56,57,58,59,60,61,62,63,64,65,66,67,68,70,71,72,73,74,75,76,77,78,79,81,82,83,84,85,86,87,88,89,90,91,92,93,94,95,96,97,98,99,100,101,102,103,104,105,106,109,110,112,113,114,115,116,117,118,120,121,122,123,124,126,127,128,129,130,131,132,133,134,135,137,138,139,140,141,142,143,144,145,146,147,148,149,150,151,152,153,154,155,156,157,158,159,160,161,162,163,164,165,166,169,170,171,172,173,174,175,176,177,178,179,180,181,182,183,184,185,186,187,188,189,190,191,192,193,194,195,196,198,199,201,202,203,204,205,206,207,208,209,210,211,212,213,214,215,216,217,219
28,29,30,31,32,33,35,36,37,38,39,40,41,43,44,45,47,48,49,50,51,52,53,54,56,57,58,59,60,61,62,63,64,65,66,67,69,70,71,72,73,74,75,76,77,78,79,80,81,82,83,84,85,86,87,88,89,91,92,93,94,95,96,98,99,100,101,102,103,104,105,106,107,108,109,110,111,112,113,114,115,116,117,118,119,120,123,124,125,126,128,129,130,131,132,133,134,135,136,137,139,140,141,142,143,144,145,146,147,148,149,150,151,152,153,154,155,156,157,158,159,160,161,162,163,164,165,166,167,168,169,171,172,175,176,177,178,179,180,181,182,183,184,185,186,187,188,189,190,191,192,193,194,195,198,199,201,202,203,204,205,206,208,209,210,212,214,215,216,217,218,219
29,30,31,32,33,34,35,36,37,38,39,40,41,42,43,44,45,46,47,48,49,50,51,54,55,56,57,58,59,60,61,62,63,64,65,66,67,68,69,70,71,72,73,74,75,76,77,79,80,81,82,83,84,85,86,87,88,90,91,92,93,94,95,96,97,98,99,100,102,103,104,105,106,107,108,109,110,111,112,113,115,116,117,119,120,121,122,123,124,125,126,127,128,129,130,131,132,133,134,135,136,137,138,139,140,142,143,144,145,146,147,148,150,151,153,154,155,156,157,158,159,160,161,162,163,164,166,167,168,169,170,171,172,173,174,175,176,178,179,180,181,182,183,184,185,186,187,188,189,190,191,192,193,194,196,197,198,200,201,202,203,204,205,206,208,209,210,211,212,213,214,215,216,217,218,219
30,31,32,33,34,36,37,38,40,41,42,44,45,46,47,48,50,53,54,55,56,57,58,59,60,61,63,64,65,66,67,68,69,70,71,72,73,74,75,76,78,79,80,82,83,84,85,86,87,88,89,90,91,92,93,94,95,96,98,100,101,102,103,104,105,107,108,109,111,112,113,114,115,116,117,119,120,121,122,124,125,127,129,131,132,133,134,135,136,137,138,139,140,141,142,143,144,145,146,148,149,150,151,152,153,154,155,156,157,158,159,160,162,163,165,166,167,168,169,171,172,173,174,175,176,177,178,179,180,181,182,183,184,186,187,188,189,190,191,192,193,194,196,197,198,199,200,201,202,203,204,205,206,207,208,209,210,212,213,214,215,216,218,219
31,32,33,34,35,36,37,38,39,40,42,43,44,45,46,47,48,49,50,51,52,53,54,56,58,59,60,61,62,63,64,65,66,67,68,69,70,71,72,73,74,75,76,77,78,79,80,81,82,84,85,86,87,89,90,91,92,93,94,95,96,97,98,99,100,101,102,103,104,105,106,107,108,109,110,111,112,113,114,115,116,117,118,119,120,122,123,124,125,126,127,128,129,130,131,132,133,134,135,136,137,138,139,140,141,142,143,144,145,146,148,149,150,151,152,153,154,155,156,157,160,161,162,163,164,166,167,168,169,170,171,172,173,175,176,177,178,179,181,182,183,184,185,186,187,188,189,190,191,192,193,194,195,196,197,198,199,200,201,202,203,204,205,206,209,210,211,212,213,214,215,216,217,218
32,33,34,35,36,37,38,39,40,41,42,43,44,45,46,48,49,52,53,54,55,56,58,59,60,61,62,63,64,65,66,67,68,69,70,71,72,73,74,75,76,77,78,79,80,81,82,83,84,85,86,87,88,89,90,91,92,93,94,95,97,98,99,100,101,102,103,104,106,107,108,109,110,112,113,115,116,117,118,119,121,123,124,125,126,127,128,131,132,133,134,135,136,138,139,140,141,142,143,144,145,146,147,148,149,150,151,152,153,154,155,156,157,158,159,160,161,162,163,164,165,166,167,168,169,172,173,174,175,176,177,178,180,181,182,183,184,185,186,188,190,191,192,193,194,195,196,197,198,199,200,201,202,203,204,205,206,207,208,209,210,211,212,215,216,217,218,219
33,34,35,36,37,38,39,40,41,42,43,44,45,46,47,48,49,50,51,52,53,54,55,56,57,58,59,60,62,63,64,65,67,68,69,70,71,72,73,74,76,77,78,79,80,81,82,83,84,85,86,88,89,90,91,92,93,94,95,96,99,100,101,102,103,104,105,106,107,108,109,110,111,113,114,115,116,117,118,119,120,121,122,123,125,126,127,129,130,131,132,133,134,135,136,137,138,139,140,141,142,143,144,145,146,147,148,149,150,151,152,153,154,156,157,158,159,161,162,163,164,165,167,168,169,170,171,172,173,174,175,176,177,178,179,180,181,182,184,185,186,187,189,190,191,192,194,197,198,199,200,201,202,203,205,206,207,208,210,211,212,213,214,215,216,217,219
34,35,36,39,40,41,42,43,45,46,47,48,49,50,52,53,54,55,56,57,58,59,60,63,64,65,66,67,68,69,70,71,72,73,74,75,76,77,78,79,80,81,82,83,85,86,87,88,89,90,91,92,93,94,95,96,97,98,99,100,101,102,104,105,106,107,108,109,110,111,112,113,114,115,116,117,118,119,120,121,122,123,124,125,126,127,128,129,130,131,132,133,134,135,136,137,138,139,140,141,142,143,145,146,147,148,150,151,152,154,155,156,157,158,160,161,162,163,165,166,167,168,169,170,171,173,174,175,176,178,179,180,181,182,183,184,185,186,187,188,189,190,191,192,193,194,195,196,197,198,199,200,201,202,203,206,207,208,209,210,211,212,213,215,217,218,219
35,36,37,39,40,41,42,43,44,45,46,47,48,49,50,51,52,53,54,55,56,58,59,60,61,62,63,64,65,66,67,69,70,71,72,73,74,75,79,81,82,83,85,86,87,88,90,91,92,93,95,96,97,98,99,100,101,102,103,104,105,106,107,108,109,110,111,112,114,115,116,117,118,119,120,121,122,123,124,125,126,127,128,129,130,131,132,133,134,136,137,138,139,140,141,142,143,144,146,147,148,149,150,151,153,154,155,156,157,158,159,160,162,163,165,166,167,168,169,170,171,172,173,174,176,177,178,179,180,181,182,184,185,186,187,188,189,190,191,192,193,194,195,196,197,199,200,201,202,203,204,205,206,207,208,210,211,212,213,214,215,216,217,219
36,37,38,39,40,41,42,43,44,45,46,47,48,49,51,52,53,54,55,56,57,58,59,60,61,62,63,64,65,66,67,68,69,70,71,72,73,74,75,76,77,78,79,80,81,82,83,84,85,86,87,88,89,90,91,93,95,97,98,99,100,101,102,104,105,106,107,108,109,110,111,112,113,114,115,116,117,118,119,120,121,122,123,124,125,126,127,128,129,130,131,132,134,135,136,137,138,140,141,142,143,144,145,146,147,148,149,150,151,152,153,154,155,156,157,158,159,160,161,162,163,165,166,167,168,169,170,171,172,173,174,175,176,177,178,179,181,183,184,185,186,187,188,189,190,192,193,194,195,196,197,198,199,200,201,202,203,204,205,206,207,208,210,211,212,213,214,215,216,217,218,219
37,38,39,40,41,42,43,44,47,48,49,50,51,52,53,54,56,57,58,59,60,61,62,63,64,65,66,68,69,70,71,72,74,75,76,77,78,80,81,82,83,86,87,88,89,91,92,94,95,96,97,98,99,100,101,103,104,107,108,109,110,111,112,113,114,115,116,117,118,119,121,123,124,125,126,127,128,129,130,131,132,133,134,135,136,137,138,139,140,141,142,143,144,145,146,147,148,149,150,151,152,154,155,156,157,158,159,160,161,162,163,164,165,166,167,168,169,170,171,172,173,174,175,176,177,178,179,180,181,182,183,184,185,186,187,188,189,190,192,193,194,195,196,197,198,199,200,201,203,204,205,206,207,208,209,210,211,212,213,214,215,217,218,219
38,39,40,41,42,43,44,45,46,47,48,51,52,53,54,55,56,57,59,60,61,62,63,64,65,66,67,68,69,70,71,72,74,75,76,77,78,79,80,81,82,83,84,85,86,87,88,89,90,91,92,93,94,95,96,97,98,99,100,102,103,104,106,107,108,109,110,111,112,113,114,115,116,117,118,119,120,121,122,123,125,126,127,128,129,130,131,132,133,134,135,137,139,140,141,142,143,144,145,146,147,149,150,151,152,153,154,155,156,157,158,159,160,161,162,163,164,165,166,167,168,169,170,171,172,173,174,175,176,177,178,179,181,182,183,184,185,186,187,188,189,190,191,192,193,194,195,196,197,198,199,200,201,202,203,204,205,206,207,208,209,210,211,212,213,214,215,217,218,219
39,40,41,42,43,44,45,46,47,48,49,50,51,52,53,54,55,57,58,59,60,61,62,63,65,66,67,68,69,70,71,72,73,74,75,76,77,78,79,80,81,82,83,84,85,86,87,88,90,91,92,93,94,95,96,97,98,99,100,101,102,103,104,105,106,107,108,109,110,111,113,114,115,116,117,118,119,120,122,123,124,125,126,127,128,129,130,131,132,133,134,135,136,137,138,140,141,142,143,144,145,146,147,148,149,150,151,152,153,154,155,156,157,158,159,160,161,162,164,165,166,167,168,169,170,171,172,173,174,175,176,177,178,179,181,182,183,184,185,186,187,188,189,190,191,192,194,195,196,198,199,201,202,204,205,206,207,208,210,211,212,213,214,215,216,217,218,219
40,41,42,43,44,45,46,47,48,49,50,51,52,53,54,55,56,57,59,60,61,62,63,64,65,66,67,68,69,70,71,72,73,74,75,76,78,80,81,82,83,84,85,86,88,90,91,92,93,94,95,96,98,99,100,101,102,103,104,105,106,107,108,109,110,111,113,115,116,118,119,120,121,122,123,124,125,126,127,128,129,130,132,133,134,135,136,137,138,139,140,141,142,143,144,145,146,147,148,149,150,151,152,153,154,155,156,157,158,159,160,161,162,163,164,165,166,167,168,169,170,171,173,174,175,176,177,178,179,181,182,183,184,185,186,187,188,190,191,192,193,194,195,196,199,200,201,202,203,206,207,208,209,210,211,212,214,216,217,218,219
41,42,43,44,45,46,47,49,50,51,52,53,54,55,56,57,58,59,60,62,63,64,66,67,68,69,70,71,72,73,74,75,76,77,78,79,80,82,83,84,85,86,87,88,90,91,92,93,94,95,96,97,99,100,101,102,103,104,105,106,107,108,109,110,111,112,113,114,115,116,117,118,119,120,121,122,123,124,125,126,128,129,130,131,132,133,134,136,138,139,140,141,142,143,144,146,147,148,149,150,151,152,153,154,156,157,158,160,161,162,164,165,166,167,168,169,170,171,172,173,174,175,176,177,178,179,181,182,183,184,185,186,187,188,189,190,191,192,193,194,195,196,197,198,199,200,201,202,204,205,206,207,208,210,211,212,213,214,215,216,217,218,219
42,43,44,45,47,48,49,50,51,52,53,54,55,56,57,58,59,60,61,62,63,64,65,66,67,68,69,70,72,73,75,76,77,78,79,80,81,82,83,85,86,87,88,89,90,92,93,95,97,98,99,100,101,102,103,104,105,106,107,108,109,110,111,112,113,114,115,116,117,118,119,120,121,122,123,124,125,126,127,128,129,130,131,132,134,135,136,137,138,139,140,141,142,143,144,145,146,147,148,149,150,151,152,153,154,155,156,158,159,160,161,162,163,164,165,166,167,168,170,172,173,174,175,176,177,178,179,180,181,183,185,186,187,188,189,190,191,192,193,194,195,196,197,198,199,200,201,202,203,204,205,206,207,208,209,210,214,215,217,218,219
43,44,45,46,47,48,49,50,51,52,53,54,56,57,59,60,61,62,63,64,65,67,68,71,72,73,74,75,76,77,78,79,80,81,82,83,84,85,86,87,88,89,90,91,92,93,94,95,96,97,98,99,101,102,103,105,106,108,109,111,112,113,115,116,117,118,119,120,121,122,123,124,125,126,127,128,129,130,131,132,133,134,135,136,137,138,139,140,141,142,143,144,145,146,147,148,149,150,151,152,153,154,155,156,157,159,160,161,162,163,165,166,168,169,170,171,172,173,174,175,176,178,179,180,181,183,184,185,186,188,189,190,191,192,193,194,195,196,197,198,200,201,202,203,204,205,206,207,208,209,210,211,212,213,214,215,216,217,218,219
44,45,46,47,48,49,50,51,52,53,54,55,57,58,59,60,61,62,63,64,65,66,67,68,69,70,71,72,73,74,75,76,77,79,80,81,82,83,84,85,86,87,88,89,91,92,93,95,96,97,98,99,100,101,102,103,104,105,106,107,108,109,110,111,112,113,114,116,117,118,119,120,121,123,124,125,126,127,128,129,130,131,132,133,134,135,136,137,138,139,140,141,143,144,145,146,147,148,149,150,151,152,153,155,156,157,158,159,160,161,162,163,164,165,166,167,168,169,170,171,173,174,175,176,177,178,179,181,182,183,184,185,186,187,188,190,191,193,194,195,196,197,198,199,200,202,203,204,205,206,207,208,209,210,211,212,213,214,215,216,218,219
45,46,47,48,49,50,51,52,53,54,55,56,57,58,60,61,62,63,64,65,67,68,69,70,71,72,73,74,75,77,78,79,80,81,82,83,84,85,86,87,88,89,90,91,92,94,95,96,97,98,99,100,101,102,103,104,105,106,107,108,109,111,112,113,114,115,116,117,118,119,120,121,122,124,125,126,127,128,129,130,131,132,133,134,137,138,139,140,141,142,143,144,145,146,147,148,150,151,152,153,154,155,156,157,158,159,160,161,162,163,164,165,166,167,168,170,171,172,173,174,175,176,177,178,179,180,181,182,183,184,185,186,187,188,189,190,191,192,193,194,195,196,197,198,199,200,201,202,203,204,205,206,207,209,210,211,212,213,214,215,216,217,218,219
46,47,48,49,50,51,52,53,54,55,56,58,59,60,61,62,63,64,65,67,68,69,70,71,72,73,74,75,76,77,78,79,80,81,82,83,84,85,86,87,88,89,90,91,92,93,95,96,98,99,101,102,103,104,106,107,108,109,111,112,113,114,115,116,117,118,119,121,122,123,124,125,126,127,128,129,130,131,132,133,134,135,136,138,140,141,142,143,144,145,146,147,148,149,150,151,152,153,154,155,156,157,158,159,160,161,162,163,164,165,166,167,168,169,170,171,172,174,175,176,177,178,179,180,181,182,183,184,185,186,187,188,189,190,191,192,193,194,195,196,197,198,199,200,201,202,203,204,205,206,207,208,209,210,211,212,214,216,217,218,219
47,48,49,50,51,52,53,54,55,56,57,58,59,60,61,63,64,65,66,67,68,69,70,71,72,73,74,75,76,77,78,79,80,81,82,84,85,86,87,88,89,90,91,92,94,95,96,97,98,99,100,101,102,103,104,105,106,107,108,109,110,111,112,113,114,115,116,117,118,119,120,121,122,123,124,125,126,127,129,130,131,132,133,134,135,136,137,138,139,140,141,142,143,144,145,147,148,149,151,152,153,154,155,158,159,160,161,162,163,164,165,166,167,168,169,171,172,173,174,175,176,177,178,179,180,181,182,184,185,186,187,188,189,190,191,192,193,194,195,196,197,198,199,200,201,202,203,205,206,207,208,209,211,212,213,214,215,216,218
48,49,50,51,52,53,54,55,56,57,58,59,60,61,62,63,64,65,66,67,68,69,70,71,72,73,74,75,76,77,78,79,80,81,82,83,84,85,86,87,88,89,90,91,92,93,94,95,96,97,98,99,100,101,102,104,105,106,107,108,109,110,111,112,114,115,116,117,118,120,121,122,123,124,125,126,127,128,129,130,131,132,133,134,135,136,137,138,139,140,141,142,143,144,145,146,147,148,149,150,151,152,153,155,157,158,159,160,161,162,163,165,166,167,169,170,171,173,174,175,176,177,178,179,180,181,182,183,184,185,186,187,188,189,190,191,192,193,194,195,196,197,198,199,201,202,203,204,205,206,207,208,209,210,211,212,213,214,215,217,218
49,50,51,52,53,54,55,56,57,58,59,60,61,62,63,65,66,67,68,70,71,73,74,75,76,77,79,80,81,82,83,84,85,86,87,88,89,90,91,92,93,94,95,96,97,98,99,100,101,102,103,104,105,107,108,109,110,111,112,113,114,115,116,117,118,119,120,121,122,123,124,125,126,127,128,129,130,131,132,133,134,135,136,137,138,139,140,141,142,143,144,145,146,147,148,149,150,151,153,155,156,157,158,159,160,161,162,164,165,167,168,171,172,173,174,175,176,177,178,179,180,181,182,183,184,187,188,189,190,191,192,194,195,196,197,198,199,200,201,202,203,204,205,206,207,208,210,211,212,213,214,215,216,217,218,219
50,51,52,53,54,55,56,57,58,59,60,61,63,64,65,66,67,68,69,70,71,72,73,74,76,77,78,79,80,81,82,83,84,85,86,87,88,89,90,91,92,93,94,95,96,97,98,99,100,101,102,103,104,105,106,109,111,112,113,114,115,116,117,118,119,120,121,122,123,124,125,126,127,128,129,130,131,132,133,134,135,136,137,138,139,140,141,142,143,144,145,147,148,149,150,151,152,153,154,155,156,157,159,160,161,162,163,164,165,166,167,168,169,170,171,172,173,175,176,177,178,179,180,181,182,183,184,185,186,187,188,189,191,192,193,196,197,198,199,200,201,202,203,204,205,206,207,208,209,210,211,212,213,214,215,216,217,218,219
51,52,53,54,55,56,57,58,59,60,61,62,63,64,65,66,67,68,69,70,71,72,73,74,76,77,78,79,80,81,82,83,84,86,87,88,89,90,91,92,93,95,96,97,100,101,102,103,105,107,108,109,110,111,112,113,114,115,116,117,118,119,120,121,122,123,124,125,126,128,130,131,132,133,134,135,136,137,138,139,140,141,142,143,144,145,146,147,148,149,150,151,152,153,154,156,157,158,159,160,161,162,163,164,165,166,167,168,170,171,172,173,174,175,176,177,180,181,182,183,184,185,186,187,188,190,191,192,193,194,195,196,197,198,199,200,201,202,203,205,206,208,209,210,211,212,213,215,216,217,218,219
52,53,54,55,56,57,58,59,60,61,62,63,64,65,66,67,68,69,70,71,72,74,76,77,78,79,80,81,82,83,84,86,87,88,89,90,92,93,94,96,97,98,99,100,101,102,103,104,105,106,107,109,110,111,113,114,115,116,117,118,119,121,122,123,124,125,126,127,128,129,130,131,132,133,134,135,136,137,138,139,141,142,143,144,145,146,147,148,149,150,151,152,153,154,155,156,158,159,160,161,162,164,165,166,167,168,169,170,171,172,173,175,176,178,179,180,181,182,183,184,185,186,187,188,189,191,192,193,194,195,196,197,198,199,200,201,203,204,205,206,207,208,209,210,211,212,213,214,215,216,217,218,219
53,54,55,57,58,59,60,62,63,64,65,66,67,68,69,70,71,72,73,74,75,76,77,78,79,80,81,82,83,84,86,87,88,89,90,91,92,93,94,95,96,97,98,99,100,101,102,103,104,105,106,107,108,109,110,111,112,114,115,116,117,118,119,120,121,122,123,124,125,126,127,128,129,130,131,132,133,134,135,136,137,138,139,140,141,142,143,144,145,146,147,148,149,150,151,152,153,154,155,156,157,158,159,160,161,162,163,165,166,167,168,169,170,171,172,173,174,175,176,177,178,179,180,181,182,183,184,185,186,187,188,189,190,191,192,193,194,195,196,197,198,199,200,201,202,203,204,205,206,207,208,209,210,211,212,213,214,215,216,217,218
54,55,56,57,58,60,61,62,64,65,66,68,69,70,71,72,73,74,75,76,77,78,79,80,81,82,83,85,86,87,88,89,90,92,93,94,95,96,98,99,100,101,102,103,104,105,106,107,108,109,110,111,112,113,115,117,118,119,120,121,122,123,124,126,127,128,129,130,131,132,133,134,135,136,137,138,139,140,141,142,144,145,146,147,148,149,150,152,153,154,155,156,157,158,159,160,161,162,165,166,167,168,169,170,171,172,173,174,175,176,178,179,180,181,182,183,184,185,186,187,188,189,190,191,193,194,195,196,197,199,200,201,203,204,205,206,207,208,209,210,211,212,213,215,216,217,218,219
55,57,58,59,60,61,62,63,64,66,67,68,69,72,73,74,75,76,77,78,79,80,82,83,84,85,86,87,88,89,90,92,93,94,95,97,98,99,100,101,102,103,104,106,107,108,109,110,111,112,113,114,115,116,117,118,119,120,121,122,123,124,125,126,127,128,129,130,131,132,133,134,135,136,137,138,139,140,141,142,143,144,145,146,147,148,149,150,151,152,153,154,155,158,159,160,161,162,163,164,165,166,168,169,170,171,172,173,174,175,176,177,178,179,180,181,182,183,184,185,186,187,188,189,190,191,192,193,195,196,197,198,199,200,201,202,203,204,205,206,207,208,209,210,211,212,213,214,215,217,218,219
56,57,58,59,60,61,62,63,64,65,66,67,68,69,70,71,72,73,75,76,77,78,79,80,81,82,83,84,85,86,87,88,89,90,91,92,93,94,95,96,97,98,100,101,102,103,105,106,107,108,109,110,111,112,113,114,115,116,117,118,119,120,121,122,123,124,125,126,127,128,129,130,132,133,135,136,137,138,139,140,141,142,143,144,145,146,147,148,149,150,151,152,153,154,155,156,157,158,159,160,161,162,163,164,166,167,168,169,170,171,173,174,175,176,177,178,179,180,181,182,183,184,185,186,187,188,189,190,191,192,193,194,195,197,199,200,201,202,203,204,206,207,208,209,210,211,212,213,214,215,216,218,219
57,58,59,60,61,62,63,64,65,66,68,69,70,71,72,73,74,75,76,77,78,79,80,81,82,83,84,85,86,87,88,89,90,91,92,93,95,96,97,98,99,100,101,102,103,104,105,106,107,108,109,110,111,112,113,114,115,116,117,118,119,120,121,122,124,125,127,129,130,131,132,133,135,136,137,138,139,140,141,142,143,144,145,146,147,148,149,150,151,152,153,154,155,157,158,159,160,161,162,163,164,165,166,168,169,170,171,173,174,175,177,178,179,181,182,183,184,185,186,187,188,189,190,191,192,193,194,195,197,198,199,200,201,202,203,204,205,206,207,208,209,210,211,212,213,214,215,217,218,219
58,59,60,61,62,63,64,65,66,67,68,69,70,71,72,73,74,75,76,77,78,79,80,81,83,84,85,86,87,88,89,90,91,92,93,94,95,96,97,98,99,100,101,102,103,104,105,106,107,108,110,111,113,114,115,116,117,118,119,120,121,122,123,124,125,126,127,128,129,130,131,132,133,134,136,137,138,139,140,141,142,143,144,145,146,147,148,149,150,151,152,153,154,155,156,157,158,159,160,161,162,163,164,165,166,167,168,171,172,174,175,177,178,179,180,181,182,183,184,185,186,187,188,189,190,191,192,193,194,195,196,197,198,199,200,201,202,203,204,205,206,207,208,209,210,211,213,214,215,216,217,218,219
59,60,61,62,63,64,65,66,68,69,70,71,72,73,74,75,76,78,79,80,81,82,83,84,85,86,87,88,89,90,91,93,94,95,96,97,98,99,100,101,102,103,104,105,106,107,108,109,111,112,113,114,115,116,117,118,119,122,126,127,128,129,130,131,132,133,134,135,136,137,138,139,140,141,142,143,144,145,146,148,149,150,151,152,153,154,155,157,158,159,160,161,162,163,164,165,166,167,168,169,170,171,172,173,174,175,176,178,180,181,182,183,184,186,187,188,190,191,192,193,194,195,196,197,198,200,201,202,203,204,205,206,207,209,212,213,214,215,216,217,218,219
60,61,62,63,64,65,66,67,69,70,72,73,74,75,76,77,78,79,80,81,82,83,84,85,86,87,88,89,90,92,94,95,96,97,98,99,100,101,102,103,104,105,106,107,108,109,110,111,112,113,114,115,116,117,118,120,121,122,123,124,125,126,127,128,129,130,131,132,133,134,135,136,137,138,139,140,141,142,143,144,145,146,147,148,149,151,153,154,155,156,157,158,159,160,161,162,163,164,165,166,167,168,169,170,171,172,173,175,176,177,178,179,180,181,182,183,184,185,186,187,188,189,190,191,192,193,194,195,196,197,200,201,202,203,204,205,206,207,209,210,211,212,213,215,216,217,218
61,62,63,64,65,67,68,69,70,71,72,73,74,75,76,77,78,79,81,82,83,84,85,86,87,88,90,91,92,94,95,96,97,98,100,101,102,103,104,106,107,108,109,111,112,113,114,115,116,117,118,119,120,121,122,123,124,125,126,127,128,129,130,131,132,133,134,135,136,137,138,140,141,142,144,145,146,147,148,149,150,152,153,154,156,157,158,159,160,161,162,165,166,167,168,169,171,172,173,174,175,176,177,178,179,181,182,183,184,185,186,187,188,189,191,192,193,194,195,196,197,198,199,200,201,203,204,205,206,207,208,209,210,211,213,214,215,216,217,218,219
62,63,64,65,66,67,68,69,70,71,72,73,74,75,76,77,78,79,80,81,82,83,84,86,87,88,89,90,91,92,93,94,95,96,97,98,100,101,102,104,105,106,107,108,109,110,111,112,113,114,115,116,117,118,119,120,122,123,124,125,126,127,128,129,130,131,132,133,134,135,136,137,138,139,140,141,142,143,145,146,147,149,150,151,152,153,154,155,156,157,158,159,160,161,162,163,164,166,167,168,169,171,172,173,175,176,178,179,180,182,183,184,186,188,189,190,191,192,193,194,195,196,197,198,200,201,202,203,204,205,206,207,209,210,212,213,214,215,216,217,218,219
63,65,66,67,68,69,70,71,72,73,74,75,76,77,78,79,80,81,82,83,84,85,86,87,88,89,90,91,92,93,94,95,96,97,98,99,100,101,102,104,105,107,108,110,111,112,113,114,115,118,119,120,121,122,123,124,125,126,127,128,129,130,131,132,133,134,135,136,137,138,139,141,142,143,144,145,146,147,148,149,150,151,152,153,154,155,156,157,158,159,160,161,163,164,165,166,167,168,169,170,171,172,173,174,175,176,177,178,179,180,181,182,183,184,185,186,187,188,189,190,191,192,193,194,195,196,197,200,201,202,203,204,205,208,209,210,211,212,213,214,215,216,217,218
64,65,66,67,68,69,70,71,72,73,74,75,76,77,78,79,80,82,83,84,85,86,87,88,89,90,91,92,93,95,96,97,98,99,100,101,103,104,106,107,108,109,110,111,112,113,114,115,116,117,118,119,120,121,122,123,124,125,127,128,129,130,131,132,133,134,135,136,137,138,139,140,141,142,143,144,145,146,147,148,149,150,151,152,153,154,156,157,158,159,160,161,162,163,164,165,166,167,168,169,170,171,172,173,174,175,176,177,178,179,181,182,184,185,186,188,189,190,191,192,193,194,195,196,197,198,199,200,201,202,203,204,205,206,207,208,209,210,211,212,213,214,215,216,217,218
65,66,67,68,69,70,71,72,73,75,76,78,79,80,81,82,83,84,85,86,87,88,89,90,91,92,93,94,95,96,97,98,99,101,102,103,104,105,106,107,108,109,110,111,112,113,114,115,116,117,118,119,120,121,122,123,124,125,126,127,128,129,130,131,132,133,134,135,136,137,139,140,141,142,143,145,147,148,149,150,151,152,153,154,156,157,158,159,160,161,162,164,165,166,167,168,169,170,171,172,173,174,175,176,177,178,179,180,182,183,184,185,186,187,188,189,190,191,192,193,194,195,196,197,199,202,203,204,205,206,208,209,210,212,213,214,215,216,217,218,219
66,67,68,69,70,71,73,74,75,77,78,79,80,81,83,84,85,86,87,88,90,91,92,93,95,96,97,98,99,100,101,102,103,105,106,107,108,109,110,111,112,113,114,115,116,117,119,120,121,122,123,124,125,126,127,128,129,130,131,132,133,134,135,136,137,138,139,140,141,142,143,144,145,146,147,148,149,150,151,152,153,154,155,156,157,158,159,160,161,162,163,164,167,168,169,170,172,173,174,175,176,177,178,179,180,181,182,183,184,185,186,187,188,189,190,191,192,193,194,195,196,198,199,200,201,202,203,204,205,206,207,209,210,211,212,214,215,216,217,218,219
67,68,69,70,71,72,73,74,75,76,77,78,79,80,81,83,84,85,86,87,88,89,90,91,92,93,94,95,96,97,98,99,101,102,103,104,105,106,107,108,109,110,111,112,113,114,115,116,118,119,120,121,122,123,124,125,126,127,128,129,131,132,133,134,135,137,138,139,140,141,142,144,145,146,147,148,149,150,152,153,154,155,156,157,158,159,160,161,162,163,164,165,166,167,168,169,170,171,174,175,176,177,178,179,181,182,183,184,185,186,187,188,190,191,192,193,194,195,196,197,198,199,200,201,202,203,204,205,206,207,209,210,211,212,213,214,215,216,217,218,219
68,69,70,72,73,74,75,76,77,78,79,80,81,82,83,84,86,87,88,89,90,91,92,93,94,95,96,97,98,100,101,102,103,104,105,106,107,108,109,110,112,113,114,115,116,117,118,119,121,122,123,124,125,127,128,129,130,131,132,133,134,135,136,137,138,139,140,142,143,144,145,147,149,150,151,152,154,155,156,157,158,159,160,161,162,163,164,165,166,168,169,170,171,173,174,175,176,177,178,179,182,183,184,185,187,188,189,190,192,193,194,195,196,197,198,199,200,201,203,205,206,207,208,209,210,212,213,214,215,216,217,218,219
69,70,71,72,73,74,75,76,77,78,80,82,83,84,85,86,87,88,89,90,91,92,93,95,96,97,98,99,100,101,102,103,105,106,108,109,110,112,113,114,115,116,118,119,120,121,122,123,124,125,126,127,128,129,130,131,132,133,134,135,136,138,139,140,141,142,143,144,146,147,148,149,150,151,152,153,154,155,156,158,159,161,162,163,164,165,166,167,169,170,171,172,173,174,175,177,178,179,180,181,182,183,184,185,186,187,188,189,190,191,192,193,194,195,196,198,199,200,201,202,203,204,205,206,207,208,209,210,211,212,213,214,215,216,217,218,219
70,71,72,73,74,75,76,77,78,79,80,81,82,83,84,85,86,87,88,89,90,91,93,94,95,96,99,101,102,103,104,105,106,107,108,109,110,111,112,113,115,116,117,118,119,121,122,123,124,125,126,127,128,129,130,131,132,133,134,135,136,137,138,139,140,141,142,143,144,145,146,147,148,149,150,151,152,153,154,155,156,157,158,159,160,161,162,164,165,167,168,169,170,171,172,173,174,175,176,177,178,179,180,181,182,183,184,185,186,187,188,189,190,191,192,193,195,196,197,199,200,201,202,203,204,205,206,207,208,209,210,211,212,213,214,215,216,217,218,219
71,72,73,74,76,77,78,79,81,82,84,85,86,87,88,89,90,91,92,93,94,95,96,97,98,99,100,101,103,105,107,108,109,110,111,112,113,114,115,116,117,118,119,120,121,122,123,124,125,126,127,128,130,131,132,133,134,136,137,138,139,140,141,142,143,145,146,147,148,149,150,151,153,154,155,156,157,158,159,160,161,163,164,165,166,167,168,169,170,171,172,173,174,175,176,177,178,179,180,181,182,184,185,186,187,189,190,192,193,194,195,196,197,198,199,200,201,202,203,204,205,206,207,209,210,211,212,213,214,215,216,217,218,219
72,73,74,75,76,78,79,80,81,82,83,84,85,86,87,88,90,91,92,93,94,95,96,97,98,99,100,101,102,103,104,105,106,107,108,109,110,111,112,113,114,115,116,118,119,120,121,122,123,124,125,126,127,128,129,130,131,132,133,134,135,137,138,139,140,141,142,143,144,146,148,149,150,151,152,153,154,155,156,157,158,159,160,162,163,165,166,167,168,169,170,171,172,173,174,175,176,177,179,180,181,182,183,185,186,187,188,189,190,192,193,194,195,196,197,198,200,201,202,203,204,205,206,207,208,209,210,211,212,214,215,216,217,218,219
73,74,75,76,77,79,80,81,82,83,85,86,87,88,89,90,91,92,93,94,96,97,98,99,100,102,103,104,105,106,107,108,109,110,111,112,113,114,115,117,119,120,121,122,123,124,125,126,127,128,129,130,131,132,133,134,135,136,137,138,139,140,141,142,143,144,145,146,147,148,149,150,151,152,153,155,156,157,158,159,160,161,163,164,165,166,167,168,169,170,171,172,173,174,175,177,179,180,181,182,183,184,185,186,187,188,189,190,191,192,193,194,195,196,197,198,199,200,201,202,203,205,206,207,209,210,211,212,213,214,215,216,217,218
74,75,76,77,78,79,80,81,82,83,84,85,86,87,89,90,91,92,93,94,95,96,97,98,99,100,101,102,103,104,105,106,107,108,109,110,111,112,113,114,115,116,117,118,119,120,121,125,126,127,128,129,130,132,133,134,135,136,137,138,139,140,141,142,143,144,146,147,148,149,150,151,152,153,154,155,156,157,158,159,160,161,162,163,164,165,166,167,168,169,170,171,172,173,174,175,176,177,178,179,180,181,182,183,184,185,186,187,188,189,190,191,192,193,194,195,196,197,198,199,200,201,202,203,204,205,206,207,208,210,211,213,214,215,216,217,218,219
75,76,77,78,79,80,81,82,84,85,86,87,89,90,91,92,93,94,95,96,97,98,99,100,101,102,103,104,105,106,108,109,110,111,112,113,114,115,116,117,118,119,120,121,122,123,124,125,126,127,128,129,130,131,132,133,134,135,136,137,138,139,140,141,142,144,146,147,149,150,151,152,153,154,155,156,157,158,159,160,161,162,163,164,165,166,167,168,169,170,171,172,173,174,175,176,177,178,179,180,181,182,183,184,185,186,188,190,191,192,193,194,195,196,197,198,199,200,201,202,203,204,205,206,207,208,209,210,211,212,214,215,216,217,219
76,77,78,79,80,82,83,84,85,86,87,88,89,90,92,93,94,95,96,97,98,99,101,102,103,104,105,106,107,108,110,111,112,113,114,115,116,117,118,119,120,121,123,124,128,129,130,131,132,133,134,135,137,138,139,140,141,142,144,145,146,147,148,149,150,151,152,153,154,155,156,157,158,159,160,161,163,164,165,166,167,168,169,170,171,172,173,174,175,176,177,178,179,180,181,182,183,184,185,186,187,188,189,190,191,192,193,194,195,196,197,198,199,200,201,202,203,204,205,206,208,209,210,211,212,213,214,215,216,217,218,219
77,78,79,81,82,83,84,85,86,87,88,89,91,92,93,94,95,96,97,98,99,100,101,102,103,104,105,106,107,108,109,110,111,112,113,114,115,116,118,119,120,121,122,123,124,125,126,127,128,129,130,131,132,133,134,135,137,138,139,140,141,142,143,144,145,146,147,148,149,150,151,152,153,154,155,156,157,158,159,162,163,164,165,166,167,168,169,171,172,173,174,175,177,178,179,180,182,183,184,185,186,187,188,189,190,191,192,194,195,196,197,198,199,200,201,202,203,205,206,207,208,209,210,211,212,213,214,215,216,217,218,219
78,79,80,81,82,83,85,86,87,88,89,90,91,92,93,94,95,96,97,98,100,101,102,103,104,105,106,107,108,109,110,111,112,113,114,116,118,119,120,121,122,123,124,125,126,127,128,129,130,131,132,133,134,135,136,137,138,139,141,142,143,144,145,146,147,148,150,152,153,154,155,156,157,158,159,160,161,162,163,164,165,166,167,168,169,170,171,172,173,174,175,176,177,178,179,180,181,182,183,184,185,186,187,190,191,192,193,194,195,196,197,198,199,200,201,202,203,204,205,206,207,208,209,210,211,212,213,214,215,216,217,218,219
79,80,81,82,83,84,85,86,87,88,89,90,91,92,93,94,95,96,97,98,99,100,101,102,103,104,105,106,107,108,109,110,112,113,114,115,116,117,118,119,120,121,122,123,124,125,126,127,128,129,130,131,132,133,134,136,137,138,139,140,141,142,143,144,145,146,147,148,149,150,151,152,153,154,155,156,157,158,159,160,161,162,163,164,165,166,167,168,170,171,172,173,174,175,176,177,178,179,180,181,182,183,184,185,186,188,189,190,191,192,193,194,195,196,197,198,199,200,202,204,206,207,208,209,210,211,212,213,214,215,217,219
80,81,82,83,84,85,86,87,88,89,90,91,92,93,95,96,99,100,102,103,104,105,106,107,108,109,110,111,112,113,114,115,116,117,118,119,120,121,122,123,124,125,126,128,129,131,132,133,134,135,136,137,138,139,140,141,142,143,146,147,148,149,150,151,152,153,154,155,156,157,158,159,160,161,162,164,165,166,167,168,169,170,171,172,173,174,175,177,178,179,180,181,182,183,184,185,186,187,188,189,190,191,192,193,194,195,197,198,199,200,201,202,203,204,205,206,207,208,210,211,212,213,214,215,216,217,218,219
81,82,83,84,85,86,87,88,89,91,92,93,94,95,96,97,98,99,100,101,102,103,104,105,107,108,109,110,111,112,113,114,115,116,117,119,120,121,122,123,124,126,127,128,129,130,131,132,133,134,135,136,137,138,139,140,141,142,143,144,145,146,147,148,149,150,151,152,153,154,155,156,157,158,159,160,161,162,163,164,165,166,167,168,169,170,171,172,173,174,175,176,177,178,179,180,181,182,183,184,185,186,187,188,189,190,191,192,193,194,195,196,198,199,202,203,204,205,207,208,209,210,211,212,213,214,215,216,217,218,219
82,83,84,85,86,87,88,89,90,91,92,93,95,97,98,99,100,101,102,103,104,105,106,107,108,109,110,111,112,114,115,116,117,118,119,120,121,122,123,124,125,126,127,128,129,130,131,132,134,135,136,137,139,140,141,142,143,144,146,148,150,151,152,153,154,155,156,157,158,159,160,161,162,163,164,165,167,168,169,170,171,172,173,174,176,177,178,179,180,181,182,183,184,185,187,189,190,191,192,193,194,195,196,197,198,199,200,201,202,203,204,206,208,209,210,211,212,213,214,215,216,217,218
83,84,85,86,87,88,89,90,91,92,93,94,95,96,97,98,100,101,102,103,104,105,106,107,108,109,110,111,112,113,114,115,116,117,118,119,120,121,122,123,124,125,126,128,129,130,131,132,133,134,135,136,137,138,139,140,141,142,144,145,146,147,148,150,151,152,153,154,155,156,157,158,159,160,161,162,163,164,165,166,167,168,169,170,171,172,173,174,175,177,178,179,180,181,182,183,184,185,186,187,188,189,190,191,192,193,194,195,196,197,198,199,200,201,202,203,204,205,206,207,208,209,210,211,212,213,214,215,216,217,218,219
84,87,89,90,91,92,93,94,95,96,97,98,99,100,101,102,104,105,106,107,108,109,110,111,113,114,115,116,117,118,119,120,122,123,124,125,126,127,128,130,131,132,133,134,135,136,137,138,139,140,141,142,143,145,146,147,148,149,150,151,152,154,155,156,157,158,159,160,161,162,163,164,165,166,167,168,170,171,172,173,175,176,177,178,179,180,181,183,184,185,186,187,188,189,190,191,192,193,194,196,197,198,199,200,201,203,204,205,206,207,208,209,210,211,212,214,215,216,217,218,219
85,86,87,88,89,90,91,93,94,96,97,98,99,100,101,102,103,104,105,106,107,108,110,111,114,115,116,117,118,119,120,121,122,123,124,125,126,127,128,129,130,131,132,133,134,135,137,138,139,140,141,142,143,144,145,146,147,149,150,151,152,153,154,155,156,157,158,160,161,162,163,164,165,166,167,168,169,170,171,172,173,174,175,176,177,178,179,180,181,182,183,184,185,186,187,188,189,190,191,192,193,194,195,196,197,198,199,201,202,203,204,205,206,207,208,209,210,211,212,213,214,215,216,217,218,219
86,87,88,89,90,91,92,93,94,95,96,97,98,99,100,101,102,103,104,105,106,107,108,109,110,111,112,113,114,115,116,117,118,119,121,122,123,125,126,127,128,129,130,132,133,134,135,136,137,138,139,140,141,142,143,145,146,147,148,149,150,151,152,153,154,155,156,157,158,159,160,161,162,163,164,165,166,167,168,169,171,172,173,174,175,176,177,178,179,180,181,183,185,186,188,189,190,191,192,193,194,196,197,198,199,200,201,202,203,204,205,206,207,208,209,210,211,212,213,214,215,216,217,218,219
87,88,89,90,91,92,93,94,95,96,97,98,99,100,101,103,104,105,106,107,108,109,110,111,112,113,114,115,116,117,118,119,120,121,122,123,124,125,126,128,129,130,131,132,133,134,135,136,137,138,139,140,141,142,143,144,145,146,147,148,149,150,151,152,153,154,155,156,157,158,159,160,161,162,163,164,165,166,167,168,171,172,174,176,177,178,179,180,181,182,183,184,186,187,188,189,190,191,192,193,194,195,196,197,199,200,201,202,203,204,205,206,207,208,209,210,211,212,213,215,216,217,218,219
88,89,90,91,92,94,95,96,97,98,99,100,102,103,104,106,107,108,109,110,111,112,113,114,115,116,118,120,121,122,123,124,125,126,127,128,129,130,131,132,134,136,137,138,139,140,141,142,143,145,146,147,148,149,150,151,152,153,154,155,156,157,158,159,160,161,162,163,164,166,167,168,170,171,172,173,174,175,176,177,178,179,180,181,182,183,184,185,186,187,188,190,191,192,193,194,195,196,197,198,199,200,201,202,203,204,205,206,207,208,209,210,211,212,213,214,215,216,217,218
89,91,92,93,94,95,96,97,98,99,101,102,103,104,105,107,108,109,110,111,112,114,115,116,117,118,119,120,121,122,123,124,125,127,128,129,130,131,132,133,134,135,137,138,139,140,141,142,143,144,145,146,147,148,149,150,152,155,156,157,159,160,161,162,163,165,166,167,168,169,170,171,172,173,174,175,176,177,178,179,180,181,182,183,184,185,186,187,189,190,191,192,193,194,195,196,198,200,201,202,203,204,205,206,207,208,209,210,211,212,214,215,216,217,218,219
90,91,92,93,94,95,96,97,98,99,101,102,103,105,106,107,108,109,110,111,112,113,114,115,116,117,118,119,120,121,122,123,124,125,126,127,128,129,131,132,133,134,135,136,137,138,141,142,143,145,146,147,148,149,150,151,152,153,154,155,156,157,158,159,161,162,163,164,165,166,167,168,169,170,171,172,173,174,175,176,177,178,179,180,181,182,183,184,185,186,187,188,189,191,192,193,195,196,197,198,199,200,201,203,204,206,207,208,209,210,212,213,214,215,216,218,219
91,92,93,94,95,96,97,99,100,101,102,103,104,105,106,107,108,110,111,112,113,114,115,116,117,118,119,120,121,122,123,124,125,126,127,128,130,131,132,133,134,135,136,137,139,140,141,142,143,145,146,147,148,149,151,152,153,154,155,157,158,159,160,162,163,164,165,167,168,169,170,171,172,173,175,176,177,178,179,180,181,182,183,186,187,188,189,191,192,193,194,195,196,197,198,199,200,201,202,203,204,205,206,207,208,209,210,211,212,213,214,215,216,217,218,219
92,93,94,95,96,97,98,99,100,101,102,103,105,106,107,108,109,110,111,113,114,115,116,117,119,120,121,122,123,124,125,126,127,128,129,131,132,133,134,135,136,137,138,139,140,141,143,144,145,146,147,148,149,150,151,152,153,155,156,157,158,159,160,161,162,163,164,165,166,167,168,169,170,171,172,173,174,175,176,177,178,179,180,181,182,183,184,185,186,188,189,190,191,192,193,195,196,197,198,199,200,201,202,203,204,205,206,207,208,209,210,211,212,213,214,215,216,217,219
93,95,96,97,98,99,100,101,102,103,104,105,106,108,109,110,111,112,113,114,115,116,117,118,119,120,121,122,123,124,125,126,127,128,129,130,131,132,133,134,135,136,137,138,139,140,141,142,143,144,145,146,147,148,149,150,151,152,154,155,156,157,158,160,161,162,163,164,165,166,167,168,170,171,172,173,174,175,176,177,178,179,180,181,182,183,184,185,186,188,189,190,191,192,193,194,195,196,197,198,199,200,201,202,203,204,205,206,207,208,209,210,212,213,214,215,216,217,218,219
94,95,96,97,98,99,100,101,102,103,104,105,106,107,108,110,111,112,113,114,115,116,117,118,119,120,121,122,123,124,125,126,127,128,129,130,131,132,133,134,135,136,137,138,139,140,141,142,143,144,145,146,147,148,149,150,151,152,153,154,155,156,157,158,159,160,161,162,163,164,165,166,167,168,169,170,171,172,173,174,175,176,177,178,179,180,181,182,183,184,185,186,187,188,189,190,191,192,193,194,195,196,197,198,199,200,201,202,203,204,205,206,207,208,209,210,211,212,213,214,215,216,217,218,219
95,96,97,98,99,100,101,103,104,105,106,107,108,109,110,111,112,113,114,117,118,119,120,121,122,123,124,125,126,127,128,129,131,132,133,134,135,136,137,138,139,140,142,143,144,145,146,147,148,149,150,151,152,153,155,156,157,158,159,160,161,162,163,164,165,166,168,169,170,171,172,173,174,175,176,177,178,180,181,182,183,184,185,186,187,188,189,190,191,192,193,195,196,197,198,199,200,201,202,203,204,205,206,207,208,209,210,212,213,214,215,216,217,218,219
96,97,98,99,100,101,102,103,104,105,106,107,108,109,110,111,112,113,114,115,116,117,118,120,121,122,123,124,125,126,127,130,131,132,133,134,135,136,137,139,140,141,143,144,145,146,147,148,149,150,151,152,153,154,155,156,157,158,160,161,162,164,165,166,167,168,169,170,171,172,173,175,176,177,178,180,181,182,183,184,185,186,187,189,190,192,193,194,195,196,197,198,199,200,201,202,204,205,206,207,208,209,210,211,212,213,214,215,216,217,218
97,98,99,101,102,103,104,105,106,107,108,109,110,111,112,113,114,115,116,117,118,119,120,121,122,123,124,125,126,127,128,129,130,131,132,133,136,137,138,139,141,143,144,145,146,147,148,149,151,152,153,154,155,156,157,158,159,160,161,162,164,165,166,167,168,169,170,171,172,174,175,176,177,178,179,180,181,182,183,184,185,186,187,188,189,190,191,192,193,194,195,196,197,198,199,200,201,202,203,204,205,206,207,208,209,210,211,213,214,215,216,217,218,219
98,99,100,101,102,103,104,105,106,107,108,109,110,111,112,113,114,115,116,117,118,119,120,121,122,123,124,125,126,127,128,129,131,132,133,134,135,136,137,138,139,140,141,142,143,144,145,146,147,148,149,150,151,152,153,154,155,156,157,158,159,160,161,162,163,164,165,166,167,168,169,170,172,173,174,175,176,177,179,180,181,182,183,184,185,186,187,188,189,190,191,192,193,194,195,196,197,198,199,200,201,203,204,205,206,207,208,209,210,211,212,213,214,216,217,218,219
99,100,102,103,104,106,107,108,109,110,111,112,113,114,115,116,117,118,119,120,121,122,123,125,126,127,128,129,130,131,132,134,135,136,137,138,140,141,142,143,144,145,146,147,148,149,150,151,152,153,154,155,156,157,158,159,160,161,162,163,164,165,166,167,168,169,170,171,173,174,175,176,177,178,179,180,181,182,183,184,185,186,187,188,189,191,192,193,194,195,196,197,198,199,200,201,202,203,204,205,206,207,208,209,210,211,212,213,214,215,216,217,218,219
100,101,102,103,104,106,107,108,109,110,112,113,114,115,116,117,118,119,120,121,123,124,125,126,127,129,130,131,132,133,134,135,136,137,138,139,140,141,142,143,144,145,146,147,148,149,150,151,152,153,154,155,156,157,158,159,161,162,163,164,165,166,167,168,169,170,171,172,173,175,176,177,178,179,180,181,182,183,185,186,187,188,189,190,191,192,193,194,195,196,197,198,199,200,201,202,203,204,205,207,208,209,210,211,212,213,214,215,216,217,218,219
101,102,103,104,105,106,107,108,109,110,111,112,113,114,115,116,117,118,119,120,121,122,123,124,125,126,127,128,129,130,132,133,135,136,137,138,140,141,142,143,144,145,147,148,149,150,151,152,153,154,155,157,158,159,160,161,162,163,164,165,166,167,168,169,170,171,172,173,174,175,176,177,178,179,180,181,182,183,184,185,186,187,188,189,190,191,193,194,195,196,197,198,199,200,201,202,203,204,205,206,207,208,209,210,211,212,213,214,216,217,219
102,103,104,105,106,108,109,110,111,112,113,114,115,116,117,118,119,120,121,122,123,124,125,126,127,129,130,132,133,134,135,136,137,138,139,140,142,143,144,145,146,147,148,149,150,151,152,153,154,155,156,157,158,159,160,162,163,164,165,166,167,168,169,170,171,173,174,175,176,177,178,179,180,181,182,183,184,185,186,187,188,189,190,191,192,193,194,195,196,197,198,199,200,202,203,204,205,206,207,208,209,210,211,212,213,214,215,216,217,218,219
103,104,105,106,107,108,110,111,112,113,114,115,116,117,118,119,120,121,122,123,124,125,126,127,128,129,130,131,132,133,134,135,136,137,138,139,140,141,142,143,144,145,146,147,148,149,150,151,152,153,154,155,156,157,158,159,161,162,163,164,165,166,167,168,169,170,171,172,173,174,175,176,177,180,181,182,183,184,185,186,187,188,189,190,191,192,193,194,195,197,198,200,201,202,203,204,205,206,207,208,209,211,212,213,214,215,216,217,219
104,107,108,111,112,113,114,115,116,118,119,120,121,122,123,124,125,126,128,129,130,131,132,134,135,136,137,138,139,141,142,143,144,145,146,147,148,149,150,152,153,154,155,156,157,158,159,160,161,162,163,164,165,166,167,168,169,170,171,172,173,174,175,176,177,179,180,181,182,183,184,185,186,187,188,189,190,191,192,193,194,196,197,198,199,200,201,202,203,205,206,207,208,209,210,211,212,213,214,215,216,217,219
105,106,107,109,110,111,112,113,114,115,116,117,118,119,120,121,122,123,124,125,126,127,128,129,131,132,133,134,135,136,137,138,139,140,141,142,143,144,145,146,147,148,149,150,151,152,153,154,155,156,157,158,159,160,161,162,163,164,165,166,168,169,170,171,172,173,174,175,176,177,178,179,180,181,182,183,184,185,186,188,189,190,191,192,193,194,195,196,197,198,199,200,201,202,203,204,205,206,208,209,211,212,213,214,215,216,217,218,219
106,107,108,109,110,111,112,113,114,115,116,117,118,119,120,121,122,123,124,125,126,127,128,129,130,132,134,135,136,137,138,139,140,142,143,144,145,146,147,148,149,150,151,152,153,154,155,158,159,160,161,162,163,164,165,166,167,168,169,171,173,174,175,176,177,178,179,180,181,182,183,184,185,186,187,189,190,191,192,193,195,196,197,198,199,200,201,202,203,204,205,206,207,208,209,210,211,212,213,214,215,216,217,218,219
107,108,109,110,111,113,114,115,116,117,118,119,120,121,122,123,124,125,126,127,128,129,130,131,132,133,134,135,136,137,138,139,140,141,142,143,144,145,146,147,148,149,150,152,153,154,155,156,158,159,160,161,162,163,164,165,166,167,168,170,171,172,173,174,175,176,177,178,179,180,181,182,183,184,185,186,187,188,189,191,192,193,194,195,196,197,198,199,203,204,206,207,208,209,210,211,212,213,214,215,216,217,218,219
108,109,110,111,112,113,114,115,116,117,118,119,120,121,122,123,124,125,126,127,128,129,130,131,132,133,134,135,136,137,138,139,140,142,143,144,145,146,147,148,149,150,151,152,154,155,156,157,158,159,160,161,162,163,164,165,166,167,168,169,170,171,172,173,174,175,176,177,178,179,180,181,182,183,184,185,186,187,188,189,191,192,193,194,195,196,197,198,199,200,201,202,203,205,206,207,208,209,210,211,212,213,214,215,216,217,218,219
109,110,111,112,114,115,116,119,120,121,122,123,124,125,126,127,128,129,130,131,132,134,135,136,138,139,140,141,142,144,145,146,147,148,151,153,154,155,156,157,158,159,160,161,162,164,165,166,167,168,169,170,172,175,176,177,178,179,180,181,182,183,184,185,186,187,188,189,190,191,192,193,194,195,196,197,198,199,200,201,203,204,205,206,207,208,210,211,212,215,216,218,219
110,111,112,113,114,115,116,117,118,119,120,121,122,123,124,125,128,129,130,131,132,134,135,136,137,138,139,140,141,143,144,145,146,147,148,149,150,151,152,153,154,155,156,157,158,159,160,161,163,164,165,166,167,168,170,171,172,173,174,175,177,178,179,180,181,182,183,185,186,187,189,190,191,192,193,194,195,196,197,198,199,200,201,202,203,204,205,206,207,208,209,210,211,212,213,214,215,216,217,218,219
111,113,114,115,116,117,118,119,120,121,122,123,124,125,126,127,128,129,130,131,132,133,134,135,136,137,138,139,140,141,142,143,144,145,147,148,149,150,151,153,154,155,156,157,158,159,160,161,162,163,164,165,166,168,169,170,171,172,173,174,175,176,177,178,179,180,181,182,183,184,185,186,187,188,189,190,191,192,193,194,195,196,197,198,199,200,201,202,203,204,205,206,207,208,209,211,212,214,215,216,217,218,219
112,113,115,118,120,121,122,123,124,125,126,127,129,130,131,132,133,134,135,136,137,138,139,140,141,142,143,144,145,146,147,148,149,150,151,152,153,154,155,156,157,158,159,160,161,162,163,164,166,167,168,169,170,171,172,173,174,175,176,177,178,179,180,181,182,183,184,185,186,187,188,189,190,191,192,193,194,195,196,197,198,199,200,201,202,203,205,206,207,208,209,210,211,212,213,214,215,216,217,218,219
113,114,115,116,117,118,119,120,122,123,124,125,126,127,128,129,130,131,132,133,134,135,136,137,138,139,140,141,142,143,144,145,146,147,148,149,150,151,152,153,154,155,156,157,158,159,161,162,163,164,165,166,167,168,169,171,172,174,175,176,177,178,180,181,182,183,184,185,186,187,188,190,191,193,194,195,196,197,198,200,201,202,203,204,205,206,207,210,211,212,213,214,215,217,218,219
114,115,116,117,118,119,120,121,122,124,125,127,128,129,130,132,133,134,135,136,137,138,139,140,141,142,143,144,146,147,149,151,152,153,154,155,156,157,158,159,160,162,163,164,165,166,167,168,169,170,172,173,174,175,176,177,179,180,181,182,183,185,186,187,188,189,191,193,194,195,196,197,198,199,200,201,202,205,206,207,208,209,210,211,212,213,214,215,216,217,218,219
115,116,117,119,120,121,122,123,124,125,126,127,128,129,130,131,132,133,134,135,136,138,139,142,143,144,145,146,147,148,149,150,151,152,153,154,155,156,157,158,159,160,162,163,164,165,166,167,168,169,171,172,173,174,175,176,177,178,179,180,181,182,184,185,186,188,189,190,191,193,194,195,196,197,198,199,200,201,202,203,204,205,206,207,208,209,210,211,212,214,216,217,218,219
116,117,118,119,120,121,122,124,125,126,127,128,129,130,131,132,133,134,135,136,138,139,140,141,142,143,144,145,146,147,148,149,150,151,152,154,155,156,157,159,160,161,162,163,165,166,168,169,170,171,172,174,175,176,177,178,179,180,181,184,185,186,187,188,189,190,191,192,193,194,195,196,197,198,200,201,202,203,204,205,206,207,208,209,210,211,212,213,214,215,216,217,218,219
117,119,120,122,123,124,125,126,127,128,129,130,131,132,133,134,135,136,137,138,139,140,141,142,143,144,145,146,149,150,151,152,153,154,155,156,157,158,159,160,161,162,163,164,165,166,167,168,169,170,171,172,173,174,175,176,177,178,179,180,181,182,183,184,185,186,187,188,189,191,192,193,194,195,196,197,198,199,200,201,202,203,204,205,206,207,208,209,210,211,212,213,214,215,217,218,219
118,119,120,122,123,124,125,126,127,128,129,130,131,132,133,134,135,136,137,138,139,140,141,142,143,144,145,146,147,148,149,150,151,152,153,154,155,156,157,158,159,160,161,162,163,164,165,168,169,170,171,172,173,174,175,176,177,178,179,180,181,184,185,186,187,188,189,191,192,193,194,195,196,197,198,199,200,202,203,204,205,206,207,208,209,211,212,213,214,215,216,217,218,219
119,120,121,122,123,124,125,126,128,129,130,131,132,133,134,135,136,137,139,140,142,143,144,145,146,147,148,149,150,152,153,154,155,156,157,158,159,160,162,163,164,165,166,167,168,169,170,171,172,173,174,175,176,177,178,179,180,181,182,183,184,185,186,187,188,189,190,191,192,193,194,196,197,198,199,200,201,202,203,204,205,206,207,208,210,211,212,213,214,215,216,217,218,219
120,121,122,123,124,125,126,127,128,129,130,131,132,133,134,135,136,137,138,141,142,143,145,146,147,148,149,150,151,152,153,154,155,156,157,158,159,160,161,162,163,164,165,166,167,168,169,170,171,172,173,174,175,176,177,179,180,181,183,184,185,186,187,188,189,190,191,192,193,194,195,196,197,198,199,200,201,202,203,204,207,208,209,210,211,212,214,215,216,217,218,219
121,122,123,124,125,126,127,128,129,130,131,132,133,134,135,136,137,138,140,141,142,143,144,145,147,148,149,150,151,153,154,155,156,157,159,160,161,162,163,164,165,166,167,169,170,171,172,173,174,175,176,177,178,179,180,181,182,183,184,185,186,187,188,189,190,191,192,193,194,195,196,197,198,199,200,201,202,204,205,206,207,208,209,210,212,213,214,215,216,217,218,219
122,123,124,125,126,127,128,129,130,131,132,133,134,135,136,137,138,140,141,142,143,144,145,146,147,148,149,150,152,153,154,155,156,157,158,159,161,162,163,164,165,166,167,168,169,170,171,172,173,174,175,176,177,178,179,180,181,183,184,185,186,187,188,189,190,191,192,193,194,195,196,197,198,199,200,201,202,203,204,205,206,207,208,209,210,211,212,213,214,216,217,218,219
123,124,125,126,127,128,129,130,131,132,133,134,135,136,137,138,139,140,141,142,143,144,145,146,147,148,149,150,151,152,153,154,155,156,157,158,159,160,161,162,163,164,165,166,167,168,169,170,171,172,173,175,176,178,179,180,181,182,183,184,185,186,187,188,189,191,192,193,194,195,196,197,198,199,200,202,203,204,205,206,207,208,209,210,211,212,213,214,215,216,217,218,219
124,125,126,127,128,129,130,131,132,133,134,135,136,138,139,140,141,142,143,144,145,146,147,149,151,152,153,154,155,156,157,158,159,160,161,162,163,164,165,166,167,168,170,171,172,173,174,175,176,177,178,179,180,181,182,183,184,186,187,188,189,191,192,193,194,195,197,198,199,200,201,203,204,205,206,207,208,209,210,211,212,213,214,216,217,218,219
125,126,127,130,131,132,133,134,135,136,137,138,139,141,143,144,145,146,147,148,149,150,151,153,154,155,156,157,159,160,162,163,164,165,166,167,168,169,170,171,172,174,175,176,177,178,179,180,181,182,183,184,185,186,188,189,190,191,192,193,194,195,196,197,198,199,200,201,202,203,205,206,207,208,209,210,211,212,213,214,215,216,217,218,219
126,127,128,129,130,131,132,135,136,137,138,139,140,141,143,144,145,146,147,148,149,150,151,153,154,155,157,158,159,160,161,162,163,164,165,166,167,168,169,170,171,172,173,174,175,176,177,178,179,180,181,182,184,185,186,187,188,189,190,191,192,193,195,196,197,198,199,200,201,202,204,205,206,207,208,209,210,211,212,214,215,216,217,218,219
127,128,129,130,131,132,133,134,135,136,137,138,139,140,141,142,143,144,145,146,147,148,149,151,152,153,155,157,158,159,160,161,163,165,166,167,168,169,170,171,172,173,174,175,176,177,178,179,180,181,182,183,184,185,186,187,188,189,190,191,194,195,196,197,198,199,200,201,202,203,205,206,209,210,211,212,213,214,215,216,217,218,219
128,129,130,131,132,133,134,135,136,137,138,139,140,141,142,143,144,145,146,147,149,150,151,152,153,154,155,156,157,158,159,160,161,163,164,165,166,167,168,169,170,171,172,173,174,175,176,177,178,179,180,181,182,183,185,186,187,188,189,191,192,193,194,195,196,197,198,199,200,201,202,203,204,205,206,207,208,209,210,211,212,213,214,215,216,218,219
129,130,131,132,133,134,135,136,137,139,140,141,142,143,144,145,146,147,148,149,150,151,152,153,154,155,156,157,159,160,161,162,163,164,165,166,167,168,169,170,171,172,173,175,176,177,179,180,181,182,183,184,185,187,188,189,190,191,192,194,195,196,197,198,199,200,201,202,203,204,205,206,207,208,209,210,211,212,213,214,217,218
130,131,132,133,134,135,137,138,139,140,141,142,143,145,146,147,149,150,151,152,153,154,155,156,157,158,159,160,161,162,163,164,165,166,167,168,169,170,171,173,174,177,178,179,180,181,182,183,185,186,187,188,189,190,191,192,193,194,195,196,197,199,200,201,202,203,204,205,207,208,209,210,211,212,213,214,215,216,217,218,219
131,132,133,134,135,136,137,138,139,140,143,144,145,146,147,148,149,150,151,152,153,154,155,156,157,158,159,160,161,162,163,165,166,167,168,170,171,172,173,175,176,177,178,179,180,181,182,183,184,185,186,187,188,189,190,191,192,193,194,195,196,197,198,199,200,201,202,203,204,205,206,207,208,209,210,211,212,213,214,215,216,217,218,219
132,134,135,136,137,138,139,140,141,142,143,144,145,146,147,148,149,150,151,152,153,154,155,156,157,158,159,160,161,162,163,164,165,166,167,168,169,170,171,172,174,175,176,177,178,179,180,181,182,183,184,187,188,189,190,191,192,193,194,195,196,197,198,200,201,202,204,205,206,207,208,209,210,211,212,213,214,215,216,217,218,219
133,134,135,136,137,138,141,142,143,146,148,150,151,152,154,155,156,157,158,159,160,161,162,163,164,165,166,167,168,169,170,171,172,173,174,175,176,177,178,179,180,181,182,183,184,185,186,187,188,190,191,192,193,194,196,197,198,199,200,201,202,203,204,205,206,207,208,209,210,211,212,213,214,215,216,217,218,219
134,135,136,137,138,139,140,141,142,143,144,145,146,148,149,150,151,152,153,154,155,156,157,158,159,160,161,163,164,165,166,167,168,169,170,171,172,173,174,175,176,177,178,180,181,182,183,184,185,187,188,189,190,191,193,194,195,196,197,198,199,200,201,202,203,204,205,208,211,212,213,214,215,216,217,218,219
135,136,137,138,139,140,141,142,144,145,146,147,148,149,150,151,152,154,155,156,157,158,159,160,161,162,163,164,165,166,167,168,170,171,172,173,174,175,176,177,178,179,180,181,183,184,185,186,187,189,190,192,193,194,195,196,197,198,200,201,202,203,204,205,206,207,208,209,210,211,212,213,214,216,217,218
136,137,138,139,140,141,143,145,147,148,149,150,151,153,154,155,156,157,158,160,161,162,163,164,165,166,167,168,169,170,171,172,173,174,175,176,177,178,179,180,181,182,183,184,185,186,187,188,190,191,192,194,196,197,198,199,200,201,202,204,205,206,207,208,209,210,211,212,213,214,215,216,218,219
137,138,139,140,141,142,143,144,145,146,147,148,149,150,151,153,154,155,156,157,158,159,160,161,162,163,165,166,167,168,169,170,171,172,173,174,175,176,177,179,181,182,183,184,185,186,189,190,191,192,193,194,195,197,198,199,200,201,202,203,204,205,206,207,208,209,210,211,212,213,214,215,216,217,218,219
138,139,140,141,142,143,144,145,146,147,149,150,151,152,153,154,155,156,157,158,159,160,161,162,163,164,165,166,167,169,170,172,173,175,176,177,178,179,180,181,182,183,184,185,187,188,189,190,191,192,193,194,195,196,197,198,199,200,201,202,203,204,205,207,208,209,210,211,212,213,214,215,216,217,218,219
139,141,142,143,144,145,146,147,148,149,150,151,153,154,155,156,157,158,159,160,161,162,163,164,165,166,167,168,169,170,171,172,173,174,175,176,177,178,179,180,181,182,183,184,185,186,187,188,190,191,192,193,194,197,198,199,200,201,202,203,204,206,207,208,209,210,212,213,214,215,216,217,218,219
140,141,143,144,146,147,148,149,150,151,152,154,155,156,158,160,161,162,163,164,165,166,167,168,169,170,171,172,173,175,177,178,179,180,182,183,184,186,187,188,189,190,191,192,193,194,195,196,197,198,199,200,201,202,203,204,205,207,208,210,211,212,213,214,216,217,218,219
141,142,143,144,145,146,147,148,149,150,152,153,154,155,156,157,158,159,160,161,162,163,164,165,166,167,168,169,172,173,174,177,178,179,180,181,182,183,186,187,188,189,190,191,192,193,194,195,196,197,198,199,200,201,202,203,204,205,206,207,208,209,210,212,213,214,215,216,217,219
142,143,144,145,146,147,148,149,150,151,152,153,154,155,156,157,158,159,160,161,163,164,165,166,167,168,169,170,171,172,173,174,175,176,177,178,179,180,181,182,183,184,185,186,187,188,189,190,191,193,194,195,196,197,198,199,201,202,203,204,207,208,210,211,212,213,214,215,216,217,218,219
143,144,145,146,147,148,149,150,151,152,153,154,155,156,157,158,159,160,161,162,163,164,165,166,167,168,169,170,172,173,174,175,176,177,178,179,180,181,182,183,184,185,186,187,188,189,190,191,192,193,194,195,196,197,198,199,200,202,203,204,205,206,207,208,209,210,212,213,214,215,216,217,218,219
144,145,146,147,148,149,150,152,153,154,155,156,157,158,159,161,162,163,166,167,168,169,170,171,172,173,174,175,176,177,178,179,180,181,182,183,184,185,186,187,188,189,190,191,192,193,194,195,196,197,198,199,200,203,204,205,208,209,210,211,212,213,214,215,216,217,218,219
145,146,147,148,151,152,153,154,155,156,157,158,160,161,162,163,164,165,166,167,168,169,170,171,172,173,174,175,177,178,179,180,181,182,183,184,185,186,187,188,189,190,191,193,194,195,196,198,199,200,201,202,203,204,205,206,207,208,209,210,211,213,214,215,216,217,218,219
146,147,150,151,152,153,154,155,156,157,158,159,160,161,162,163,164,165,166,167,168,169,170,171,172,173,174,175,176,177,178,179,180,181,182,183,184,185,186,187,188,189,191,192,194,195,196,197,198,199,200,201,202,203,204,205,206,207,208,209,210,211,212,213,214,215,216,217,218,219
147,148,149,150,151,152,153,154,156,157,158,159,160,161,162,163,164,165,166,168,169,170,171,172,173,174,175,176,177,178,179,180,181,182,183,184,185,186,187,188,189,190,191,192,193,194,195,196,197,198,199,200,201,202,203,204,205,206,207,208,209,210,211,212,213,214,215,216,217,218,219
148,149,150,151,152,153,154,157,159,160,161,162,163,164,165,166,168,169,170,171,172,173,174,175,176,177,178,179,180,181,182,183,184,185,186,187,188,189,190,191,192,193,194,195,196,197,198,199,201,202,203,204,205,206,207,208,210,211,212,213,214,215,216,217,218,219
149,150,151,152,153,154,156,157,158,159,160,161,162,163,164,165,167,168,169,170,171,172,174,175,177,178,180,181,182,183,184,185,186,187,188,189,190,191,192,193,194,195,196,197,198,199,200,201,204,205,206,207,208,209,210,211,212,213,214,215,216,217,218
150,151,152,153,154,155,156,157,158,159,160,161,162,163,164,165,166,168,170,171,172,173,174,175,176,177,178,179,180,181,182,183,184,185,186,187,188,189,190,192,193,194,195,196,197,198,199,200,201,202,203,204,205,206,207,208,210,211,212,213,214,215,216,217,218,219
151,152,153,154,155,156,157,158,159,160,161,162,163,164,165,166,167,168,170,171,173,174,175,176,177,179,181,182,183,184,185,186,187,188,189,190,192,193,194,195,196,198,199,200,201,202,203,204,205,206,207,208,209,210,211,212,213,214,215,216,217,218,219
152,153,154,155,157,158,159,160,161,162,163,164,165,166,167,168,170,171,172,173,174,175,176,178,179,180,181,182,183,184,185,186,187,188,189,190,191,192,193,194,195,196,198,199,200,201,202,203,205,206,208,209,210,211,212,213,214,215,217,218,219
153,154,155,156,157,158,159,160,161,162,163,164,165,166,167,168,169,170,171,172,173,174,175,176,177,178,179,180,181,182,183,184,185,187,188,189,190,191,192,193,194,195,197,198,199,200,201,202,203,204,205,206,207,208,209,210,212,213,214,215,216,218,219
154,155,156,157,158,159,160,161,162,163,164,165,166,167,169,171,172,173,174,175,176,177,178,179,180,181,182,183,184,185,186,187,188,189,190,191,192,193,194,195,196,197,198,199,200,201,202,203,204,205,206,207,208,209,210,211,212,213,214,215,216,217,218
155,156,157,158,161,162,163,164,165,166,167,168,169,170,171,172,173,175,176,177,178,179,180,181,182,183,184,185,186,188,189,190,191,193,194,195,196,197,198,199,201,202,203,205,206,207,208,209,210,211,213,214,215,216,218
156,157,158,159,160,161,162,163,164,165,166,167,168,170,171,172,173,174,175,176,177,178,179,180,181,182,183,184,185,186,187,188,189,190,191,193,194,195,196,197,198,199,200,201,202,203,204,205,206,207,208,209,210,211,212,213,214,215,216,217,218,219
157,158,159,160,161,162,163,164,165,167,168,170,171,172,173,174,175,176,177,178,179,180,181,182,183,184,185,186,187,188,189,190,191,192,193,194,195,197,198,199,200,201,202,204,205,206,207,209,210,211,212,213,214,215,216,217,218,219
158,159,160,161,162,163,164,165,166,167,170,171,172,173,174,175,177,178,179,180,181,182,183,184,186,187,188,189,190,191,193,194,195,196,197,198,199,200,201,202,203,204,205,206,207,209,210,211,212,213,214,215,217,218,219
159,160,161,162,163,164,165,166,167,169,170,171,172,173,174,175,176,177,178,180,181,182,183,184,185,186,187,188,189,190,191,192,194,195,196,197,198,199,200,201,203,204,205,206,207,208,209,210,211,212,213,214,215,216,217,218,219
160,161,162,163,164,167,168,169,170,171,172,173,174,175,176,177,178,179,180,181,182,183,184,185,186,187,188,189,191,192,193,194,195,196,197,198,199,200,201,202,203,204,205,206,207,208,209,211,212,213,214,215,216,217,219
161,162,163,165,167,168,169,170,171,172,173,174,175,176,177,178,179,180,181,182,183,184,185,186,188,189,190,191,192,194,195,196,197,198,199,200,201,202,203,204,207,209,210,211,212,214,215,216,217,218,219
162,163,164,165,166,167,169,171,172,173,174,175,177,178,180,181,182,183,184,186,187,188,189,190,191,192,193,194,195,196,197,198,199,200,203,204,205,206,207,208,209,210,211,212,213,214,215,216,217,218,219
163,165,166,167,168,169,170,171,172,173,175,178,179,180,181,182,183,184,185,186,187,188,189,190,191,192,193,194,195,196,197,198,199,200,201,202,203,204,205,206,207,208,209,210,211,212,213,214,215,216,217,218,219
164,165,166,167,169,171,172,173,174,176,177,178,179,180,181,182,183,184,185,186,187,188,189,190,191,192,193,194,195,196,197,198,199,200,201,202,203,204,205,206,207,208,209,210,211,212,213,214,215,216,217,218
165,167,168,169,170,171,172,173,174,175,176,177,179,180,182,183,184,185,186,187,188,189,190,191,193,194,195,196,197,198,199,200,201,202,203,204,205,206,207,208,209,210,211,212,213,214,215,216,217,218,219
166,167,169,170,171,172,173,174,175,176,177,178,179,180,181,182,183,184,185,186,188,189,190,191,192,193,194,195,197,198,199,200,201,202,203,204,206,207,208,209,210,211,212,213,215,216,217,218,219
167,168,169,170,171,172,173,174,176,177,178,179,180,181,183,184,186,187,188,189,190,191,192,193,194,195,196,198,199,200,201,202,203,204,205,206,207,208,209,210,211,212,213,214,215,216,217,218,219
168,169,170,171,172,173,174,175,176,177,178,179,180,181,182,183,184,185,186,188,189,190,191,192,193,195,196,197,198,199,200,201,202,203,204,205,206,207,208,209,210,211,213,214,215,216,217,218,219
169,170,171,172,173,174,175,176,177,178,179,180,181,182,183,184,185,186,188,189,190,191,192,193,194,195,196,197,198,199,200,201,202,203,204,205,206,207,208,210,211,212,213,214,215,216,217,218,219
170,172,173,174,175,176,178,179,181,182,183,185,186,187,190,191,192,193,194,195,196,197,198,199,201,202,203,204,205,206,207,208,209,210,211,212,213,214,215,216,217,218,219
171,172,173,175,176,177,178,179,180,181,182,183,184,185,186,187,188,189,191,192,193,194,195,196,197,199,200,201,202,203,205,206,207,208,210,211,212,213,214,215,216,217,218,219
172,173,174,175,176,177,178,179,180,181,182,183,184,186,187,188,190,191,192,193,194,195,196,197,198,199,200,201,202,203,204,205,206,207,208,209,210,211,212,213,214,215,216,217,218,219
173,174,175,176,178,179,180,181,182,183,184,185,186,187,188,189,190,191,192,193,194,195,196,197,198,199,200,201,202,203,204,205,206,207,208,209,210,211,212,213,214,215,216,217,218
174,175,176,177,178,179,180,181,182,183,184,185,186,187,188,189,190,191,192,194,195,196,197,198,199,201,202,203,204,205,206,207,208,209,210,211,212,213,214,215,217,218,219
175,176,177,178,179,180,181,182,183,184,186,187,188,189,191,192,193,194,195,196,197,198,199,200,201,202,203,204,205,206,207,208,209,210,212,213,214,215,216,217,218,219
176,177,178,179,180,181,182,183,184,185,186,187,188,189,190,191,192,193,194,195,196,197,198,199,200,201,202,203,204,206,208,209,210,211,212,213,214,215,216,217,218,219
177,179,180,181,182,183,184,185,186,187,188,189,190,191,192,193,194,195,196,197,198,199,200,201,202,203,204,205,206,207,208,209,210,211,212,213,214,215,216,218,219
178,179,180,181,182,183,184,185,186,188,189,190,191,192,193,194,195,196,197,198,199,200,201,202,203,204,205,206,207,208,209,210,211,212,213,215,216,217,218
179,180,181,182,183,185,186,187,188,189,190,191,192,193,194,195,196,198,199,200,201,202,203,204,205,206,207,208,209,211,212,214,215,216,217,218,219
180,181,182,183,184,186,187,188,189,190,191,192,193,194,195,196,197,199,200,201,202,203,205,206,207,208,210,211,212,213,214,215,216,217,218,219
181,182,183,184,185,186,187,188,189,190,191,192,193,194,195,196,197,198,199,200,204,205,206,207,208,209,210,211,212,214,215,216,217,218,219
182,183,184,185,186,187,188,189,190,191,192,193,194,195,196,197,198,199,200,201,202,203,204,205,206,207,208,209,211,212,213,214,217,218,219
183,184,185,186,187,188,189,190,191,193,194,195,196,197,198,199,200,201,202,203,204,205,206,207,210,212,213,214,215,216,217,218,219
184,185,186,187,188,189,190,191,192,193,195,196,197,200,201,202,203,205,207,208,209,210,211,212,213,214,215,217,218,219
185,186,187,188,189,190,191,192,193,195,196,197,198,199,201,202,203,204,205,206,207,208,209,210,211,213,214,215,217,218,219
186,187,189,190,191,192,193,194,195,196,197,198,199,200,201,202,203,205,206,207,209,210,211,212,213,214,215,216,217,218,219
187,188,189,190,191,192,193,194,195,196,197,198,199,200,201,202,203,204,205,206,207,208,209,210,211,212,213,214,215,216,217,218,219
188,189,190,191,192,194,195,196,197,198,199,200,201,202,203,205,206,208,209,210,211,214,215,216,217,218,219
189,190,191,192,193,194,195,196,197,198,199,200,201,203,204,205,206,207,208,209,210,211,213,214,215,216,217,218,219
190,191,193,194,195,196,197,198,199,200,201,202,203,205,206,207,208,211,212,213,214,215,216,217,218,219
191,193,194,195,196,197,198,199,200,201,202,203,204,205,206,207,208,209,210,211,212,213,214,215,216,217,218,219
192,193,194,195,196,197,198,199,200,201,202,204,205,206,207,208,209,210,211,213,214,215,216,217,218,219
193,194,195,197,198,199,200,201,202,203,205,206,207,208,209,210,211,213,214,215,216,218,219
194,195,196,197,198,199,200,201,202,203,204,205,206,207,209,210,211,212,214,216,217,219
195,196,197,198,199,200,201,202,203,204,205,206,207,208,209,210,211,212,213,214,215,217,219
196,199,200,201,202,203,204,205,206,207,208,209,210,211,212,213,215,216,217,218,219
197,198,199,201,202,203,204,205,206,207,208,209,210,211,212,213,214,215,216,217,218,219
198,199,200,201,202,203,204,205,206,207,208,209,210,211,212,213,214,215,216,217,218,219
199,200,201,202,203,204,205,206,207,208,209,210,211,212,213,214,215,216,217,218,219
200,201,202,203,204,205,206,207,208,209,210,211,212,213,214,216,217,218,219
201,202,203,204,205,206,207,209,210,212,213,215,216,217,218,219
202,203,204,205,206,207,208,209,210,211,212,213,214,215,216,217,218,219
203,204,205,206,207,208,211,212,213,214,215,216,217,218,219
204,205,206,208,209,210,211,212,213,214,215,216,217,218,219
205,206,207,208,209,210,211,212,213,215,216,217,218,219
206,207,208,209,210,212,213,214,215,216,217,218,219
207,208,209,210,211,212,213,214,215,216,217,218,219
208,209,210,211,212,213,214,215,216,217,218,219
209,210,211,212,213,214,215,216,217,218
210,212,214,215,217,218,219
211,212,213,214,215,216,217,218,219
212,214,215,216,217,218,219
213,214,215,216,217,218,219
214,215,216,217,218
215,216,217,218,219
216,217,218,219
217,218,219
218,219
219
