n_nodes:248
n_edges:22243
density:0.72623
0,1,3,4,5,6,7,8,9,10,11,13,18,20,22,23,25,27,28,29,30,32,33,35,36,38,39,40,41,42,43,44,46,48,49,51,52,54,55,56,57,58,61,62,63,64,66,67,68,69,70,71,72,73,76,77,80,81,82,83,86,87,89,90,92,93,96,97,98,101,102,103,104,105,108,109,110,111,112,113,114,115,117,119,120,121,124,125,127,128,130,131,133,135,138,139,140,141,142,143,144,146,150,151,152,153,154,155,156,159,161,162,163,164,165,166,167,169,170,173,174,176,177,179,180,181,183,184,185,186,187,188,190,191,193,195,197,199,200,201,202,204,206,208,209,211,212,213,214,215,216,217,219,221,223,225,227,228,229,230,231,232,233,236,237,238,239,241,243,244,245
1,2,3,4,5,6,8,9,10,11,14,15,16,17,18,20,23,24,25,26,27,30,33,34,35,36,39,43,45,47,48,49,51,52,53,54,55,56,57,58,59,61,63,64,66,67,68,69,70,71,72,73,74,75,80,81,82,83,84,86,88,89,92,93,94,95,96,97,98,99,100,104,106,107,108,109,110,111,112,113,114,115,116,117,118,119,120,122,123,126,127,128,129,130,131,132,135,136,137,138,139,140,141,143,146,148,149,150,151,152,154,157,158,159,160,161,164,166,167,169,170,172,173,175,176,178,179,181,182,183,184,185,186,188,189,191,192,193,195,196,197,198,199,200,201,203,204,205,207,208,211,212,213,215,216,217,218,220,224,225,226,227,228,231,232,233,235,236,237,240,241,243,245,246
2,6,7,9,10,11,12,14,15,16,17,18,19,20,21,22,23,24,25,26,27,29,30,33,34,35,38,39,40,41,43,44,46,47,48,51,52,54,57,58,60,61,62,63,64,65,66,67,68,69,71,72,73,74,76,78,80,81,82,83,84,85,87,88,89,92,93,94,95,99,100,101,102,104,106,110,112,113,115,116,117,118,120,121,122,125,126,127,128,129,130,131,133,134,135,136,137,138,139,140,143,144,145,146,147,149,150,151,152,153,154,158,159,160,162,164,165,167,168,170,171,172,173,174,175,176,178,179,180,181,183,187,188,189,191,192,193,195,197,198,199,201,202,203,207,208,211,212,213,214,215,217,218,220,221,223,224,226,229,230,231,232,233,234,236,237,238,239,240,241,243,244,245,247
3,4,5,6,7,8,9,14,15,16,17,20,21,22,24,25,26,27,28,30,32,33,34,35,39,40,41,44,45,46,49,50,51,52,53,54,55,56,57,61,62,63,64,65,66,67,69,70,71,72,73,75,76,77,79,81,82,83,84,85,86,87,88,89,90,92,93,94,95,98,99,100,101,103,104,105,106,107,108,109,110,112,113,114,115,116,117,118,119,120,122,126,128,129,130,131,133,134,135,136,137,138,139,140,141,142,143,145,147,148,149,150,152,153,155,156,157,158,160,161,162,163,165,166,167,168,169,170,172,176,177,179,180,183,184,185,186,187,188,189,191,192,193,195,196,197,198,199,200,204,205,207,211,213,214,216,218,219,220,221,222,223,224,225,226,227,228,229,230,231,232,233,237,241,242,243,244,245,246,247
4,5,6,7,9,10,11,12,14,15,16,18,19,20,23,25,27,28,29,31,32,33,34,35,36,37,39,40,42,44,45,49,50,51,54,55,56,57,59,60,61,63,64,65,66,67,69,70,73,75,76,78,79,80,83,84,86,87,88,89,90,91,93,94,95,96,97,98,100,101,102,103,104,105,106,107,108,109,110,111,114,115,116,119,120,121,122,126,127,128,130,131,134,135,136,137,138,139,140,141,142,143,144,147,148,149,150,151,152,153,154,155,156,157,158,160,163,165,166,168,170,172,173,174,175,176,177,178,179,180,181,182,183,184,185,186,187,188,190,191,192,193,194,195,198,199,200,201,202,204,205,207,208,209,211,212,213,214,215,216,217,218,219,220,221,223,225,226,227,229,232,234,236,237,238,239,242,244,245,247
5,7,8,9,10,11,12,13,14,16,17,18,19,20,21,22,23,25,27,28,29,30,31,34,35,38,39,40,41,42,44,45,47,48,49,51,52,54,56,59,60,62,63,65,66,67,68,70,71,76,77,80,83,86,87,89,90,91,92,93,94,95,96,97,98,102,103,104,105,106,108,109,110,111,112,113,114,116,117,121,122,124,125,126,127,128,129,132,133,134,136,137,138,139,140,141,142,143,144,146,147,149,150,151,152,153,154,155,156,157,158,159,160,161,162,163,165,166,167,168,169,170,171,172,173,175,176,177,178,180,182,183,184,185,186,187,189,193,195,197,198,199,200,202,203,208,209,210,211,212,213,214,215,216,217,218,219,220,221,224,225,228,230,232,233,236,237,238,239,240,242,244,245,247
6,7,8,9,10,11,12,13,14,15,16,18,19,20,21,23,24,25,27,28,29,30,31,33,37,38,39,41,42,43,44,45,46,47,48,49,50,51,53,54,56,57,58,59,62,63,65,66,67,70,73,74,75,76,77,78,79,80,82,83,85,86,87,88,91,93,94,95,96,97,98,99,100,101,102,104,105,106,108,109,110,112,113,115,116,117,118,119,120,121,122,123,124,127,128,131,132,133,134,135,136,137,139,140,141,142,143,144,145,146,147,148,149,150,152,154,155,156,157,158,159,160,161,162,163,164,167,168,169,171,172,173,176,177,178,179,180,182,183,186,188,189,190,191,192,195,196,198,199,200,202,204,206,207,208,209,211,212,213,214,215,217,218,219,220,222,223,224,227,228,229,230,231,232,233,234,236,237,238,239,240,242,243,244,245,246
7,8,9,10,13,14,16,17,19,20,21,22,23,25,26,27,28,29,30,31,32,33,34,35,36,37,39,41,42,43,44,45,46,47,48,49,50,51,52,55,57,58,59,60,61,62,63,64,66,67,69,74,75,77,78,79,80,81,82,84,85,86,87,88,90,91,92,93,94,95,96,97,98,100,101,102,106,107,108,110,111,112,114,115,116,118,119,120,124,125,126,127,128,129,130,131,132,133,135,136,137,139,142,143,144,145,147,148,149,155,157,158,159,160,161,162,165,166,167,168,169,170,171,172,173,174,175,176,177,180,181,182,183,184,186,188,189,190,192,193,194,195,196,197,199,200,201,202,203,205,206,207,210,211,212,213,216,217,218,219,221,223,224,226,227,228,230,233,234,235,236,239,240,243,244,245,246,247
8,9,10,11,12,13,14,16,17,18,19,21,22,23,24,26,27,28,29,30,31,32,35,36,37,38,40,41,42,44,45,46,47,48,49,50,56,59,60,62,63,64,66,67,69,70,71,73,75,76,78,79,81,82,83,84,85,87,88,89,91,92,94,95,98,100,101,102,103,105,106,110,111,112,113,114,115,116,118,119,123,125,126,127,128,129,130,131,132,133,134,135,136,139,140,142,145,147,148,149,150,151,152,153,155,156,157,159,160,161,164,165,166,167,168,169,170,171,173,175,176,177,178,179,182,183,184,185,187,188,190,191,192,193,194,196,197,198,199,200,201,202,203,204,205,206,207,208,209,211,212,213,214,215,216,218,219,220,221,223,224,225,226,229,230,233,234,235,236,237,238,239,240,241,243,245,246,247
9,10,12,13,16,17,18,19,21,22,23,25,26,27,29,30,32,35,36,37,38,39,40,41,42,43,45,47,48,49,50,51,53,54,55,56,58,59,60,61,62,63,65,67,70,71,76,77,78,80,84,85,90,93,95,97,98,99,100,101,102,104,105,106,107,108,109,111,112,114,115,116,117,118,119,122,124,125,126,127,128,130,131,132,133,135,136,137,138,139,140,141,142,143,144,145,146,147,148,149,150,151,152,153,158,159,160,162,163,164,165,167,168,170,172,173,174,175,176,177,179,180,182,183,184,185,186,189,190,194,195,196,198,199,200,201,203,204,205,206,207,209,210,211,212,213,216,218,220,221,223,224,227,228,229,232,234,235,236,237,239,240,241,242,243,245,247
10,12,13,15,16,19,20,22,23,24,26,27,29,30,31,32,33,35,36,37,38,39,40,41,42,44,45,46,47,48,50,52,53,54,55,56,57,58,59,60,61,62,63,65,66,67,68,69,72,73,74,75,76,78,80,82,85,86,87,88,89,90,92,93,94,95,96,98,99,100,101,102,103,104,105,106,109,110,111,113,114,115,116,117,118,120,121,122,124,125,126,127,129,130,132,133,134,137,138,139,141,142,143,144,146,147,149,150,151,152,153,154,155,156,157,161,162,164,165,166,167,168,170,171,172,173,176,177,178,179,180,183,184,187,188,189,190,191,192,193,196,197,198,199,200,201,202,203,204,207,208,210,212,213,215,216,217,218,219,220,222,223,225,227,229,230,231,232,233,237,238,239,240,241,243,244,247
11,12,13,14,15,19,21,22,24,25,26,28,29,30,31,35,36,37,38,39,40,41,43,44,46,49,50,53,54,55,56,57,58,59,60,62,64,65,66,67,69,70,71,73,74,75,76,77,78,80,81,82,85,86,88,89,91,92,93,94,95,96,97,98,99,100,101,102,103,104,106,107,108,110,111,112,114,115,118,119,120,121,122,124,125,126,128,129,131,133,134,135,136,137,138,139,140,142,143,144,147,148,149,150,152,153,154,155,156,157,158,159,160,161,162,163,164,165,168,170,171,173,174,177,178,179,180,182,183,184,185,186,187,189,190,191,192,193,194,195,196,197,198,199,200,201,202,204,205,206,207,208,209,212,213,216,219,220,222,223,224,225,226,227,228,229,231,232,233,234,235,238,239,241,242,243,246,247
12,13,14,15,16,17,19,21,22,23,25,27,29,30,31,32,33,34,36,39,40,41,42,43,44,45,46,47,50,52,53,54,55,56,58,59,60,62,63,65,67,68,69,70,71,72,73,74,75,76,77,78,81,82,83,84,86,87,89,90,91,92,93,94,95,99,100,103,104,106,107,108,109,110,111,113,114,115,116,117,119,121,122,123,124,125,127,128,131,132,133,135,136,137,138,139,140,141,142,143,147,148,150,151,152,153,156,157,158,159,160,161,162,163,165,166,167,169,170,171,172,173,174,175,176,177,178,179,180,181,185,187,188,189,190,191,192,193,194,195,196,198,199,200,201,203,205,206,207,208,209,210,212,213,214,217,218,219,220,224,226,227,228,229,230,231,232,234,237,238,240,242,243,244,246,247
13,14,17,18,20,21,22,23,25,26,29,30,31,32,33,35,36,37,38,39,40,43,44,47,48,49,50,51,53,54,56,57,58,59,60,61,62,63,64,65,66,67,68,70,72,73,74,75,76,77,79,82,83,84,85,86,87,88,89,92,93,95,97,100,101,103,104,105,106,109,111,112,113,114,117,118,119,120,121,123,124,127,128,130,133,134,135,136,137,138,140,141,144,146,147,148,149,150,151,152,153,155,156,157,158,159,160,161,162,163,165,166,168,169,172,173,174,175,176,177,179,180,181,184,185,188,189,190,191,193,195,196,197,198,200,204,205,206,209,210,211,212,213,214,215,216,217,219,220,223,224,225,226,227,228,230,232,233,235,236,237,238,240,241,242,243,245
14,16,18,19,20,21,22,23,24,27,28,29,30,31,32,33,34,35,36,38,39,40,41,42,43,45,47,48,50,54,55,56,58,60,61,62,63,64,65,66,68,69,70,71,72,73,74,77,78,80,81,82,83,84,85,86,87,88,89,91,92,94,95,96,97,99,100,101,102,103,104,106,107,108,109,111,112,113,114,115,116,119,120,121,122,123,126,127,129,130,131,133,134,135,136,137,138,140,141,143,144,145,146,147,148,149,151,152,153,154,156,157,158,159,160,161,162,163,164,165,166,167,168,169,171,172,173,175,176,180,181,183,184,185,186,187,189,190,191,192,193,194,196,198,199,200,202,203,204,205,206,207,209,210,211,212,213,214,215,216,219,220,221,222,223,225,226,228,229,230,231,233,234,235,237,238,240,241,243,246
15,17,21,22,23,24,26,27,29,31,32,33,34,35,36,38,39,41,42,43,44,45,47,49,50,51,53,54,55,57,58,61,62,63,66,67,68,70,72,73,75,77,78,80,81,82,84,86,87,90,92,93,94,95,96,98,99,100,102,103,104,105,107,108,109,110,111,112,113,115,117,118,119,121,122,124,125,127,128,129,130,132,134,135,136,137,140,143,144,145,146,147,148,150,151,152,153,154,156,157,158,159,160,161,163,164,165,166,167,168,169,170,172,173,175,178,179,180,181,182,184,187,188,189,190,193,194,198,199,200,201,202,203,204,205,206,207,208,209,211,213,214,216,217,218,219,220,221,222,223,224,225,226,227,228,229,230,231,232,233,234,236,237,239,240,241,242,243,245,246,247
16,17,18,19,20,22,24,27,28,30,31,35,37,38,39,40,42,43,44,46,48,49,50,52,53,54,56,59,60,61,63,64,65,66,67,69,71,72,73,75,77,78,82,83,84,85,86,87,90,92,93,94,95,96,97,98,99,100,101,102,103,104,105,106,107,108,109,110,111,112,113,114,115,117,118,119,120,121,122,124,125,126,127,129,130,131,133,134,135,136,137,138,139,140,141,144,145,146,147,148,149,150,152,158,160,162,164,167,170,175,176,177,179,181,183,184,185,186,187,189,190,191,192,193,194,197,198,199,200,201,202,203,204,206,207,208,209,210,212,213,215,216,217,218,219,220,221,222,223,224,226,227,228,229,230,231,232,233,234,235,236,237,239,240,242,244,246
17,18,19,20,21,22,23,24,25,26,27,28,30,31,32,35,37,38,39,40,41,42,43,44,45,47,49,51,55,56,58,59,60,62,64,65,66,67,68,69,70,72,73,74,75,77,78,79,80,81,83,84,86,87,90,91,92,95,97,99,100,101,104,107,108,109,111,113,114,116,117,118,119,120,122,123,124,125,126,127,128,130,131,133,134,135,136,137,138,139,140,141,144,145,146,147,148,149,151,152,156,157,158,162,163,164,165,166,167,168,169,170,171,174,176,178,179,180,183,184,187,188,189,190,191,194,195,196,198,199,200,201,202,203,204,205,206,208,210,212,214,215,217,218,220,221,222,225,227,228,229,230,234,235,236,237,239,240,241,242,243,244,245,246,247
18,19,20,21,22,23,25,26,27,28,29,30,31,32,34,35,38,40,41,42,43,45,46,48,49,50,51,52,54,55,56,57,59,60,61,62,66,67,68,69,70,72,75,77,79,80,81,82,83,84,85,87,89,90,91,92,93,94,95,96,97,99,101,102,103,104,105,108,109,110,111,112,113,114,115,116,118,119,120,121,122,123,125,127,129,130,131,132,134,135,136,137,140,141,143,144,146,147,148,150,152,153,154,155,156,157,158,159,160,161,162,163,164,168,169,170,171,172,174,176,177,178,179,182,183,184,185,186,190,191,192,193,194,195,196,197,198,199,200,201,202,203,204,205,206,209,210,211,212,214,215,216,217,218,219,224,226,227,228,229,230,232,233,234,236,237,239,240,241,243,245,246
19,20,21,23,24,25,26,27,28,29,30,31,32,33,35,36,37,38,39,41,42,43,44,45,46,47,49,51,52,53,54,55,56,58,59,61,63,64,66,68,69,70,71,72,73,75,77,78,80,83,84,85,86,87,88,89,91,93,94,95,96,97,99,101,102,103,104,105,106,108,109,112,113,114,117,119,120,122,123,125,126,128,130,131,132,133,134,137,138,139,140,143,144,145,146,147,148,151,152,153,156,159,160,161,162,163,164,167,168,169,170,171,172,173,174,176,177,178,179,181,182,185,186,187,188,189,190,191,193,194,195,196,198,201,202,204,207,209,211,212,213,215,216,217,218,220,222,223,224,225,226,227,231,232,235,236,239,240,242,243,245,247
20,25,26,27,29,30,32,33,34,35,36,37,38,39,40,42,43,44,45,46,47,48,49,50,51,53,54,55,56,57,61,62,63,64,65,66,67,68,69,71,73,74,75,76,78,79,80,82,83,86,87,88,89,90,91,92,93,94,95,96,97,98,99,100,101,102,103,104,105,106,107,108,109,110,112,113,114,116,117,118,119,120,121,122,123,124,125,126,127,129,130,132,133,134,135,137,138,140,141,144,146,147,148,149,151,152,153,154,158,160,161,162,163,164,165,166,169,170,172,174,176,177,178,179,181,182,183,184,189,190,191,192,193,194,195,196,197,198,199,201,203,204,205,206,207,209,210,214,216,218,219,220,221,222,223,225,226,227,228,229,230,233,235,236,237,238,240,241,242,243,244,245,246,247
21,22,23,24,25,26,27,28,30,31,32,33,34,35,37,38,40,42,43,45,46,47,50,51,52,53,54,55,56,57,58,59,60,61,62,63,64,65,68,70,72,74,75,76,77,79,80,81,82,85,86,87,89,90,92,95,96,97,98,99,100,102,103,104,106,107,108,109,113,114,115,116,117,118,119,120,121,122,123,125,126,128,129,130,133,134,135,136,137,138,139,140,141,142,143,144,145,147,149,151,152,154,155,156,159,160,161,162,163,164,168,170,171,172,173,174,175,176,177,179,180,181,182,183,185,186,189,190,192,193,195,197,199,200,202,203,204,205,207,208,209,212,214,215,217,218,219,220,221,222,223,225,227,228,229,230,231,232,233,234,236,237,238,239,240,241,242,243,244,245,247
22,23,24,25,27,30,31,32,33,35,36,37,38,39,40,41,42,43,44,45,47,49,51,52,53,55,57,59,60,63,66,67,69,70,74,75,76,77,78,81,83,84,85,86,87,88,89,90,91,92,93,94,95,96,97,98,100,102,103,104,105,107,108,109,111,112,113,114,115,116,117,118,119,120,121,123,124,125,126,128,129,130,132,133,135,137,138,139,142,143,144,146,147,149,152,154,155,156,157,161,162,164,166,167,169,171,172,173,174,175,176,178,179,181,182,184,186,187,189,190,191,193,194,195,196,200,203,205,206,207,210,211,212,215,216,217,218,219,220,221,222,224,227,228,229,230,231,233,234,237,238,240,241,242,244,245,246,247
23,25,26,28,30,31,32,33,34,36,38,39,40,41,42,43,45,46,47,48,49,50,51,52,53,54,57,58,59,60,61,62,63,64,65,66,69,70,72,73,74,77,78,80,81,83,87,88,89,90,93,94,95,96,99,100,101,102,104,105,107,108,109,110,111,112,113,114,115,118,119,120,121,124,125,126,127,129,130,131,133,134,136,139,140,141,142,143,144,146,147,152,153,154,157,158,160,162,163,164,165,166,167,169,171,172,174,175,176,177,179,181,183,184,185,187,189,190,191,193,194,195,196,197,198,199,200,201,203,204,206,207,208,209,210,211,212,214,215,216,217,219,221,222,225,226,227,229,230,231,233,234,235,236,237,239,240,241,242,243,245,246
24,26,27,28,30,31,32,33,34,38,39,40,42,43,44,45,46,47,48,49,50,51,52,53,54,55,57,58,59,61,63,64,65,66,68,69,70,71,73,75,77,78,79,80,82,83,84,85,86,88,90,91,92,93,94,95,98,99,100,101,102,105,106,107,108,109,110,111,112,114,115,116,120,122,124,125,126,127,128,129,130,131,132,134,135,136,137,138,139,140,141,142,143,144,145,148,149,150,151,155,159,160,161,163,164,165,166,167,168,169,170,171,172,173,174,175,176,177,179,180,181,182,183,184,185,186,187,188,189,192,193,195,196,198,199,200,202,203,204,207,208,210,211,212,213,214,215,216,217,218,219,220,221,222,223,224,225,226,227,228,229,231,235,237,238,239,240,242,243,244,245,246
25,27,28,29,30,34,35,37,38,40,41,44,45,46,47,48,50,53,54,55,56,57,59,61,62,63,64,66,67,68,69,70,74,76,77,78,79,80,81,82,84,85,86,88,89,90,91,92,93,94,95,96,97,98,99,100,103,104,105,106,107,110,112,115,116,117,118,120,121,123,124,125,126,127,129,131,133,134,135,137,138,139,141,142,143,144,146,148,150,151,153,154,155,156,157,158,159,160,161,162,164,165,169,171,172,173,176,177,178,179,180,181,182,184,185,186,187,189,190,191,193,194,195,196,199,201,202,203,204,205,206,207,208,210,211,214,215,217,219,220,222,223,224,227,228,229,230,231,232,233,234,235,236,239,243,244,246
26,28,30,32,33,34,36,38,40,42,44,45,48,49,50,51,52,54,55,56,58,60,61,62,64,65,69,70,71,72,73,74,75,76,78,79,81,82,83,84,85,86,87,88,89,90,91,92,94,96,97,98,100,101,102,103,104,106,108,109,111,114,115,118,121,122,123,124,125,128,130,131,132,133,134,135,136,137,138,139,140,141,144,146,147,149,150,151,152,153,155,156,158,159,161,162,163,164,165,166,171,173,174,175,177,180,181,184,185,187,188,190,191,192,193,194,195,196,197,198,199,200,203,204,205,207,208,209,211,212,213,216,217,218,220,221,222,224,225,229,230,231,232,234,236,237,238,239,240,241,242,243,245,246
27,28,29,30,31,32,33,35,36,38,40,42,44,45,47,48,51,52,53,54,55,56,58,59,61,62,64,67,68,69,70,71,74,76,77,78,80,81,82,83,85,86,88,91,92,94,96,97,98,101,104,106,107,109,110,111,112,113,114,115,116,117,118,119,120,123,125,129,131,134,135,138,139,140,142,143,144,146,147,148,149,150,151,154,155,156,157,158,159,160,161,163,164,165,167,168,169,171,172,174,175,177,178,179,182,185,186,187,188,190,191,192,193,194,195,196,197,198,199,200,201,202,203,204,206,207,208,209,210,211,213,214,216,217,219,220,221,223,224,225,228,231,234,235,236,237,238,239,240,243,244,247
28,31,32,33,35,37,38,39,40,41,42,44,45,46,47,48,49,50,51,52,53,55,58,59,60,62,64,66,69,71,72,74,75,77,78,79,80,81,82,83,84,85,86,88,89,90,91,92,93,94,95,96,98,100,103,106,107,108,109,111,112,114,115,116,117,120,122,123,127,128,129,130,131,132,134,135,136,138,140,141,142,143,144,145,147,148,150,151,153,155,156,157,158,160,161,162,164,165,166,167,168,169,170,171,172,174,175,176,178,180,181,182,184,185,187,188,190,191,192,193,195,197,198,200,201,202,203,204,205,206,208,209,210,211,214,216,217,218,219,220,224,225,226,227,228,229,230,231,232,233,234,235,237,238,239,240,241,242,243,244,245,246,247
29,30,32,33,35,36,38,39,40,42,45,46,47,48,49,50,51,52,53,54,55,56,57,58,59,60,62,63,64,65,66,67,68,69,70,72,73,74,75,76,79,80,82,84,85,86,88,89,91,92,95,96,97,98,100,101,104,105,106,107,108,109,110,112,114,115,116,117,118,120,122,123,124,125,126,127,128,131,132,133,136,137,138,139,147,148,149,150,151,152,153,154,155,157,158,161,162,163,164,165,166,167,168,169,170,171,172,173,176,178,180,181,184,185,187,188,189,190,192,193,194,195,197,198,201,203,204,205,207,211,216,221,224,225,226,227,228,229,230,232,233,234,236,239,241,244,245,246
30,32,34,37,38,39,41,42,45,46,47,48,49,52,53,54,55,56,57,58,59,60,62,63,64,66,67,68,69,70,73,74,75,77,78,80,82,84,85,87,89,90,92,93,94,95,96,98,99,102,104,105,106,108,109,110,111,112,113,114,115,117,119,120,121,122,124,126,127,129,130,131,132,133,134,135,136,137,142,143,144,145,146,149,150,151,152,153,154,155,156,157,158,159,161,162,164,165,166,167,169,170,171,172,175,176,177,180,181,183,184,185,186,189,191,192,193,194,195,196,197,199,200,202,203,204,205,206,208,209,211,212,215,216,217,218,219,221,222,225,226,227,228,232,234,235,237,239,240,242,244,246,247
31,32,33,34,35,37,38,39,40,41,42,43,45,48,50,51,53,54,55,56,57,60,63,64,65,67,69,70,71,72,73,75,76,78,79,80,82,83,87,88,89,91,92,93,95,98,99,100,101,102,103,104,105,106,108,109,110,111,116,118,119,120,122,123,124,125,128,129,130,131,133,135,136,137,138,139,140,141,142,143,144,145,147,148,149,150,151,153,157,158,159,160,162,163,166,168,169,171,172,173,174,175,178,182,184,186,187,188,190,191,192,193,194,195,196,197,201,202,205,206,207,208,209,210,211,212,213,215,216,217,219,220,221,222,223,224,226,228,230,231,233,235,236,237,239,240,241,242,243,245,246,247
32,33,34,35,36,37,38,43,44,46,47,48,49,52,53,54,55,56,57,58,59,60,61,62,63,64,65,66,67,69,70,72,73,75,76,77,78,79,80,82,86,87,88,89,90,91,93,94,96,100,101,102,104,105,106,107,109,110,113,115,117,118,119,120,121,123,125,126,127,128,129,131,132,133,134,136,138,140,141,142,143,144,146,147,148,149,151,152,154,155,156,157,158,159,160,161,163,164,165,166,167,168,169,172,173,174,175,176,177,178,179,180,181,182,184,187,188,189,191,192,193,194,195,196,197,198,199,200,201,203,204,206,207,208,209,212,214,215,217,218,220,221,222,223,224,225,227,228,229,230,232,234,235,237,238,239,240,241,242,245,247
33,34,36,38,40,41,42,43,44,46,48,49,50,51,52,53,54,55,56,57,58,60,61,62,63,64,65,67,68,70,71,72,73,74,75,76,77,78,79,80,81,82,83,86,87,89,90,91,92,94,95,99,102,103,105,106,107,109,110,111,112,113,114,116,119,120,121,122,123,124,126,127,128,130,131,132,133,134,135,136,137,138,139,140,142,143,144,145,146,147,148,149,150,151,153,155,156,158,159,161,162,163,164,165,166,167,168,170,171,173,176,177,179,182,184,185,186,187,188,190,194,196,197,199,201,202,203,204,205,206,207,210,211,212,213,214,215,217,218,220,222,223,225,226,227,228,230,231,232,233,235,237,240,241,242,243,244,245
34,37,39,40,41,42,43,44,46,47,49,52,53,54,55,56,57,58,59,60,61,62,63,64,66,67,68,70,72,73,74,76,77,78,80,81,82,83,84,86,89,91,92,94,95,96,97,98,100,101,102,103,104,105,107,109,110,111,112,113,114,115,117,118,119,122,123,124,126,127,131,133,134,136,138,139,140,143,144,146,147,149,150,151,152,154,156,157,158,162,163,165,167,168,169,170,171,172,173,174,175,176,178,180,181,182,183,184,185,186,187,188,189,190,191,192,193,194,195,196,198,199,200,201,202,203,204,206,207,208,209,210,211,212,213,214,215,217,218,219,220,222,223,224,225,226,227,228,229,232,233,235,236,237,239,240,241,243,244,246,247
35,36,37,39,41,42,43,44,45,46,47,48,49,50,52,54,55,56,58,61,63,65,66,67,68,69,71,72,74,76,77,78,80,81,82,83,85,86,87,88,89,90,91,92,93,94,95,97,101,102,103,104,105,106,107,108,110,111,114,115,117,119,120,121,122,123,124,125,126,127,128,129,130,131,133,134,135,136,137,138,139,140,141,143,144,146,147,148,149,150,151,153,154,155,156,157,158,159,160,161,163,165,166,167,168,169,170,171,172,176,177,178,179,180,181,182,183,185,186,188,189,192,194,195,197,198,201,202,203,204,206,208,209,211,213,214,215,216,217,219,220,222,223,224,226,227,229,231,232,233,234,235,236,237,238,240,241,243,245,247
36,37,38,40,41,42,43,44,46,47,48,49,50,51,53,54,55,56,57,58,59,61,62,65,66,69,70,72,73,75,76,78,79,80,81,83,84,86,87,88,93,94,97,100,101,103,104,106,107,110,111,112,113,115,116,117,119,120,121,123,124,126,128,129,130,132,134,135,136,138,139,140,141,142,143,144,145,146,148,150,152,155,156,158,159,162,163,165,167,168,169,170,171,174,175,176,177,178,179,181,182,184,185,186,187,188,189,190,191,193,194,196,197,201,203,204,205,206,207,208,210,211,212,213,214,215,216,218,219,224,225,226,227,228,229,230,232,234,235,238,240,241,243,244,245,247
37,38,40,41,42,43,44,45,46,47,49,50,51,52,53,54,55,56,58,62,63,64,65,66,67,68,69,70,72,73,75,76,78,79,80,81,82,83,84,86,87,90,91,92,93,94,95,97,98,99,100,101,102,103,104,105,107,108,109,111,113,116,117,122,123,125,126,127,128,131,132,134,135,136,138,139,140,141,143,144,145,146,147,148,149,150,152,153,154,155,157,158,159,161,162,163,164,168,169,170,171,172,173,174,175,176,179,180,181,182,183,184,185,186,188,189,190,191,192,194,196,197,198,201,202,203,204,205,206,207,209,210,211,212,213,215,217,218,219,220,221,222,224,225,228,230,233,234,235,236,237,238,240,241,242,245,246,247
38,42,43,44,45,47,48,49,50,53,54,55,57,58,59,60,61,62,63,64,65,66,67,68,69,70,74,75,76,77,78,79,80,81,82,84,85,86,87,88,90,91,92,94,95,96,97,98,99,102,103,104,105,106,107,109,110,111,112,113,114,115,116,117,118,119,120,121,122,124,127,128,129,130,131,132,133,134,135,136,140,141,142,143,144,145,147,148,149,150,151,152,153,154,155,156,158,159,160,161,162,163,164,165,166,167,168,169,170,172,173,176,177,178,179,181,182,183,185,187,189,190,191,192,193,195,196,197,198,199,201,203,204,205,206,207,208,210,213,214,215,216,218,220,221,223,224,225,226,227,229,230,231,232,233,235,236,237,238,239,240,242,243,244,245,247
39,41,42,43,44,48,50,51,52,53,54,55,57,58,59,60,61,64,65,66,67,68,69,70,72,74,75,77,78,79,80,81,82,85,86,90,91,92,94,95,96,98,99,100,102,103,104,106,107,108,110,111,112,113,114,115,117,118,119,121,122,123,125,127,128,129,130,131,132,133,134,135,136,137,139,140,141,143,145,147,148,149,151,152,153,154,155,156,158,159,160,161,162,163,164,165,166,167,169,170,171,172,173,175,176,178,179,181,182,184,186,188,189,190,191,192,193,194,197,199,201,203,204,207,208,210,211,212,213,214,215,217,218,219,220,221,224,225,226,227,229,230,233,234,235,237,238,240,241,242,243,245,247
40,41,43,44,45,46,47,48,50,51,52,53,54,55,57,58,59,61,63,65,66,67,68,69,70,72,73,74,76,77,78,81,83,84,85,86,87,89,91,93,94,95,97,98,100,103,104,105,107,108,109,110,111,115,116,117,118,119,120,121,122,123,124,125,127,128,129,130,131,133,134,136,137,138,140,141,142,144,145,146,147,149,150,151,152,154,155,156,157,158,159,160,161,163,164,167,168,169,170,172,173,174,176,177,178,180,182,185,186,188,189,190,191,192,194,196,197,198,201,205,207,208,209,211,214,215,218,219,221,222,223,224,225,226,227,228,229,230,231,233,236,238,240,241,242,244,246,247
41,42,43,44,45,47,48,51,54,55,58,61,62,63,65,66,67,68,69,70,71,72,73,75,76,78,80,81,82,85,89,90,91,92,93,95,96,97,99,100,101,102,104,105,106,107,108,109,110,112,114,116,118,119,121,122,123,124,125,126,128,130,131,133,134,135,137,138,139,142,143,145,146,149,151,152,153,154,155,156,157,158,161,162,165,167,168,169,171,172,173,174,175,176,177,178,179,181,183,184,185,186,190,192,193,194,195,196,198,199,200,202,203,204,206,207,210,213,215,217,218,219,220,221,222,224,225,226,227,229,230,231,232,233,234,235,236,237,239,240,241,242,244,245,246,247
42,44,45,47,48,49,50,51,54,55,56,57,58,60,63,64,67,68,69,70,71,72,74,75,76,78,80,81,82,83,84,86,87,89,90,93,94,96,98,99,100,101,102,103,105,108,110,112,113,116,117,118,119,120,125,126,128,129,130,132,133,134,136,137,138,140,143,144,145,146,147,148,151,152,153,154,155,156,157,158,159,160,161,162,165,167,168,170,172,173,174,175,177,178,180,181,182,183,184,186,187,188,189,190,192,193,194,195,196,197,198,202,203,204,207,209,211,213,216,217,218,219,220,222,223,225,226,228,230,231,232,233,234,235,237,238,240,242,243,245,246
43,44,45,46,47,48,49,53,54,55,56,57,59,60,61,62,63,64,66,67,70,71,72,74,75,76,78,79,80,81,82,83,84,85,86,87,88,89,90,92,93,94,95,96,98,99,100,101,103,104,105,108,110,111,112,113,115,116,117,118,119,121,122,123,126,128,130,131,132,134,135,136,138,139,141,142,143,145,146,147,148,149,150,152,153,156,157,158,159,160,162,164,165,166,168,169,170,171,172,173,174,175,177,178,179,181,184,185,186,187,188,190,191,193,194,195,196,197,198,199,200,201,203,204,205,210,211,212,213,214,215,216,217,218,219,220,221,222,223,225,226,228,229,230,231,232,233,234,235,236,238,239,240,241,243,245,246,247
44,45,47,50,53,54,55,56,57,58,59,60,61,62,63,64,65,66,67,68,70,71,73,75,76,77,78,79,80,81,82,83,85,86,87,88,89,91,92,93,94,95,96,97,99,101,102,104,106,107,108,109,110,111,112,113,117,118,119,120,121,122,123,125,127,129,130,131,132,133,134,136,137,138,139,140,141,142,143,144,145,146,147,148,150,151,152,153,154,155,156,157,158,161,162,164,165,166,167,168,169,170,171,172,173,174,175,176,178,180,181,186,187,188,189,190,191,193,194,195,196,197,198,199,201,202,206,207,208,210,211,212,214,215,216,217,220,221,222,225,226,227,229,230,231,232,235,238,239,240,243,244,245,246,247
45,47,48,49,50,51,53,54,55,56,58,59,60,61,62,63,65,66,67,68,69,70,71,73,74,75,76,77,79,80,81,82,83,84,85,88,96,100,101,102,103,104,105,106,107,108,109,111,112,113,114,116,117,118,121,122,123,124,125,126,127,128,130,132,134,135,136,137,139,140,141,143,145,146,147,151,152,153,154,155,157,159,160,161,162,163,164,166,167,168,169,170,172,173,175,176,177,178,179,180,181,182,183,185,188,190,192,193,195,196,197,198,199,200,201,202,203,204,206,207,208,209,210,211,212,213,214,215,216,217,218,219,221,222,223,224,225,226,228,233,235,236,237,238,239,240,241,242,243,245,247
46,48,49,50,51,52,53,55,56,58,62,63,65,66,67,68,70,71,72,73,74,75,76,77,81,82,83,84,86,87,89,90,91,92,94,97,99,100,101,102,103,105,107,108,109,110,112,113,114,115,116,117,118,119,120,122,123,124,125,127,128,130,131,132,135,138,139,140,141,142,143,145,146,147,148,150,151,152,153,158,159,160,162,163,165,167,168,169,170,174,175,177,178,180,181,182,183,184,185,186,187,188,190,191,193,194,195,196,197,198,199,200,201,202,203,204,205,206,207,208,209,210,211,212,213,215,217,218,219,221,224,225,226,227,228,229,232,233,234,235,236,239,241,242,243,244,246,247
47,49,53,54,55,56,57,59,61,62,64,65,67,68,69,71,73,74,75,76,77,80,82,83,84,86,87,89,90,91,92,93,95,96,98,99,100,101,105,106,107,108,109,110,111,112,113,115,118,119,121,122,125,126,128,129,131,133,134,136,138,139,140,142,144,146,147,149,150,152,154,155,156,157,158,159,160,161,162,164,165,166,167,168,169,170,171,172,174,175,176,177,178,179,180,181,182,183,184,185,189,190,192,193,194,195,196,197,198,199,201,202,203,204,205,206,208,209,210,211,212,213,217,218,219,220,222,224,226,228,230,231,232,233,234,237,238,239,241,242,243,247
48,50,51,52,54,55,56,57,58,60,61,63,64,65,66,67,69,70,74,75,76,77,79,80,82,83,84,85,86,87,89,90,91,94,95,96,97,98,100,101,102,103,104,105,106,107,108,112,113,114,117,118,119,120,121,122,123,124,127,128,129,130,131,133,135,136,137,139,140,142,143,144,145,146,148,150,151,152,153,155,156,161,162,163,164,168,171,172,173,174,175,176,177,178,180,181,183,184,185,187,188,189,190,192,193,194,195,196,197,199,200,201,203,206,207,208,209,211,212,213,214,217,218,219,220,221,222,223,224,225,226,227,228,229,233,234,235,236,237,238,239,240,242,243,244,245,247
49,50,51,53,54,56,57,58,61,62,63,64,65,66,67,68,69,70,73,74,77,79,80,81,82,83,84,86,87,88,89,91,92,95,97,98,99,101,102,104,105,106,108,109,110,112,114,116,117,120,121,122,123,124,125,126,127,130,131,132,133,136,137,138,139,140,141,146,147,148,149,150,151,152,154,155,156,158,159,160,161,162,163,164,166,167,168,170,171,172,175,176,178,181,184,185,187,190,191,192,193,194,195,196,197,199,200,201,202,203,205,207,209,210,211,212,215,216,217,218,219,220,222,223,224,225,226,227,228,229,230,231,232,233,235,236,238,239,241,242,244,246
50,52,54,56,57,58,59,61,62,63,64,65,66,67,69,70,72,74,75,76,78,79,80,83,85,86,87,88,89,91,93,94,95,96,97,98,99,100,101,102,103,105,106,107,108,110,111,112,113,115,116,117,118,119,120,121,123,124,125,128,129,130,132,133,136,138,139,140,142,143,144,146,147,148,149,150,151,152,154,155,156,157,158,160,161,162,163,165,166,167,168,169,172,174,175,176,177,180,181,182,183,184,187,188,190,191,192,193,194,197,198,200,201,202,204,205,206,207,208,209,211,212,213,214,215,216,218,222,230,232,233,234,235,237,240,241,242,243,245,246,247
51,52,53,54,55,56,57,58,59,60,64,65,66,68,71,72,73,74,75,76,77,78,80,82,83,86,88,89,91,93,94,95,96,97,99,100,102,103,104,105,108,109,110,111,113,114,115,116,117,118,119,121,122,123,125,127,129,130,132,133,134,136,138,141,144,145,146,148,149,150,153,154,156,157,158,159,160,161,162,163,165,167,170,171,172,173,174,175,176,178,181,182,183,184,185,186,187,188,190,192,193,196,197,198,200,201,202,203,204,206,207,208,210,212,213,214,215,216,217,218,219,220,221,223,224,225,226,227,229,232,233,234,235,237,238,240,243,245,247
52,53,54,55,56,57,58,59,60,64,66,68,69,70,71,72,73,74,78,79,80,82,83,86,87,88,90,92,94,95,97,98,100,101,102,103,105,106,108,110,112,113,115,116,117,121,123,124,126,127,128,129,130,131,132,133,134,138,139,140,141,142,144,145,146,147,151,152,154,155,156,157,159,160,161,162,163,164,165,166,168,169,170,171,172,173,175,176,178,179,180,182,183,186,187,188,189,190,191,192,193,194,195,196,197,198,199,200,201,202,204,205,206,207,210,211,212,213,214,215,216,217,218,220,221,222,223,224,225,226,228,230,231,232,234,235,237,239,240,241,242,243,246,247
53,54,55,56,57,59,60,62,64,65,66,67,68,69,70,73,74,75,77,78,79,80,83,86,87,88,89,90,91,92,93,94,95,96,97,98,99,100,101,102,103,104,106,107,108,110,111,112,113,114,115,117,118,120,122,123,126,128,130,131,132,133,136,137,138,139,141,142,143,144,145,147,148,149,154,155,156,157,158,161,162,163,164,166,167,169,170,171,173,175,176,177,180,184,186,187,189,192,193,194,195,196,198,200,201,202,203,204,205,207,208,209,210,212,213,214,215,216,217,218,219,220,222,223,224,225,227,228,229,230,231,232,233,234,235,236,237,238,241,242,243,245,246,247
54,55,56,60,62,63,65,66,67,69,70,72,73,74,76,77,78,79,80,81,82,83,84,85,86,87,88,90,92,95,96,97,98,99,100,102,103,104,105,106,107,108,109,111,112,113,115,118,119,120,121,122,123,125,127,128,130,132,133,134,135,136,138,139,141,143,144,147,149,150,151,153,154,155,156,157,158,159,162,163,165,166,169,170,171,172,173,174,175,176,177,178,180,181,182,183,184,185,186,188,190,191,192,193,195,198,200,201,202,203,204,206,207,208,210,211,212,213,214,215,216,217,218,220,221,223,224,225,226,227,230,231,233,235,237,238,239,240,244,245,246,247
55,56,57,60,62,63,66,67,68,71,73,74,75,76,77,78,80,81,82,83,84,85,86,87,88,89,90,92,93,94,96,98,99,102,104,105,106,107,108,109,110,111,112,113,114,115,116,117,118,120,121,122,124,125,126,127,129,130,131,132,133,134,136,137,141,144,145,146,147,148,149,151,152,153,154,156,157,158,160,162,163,164,165,167,168,169,173,174,175,176,177,178,179,180,181,183,187,189,190,191,192,193,195,196,198,200,201,202,203,204,205,206,207,208,209,210,213,214,215,216,217,218,220,221,222,223,224,225,226,227,229,230,231,232,233,235,237,238,241,242,243,244,245,246,247
56,57,58,59,60,61,62,63,64,65,66,67,70,71,72,73,74,75,76,77,78,79,80,82,84,85,87,89,91,92,93,94,96,99,103,105,107,109,110,111,112,113,114,115,117,118,120,121,123,125,127,128,130,131,132,133,135,136,137,138,139,141,142,143,144,146,147,148,149,150,151,152,154,155,157,158,160,161,162,163,164,166,167,168,169,170,173,174,175,177,178,179,180,181,182,183,184,185,186,189,192,193,194,195,196,200,201,202,203,207,208,210,211,213,214,215,216,217,218,219,220,221,222,223,224,225,226,227,232,233,234,236,237,238,239,240,242,243,244,245
57,58,61,62,63,64,66,67,69,70,71,72,73,75,77,78,79,80,81,82,84,86,87,88,89,90,92,93,95,96,97,99,101,102,103,104,105,106,107,110,111,112,113,114,115,116,117,119,121,122,123,124,125,126,127,128,129,130,133,134,135,136,137,138,141,142,143,144,146,148,150,153,154,155,156,158,161,163,164,165,166,167,168,169,171,172,175,176,179,180,181,182,184,185,186,187,190,192,194,195,196,198,199,200,201,202,203,206,207,208,209,210,211,213,214,216,218,219,220,221,222,224,225,226,227,228,229,230,231,232,233,235,236,237,238,239,241,242,243,245,246,247
58,59,60,61,62,63,65,66,68,69,71,72,73,74,76,77,78,79,83,85,86,87,88,89,90,91,92,94,95,96,97,98,100,102,103,104,106,107,108,109,110,111,113,115,119,120,122,123,125,126,127,128,129,130,131,134,135,137,138,139,141,142,143,144,148,149,150,151,152,154,155,157,158,160,162,165,166,167,168,169,170,173,175,176,177,178,179,180,183,184,185,187,188,189,190,192,193,194,195,196,197,198,200,201,202,203,204,205,206,207,208,210,212,213,216,218,219,220,221,222,223,225,226,227,230,231,233,234,235,236,237,238,239,241,243,244,245,246
59,60,61,62,63,64,65,66,67,68,69,70,71,72,75,76,77,79,80,82,85,86,87,88,90,92,93,94,96,97,99,101,102,103,104,105,106,108,109,110,111,112,113,114,116,117,119,120,121,122,123,124,125,126,127,128,130,131,132,133,134,135,141,142,143,144,145,146,147,148,150,151,153,154,156,157,158,159,160,161,162,163,165,166,167,170,171,172,173,174,177,178,179,180,182,183,184,185,188,190,191,192,193,194,195,196,197,200,201,204,205,207,209,211,212,216,218,219,220,221,222,224,225,226,227,228,229,231,232,235,236,237,238,239,240,241,242,244,245,246
60,61,63,64,65,66,67,68,70,75,76,79,80,81,82,83,86,87,88,89,90,91,93,94,95,96,97,98,102,103,104,105,107,108,109,110,111,115,116,117,118,120,121,122,123,124,125,127,129,131,132,133,134,135,137,138,139,140,141,142,143,144,146,147,148,149,150,151,152,154,155,156,157,159,160,161,162,163,165,166,168,169,170,171,172,173,174,175,176,177,179,181,182,183,185,186,190,192,193,194,195,196,199,203,204,205,206,207,208,211,212,214,215,217,218,219,221,222,224,225,226,229,230,231,232,233,234,235,237,238,239,240,242,243,245,247
61,62,63,64,65,66,67,68,69,70,71,72,73,74,75,77,78,79,81,82,83,84,85,86,88,89,90,91,92,96,97,98,99,101,102,103,104,105,108,109,112,116,118,119,120,122,123,125,126,129,130,131,132,133,134,135,136,138,139,140,142,143,144,145,147,149,150,151,156,157,158,159,161,162,163,164,165,166,167,168,169,170,171,176,177,178,179,180,181,183,184,185,187,188,192,193,194,195,196,197,198,199,200,202,203,205,206,207,208,209,210,211,212,213,214,215,217,219,220,222,223,224,225,226,227,228,230,232,233,234,235,237,238,239,241,243,244,245,246
62,64,66,67,69,70,71,72,73,75,77,78,79,80,81,82,83,84,85,87,89,90,91,92,93,94,95,96,97,99,100,101,103,104,105,106,107,108,109,111,112,113,114,115,116,118,119,120,121,122,123,124,126,128,129,130,131,132,134,135,136,138,141,142,144,147,149,150,151,152,153,155,156,157,158,159,160,162,163,164,165,167,168,170,171,172,174,176,177,179,180,181,184,185,186,187,190,191,193,195,197,198,199,200,201,203,204,206,207,208,210,211,212,213,214,215,216,217,219,220,223,224,225,226,227,228,229,230,231,232,233,234,235,238,240,241,242,243,244,245
63,65,67,69,70,71,73,74,75,76,77,79,80,83,84,87,89,90,91,92,93,95,97,99,100,101,103,104,105,106,107,108,109,111,112,113,114,116,117,118,119,120,121,122,123,125,126,127,128,130,133,135,136,137,139,141,142,143,145,146,147,148,149,150,151,153,154,155,156,157,158,159,160,162,163,164,166,167,168,170,171,172,173,174,175,176,177,178,179,181,182,183,185,186,188,189,191,194,195,196,197,198,199,201,202,203,204,205,206,207,208,210,211,213,214,215,216,217,218,220,221,222,224,225,226,230,232,234,235,236,237,238,239,240,241,243,244,245,246,247
64,65,67,68,69,70,72,73,74,76,77,79,80,83,84,85,86,87,88,89,90,93,94,95,96,98,99,100,102,104,105,106,107,108,109,110,112,116,117,118,119,120,122,123,125,127,128,130,131,132,134,135,136,137,138,141,142,143,144,145,146,148,149,150,151,154,155,156,157,158,159,160,161,162,163,166,167,169,171,172,173,174,175,178,179,180,182,183,185,186,187,188,189,190,191,194,195,196,197,198,199,200,201,202,203,204,205,206,207,209,211,212,213,214,215,216,217,218,219,220,221,223,224,225,226,227,228,229,231,232,233,239,241,242,243,244,245,246,247
65,66,67,68,69,70,71,72,73,74,75,76,80,81,82,83,85,86,87,88,89,91,92,93,95,97,98,100,101,102,103,104,105,106,107,108,109,110,113,116,118,120,121,122,124,125,126,127,128,130,131,132,133,134,135,137,139,142,143,144,146,147,149,150,151,153,154,155,157,159,160,161,162,163,164,167,168,169,170,171,172,173,174,175,176,177,178,179,180,182,183,186,187,188,189,190,191,192,193,195,196,199,201,203,204,205,206,208,209,210,211,213,214,217,218,219,220,221,222,224,225,226,228,229,230,233,234,236,237,238,239,240,241,242,243,246
66,67,68,70,71,72,73,74,76,77,78,79,80,81,82,83,84,85,86,87,88,89,90,91,92,93,94,95,96,99,101,104,105,108,109,110,111,112,113,114,115,116,117,118,120,121,122,123,124,125,127,129,130,131,132,133,135,136,137,139,141,143,144,146,147,148,150,151,152,154,155,156,157,158,159,161,163,164,165,166,167,168,169,170,171,173,174,175,176,177,179,180,181,182,186,187,189,190,191,192,193,194,195,200,201,202,203,204,206,209,210,211,214,215,216,217,219,221,222,223,224,225,226,227,229,230,231,232,233,234,237,239,240,241,242,244,245,247
67,68,69,70,71,72,73,74,75,76,77,78,79,80,81,83,84,85,86,87,89,90,91,92,93,94,95,96,102,103,104,105,107,109,110,111,112,113,114,115,116,117,118,120,121,123,124,125,127,129,130,131,133,135,136,137,140,141,142,143,144,145,147,148,149,150,151,152,153,155,156,157,158,159,160,162,163,165,166,168,169,171,172,174,175,177,178,182,183,184,185,186,187,188,189,190,191,192,193,194,195,196,197,198,200,204,205,206,207,208,209,212,213,214,215,217,219,220,221,223,224,226,228,230,231,233,234,236,237,238,239,240,241,242,243,244,245,246,247
68,69,70,75,76,78,79,81,82,83,84,86,87,88,89,90,91,92,93,95,96,97,98,99,100,101,102,105,106,108,110,113,115,116,117,118,120,122,123,124,125,126,127,128,129,130,131,132,136,137,139,140,143,144,147,149,150,151,152,154,156,157,159,161,162,163,164,165,166,168,169,170,175,176,177,178,179,181,182,186,187,191,192,193,195,196,198,201,203,205,206,207,208,211,212,213,214,215,216,217,218,219,220,224,225,226,227,228,229,230,233,235,236,237,238,239,240,242,243,244,245,246,247
69,70,71,73,74,76,77,78,80,83,84,85,86,87,88,89,91,93,95,97,98,100,103,104,105,106,107,108,109,111,113,114,115,116,118,120,121,122,123,126,128,131,132,133,134,135,136,138,139,141,142,144,146,149,152,153,156,157,158,159,160,163,166,167,168,170,171,174,175,176,178,180,181,182,183,187,189,190,191,192,193,194,196,197,198,199,201,202,204,205,206,208,209,211,213,214,216,217,218,219,220,223,224,225,227,228,229,230,231,234,235,237,238,240,241,242,244,246,247
70,71,72,73,75,76,77,79,80,81,83,84,87,89,90,91,93,94,97,98,99,101,102,104,105,106,107,109,110,111,112,113,114,115,117,118,119,121,122,124,125,126,127,128,129,130,131,132,133,134,135,139,140,141,143,145,146,147,148,149,150,151,153,157,158,160,161,163,164,165,166,167,168,169,170,171,172,174,175,176,177,178,179,181,182,184,185,186,187,188,189,190,193,195,196,197,200,204,208,210,211,212,213,215,216,217,218,219,221,222,224,226,228,229,230,231,232,233,234,236,237,239,241,242,243,245,246,247
71,74,75,77,78,79,80,82,84,85,87,88,89,90,91,93,94,96,98,99,100,101,102,103,104,105,106,107,108,109,110,111,113,114,115,117,119,120,121,122,123,126,127,128,129,130,131,132,133,134,135,136,137,138,139,140,141,142,143,144,145,146,147,150,151,152,155,156,157,158,161,162,164,165,166,167,168,171,173,174,175,176,177,179,180,181,182,183,184,185,186,187,189,190,191,194,195,197,198,200,201,202,204,205,206,207,208,209,210,211,212,213,214,215,216,218,219,221,222,224,228,229,230,231,232,235,236,237,238,239,240,241,243,244,245,246
72,73,74,75,76,77,78,79,81,83,84,87,88,89,90,91,92,93,94,95,97,98,99,100,101,102,103,104,107,108,110,112,115,116,117,118,120,122,124,127,130,131,132,133,134,135,137,138,139,140,141,144,145,146,147,148,150,151,152,153,154,155,156,157,158,159,160,161,162,164,165,166,168,171,173,176,177,179,180,182,183,185,186,187,189,192,193,194,196,197,198,199,200,202,204,210,211,212,213,214,215,216,217,218,219,220,222,223,226,227,229,230,231,233,235,237,238,241,244,246,247
73,74,75,76,77,79,81,82,83,84,86,88,89,93,94,97,98,100,101,103,105,108,110,111,112,114,115,116,117,118,120,121,123,124,125,128,129,131,132,133,135,136,137,138,140,141,142,143,146,147,149,150,151,152,157,159,160,161,162,163,164,165,166,167,168,169,170,172,173,174,175,177,178,180,181,182,184,185,186,188,189,191,192,193,195,196,197,200,201,202,203,204,207,209,212,215,217,218,220,221,222,224,225,227,228,230,231,232,233,234,235,236,237,238,239,240,243,244,245,247
74,75,76,77,78,79,81,82,84,90,93,94,95,96,98,99,100,101,102,105,107,108,109,110,114,116,117,118,120,121,123,124,125,127,129,132,134,135,136,137,138,140,143,144,146,148,149,150,152,153,154,155,156,157,158,159,160,161,164,166,167,168,170,172,173,174,176,178,179,180,181,182,183,184,185,186,187,188,190,191,192,193,195,196,197,198,201,203,204,205,206,207,208,209,211,212,213,215,216,217,218,221,222,225,227,228,230,231,232,237,238,239,240,241,243
75,76,77,78,81,82,83,86,87,89,90,92,94,95,96,97,98,100,101,102,103,104,105,107,109,110,111,113,114,117,118,119,120,121,124,125,126,129,130,132,133,137,138,139,140,142,145,147,148,150,154,155,156,159,160,164,165,166,168,170,172,174,175,176,177,179,180,181,183,184,185,186,187,188,189,190,191,192,193,194,195,197,198,201,202,203,204,207,208,209,211,212,214,216,217,218,219,220,221,223,224,225,227,230,231,232,233,234,235,237,240,242,243,246
76,77,79,81,82,83,84,85,86,87,89,90,91,92,94,95,96,98,99,101,102,103,104,106,108,109,110,112,113,114,115,116,117,118,119,120,121,124,125,126,127,128,129,130,131,132,134,137,139,140,143,145,146,149,150,151,153,154,155,156,157,158,159,160,161,162,163,164,165,166,170,171,172,173,174,175,177,179,180,181,182,183,184,186,187,188,189,190,191,193,194,195,196,197,198,200,201,203,204,205,206,207,209,210,211,212,213,214,215,216,217,219,220,222,224,225,226,227,229,230,231,232,234,235,236,237,238,239,240,241,243,244,245,246,247
77,78,80,81,83,85,87,88,89,90,91,92,94,96,97,98,99,100,101,102,103,104,105,106,108,109,110,112,113,114,115,116,117,119,121,123,125,126,127,128,129,131,133,135,136,138,139,140,141,142,146,148,149,150,151,153,154,155,156,157,159,160,161,162,164,165,166,168,169,170,171,173,176,177,181,182,183,184,185,188,190,191,192,193,194,195,196,197,198,200,202,204,205,206,207,208,209,211,212,213,214,216,217,218,219,220,221,222,223,224,225,226,228,229,230,231,232,233,234,235,237,238,240,241,242,243,244,245,246,247
78,79,80,81,82,83,85,87,88,91,93,94,96,98,99,100,101,102,104,106,107,108,109,111,112,114,115,118,120,121,122,123,124,125,128,129,130,131,132,134,135,137,140,141,143,144,145,146,148,149,150,151,153,154,155,157,158,159,160,161,164,165,166,167,168,169,170,171,172,173,174,176,179,180,181,182,184,185,186,189,190,192,193,195,196,197,198,199,202,203,205,206,207,208,209,210,211,214,215,217,218,219,220,221,223,224,225,226,227,228,230,231,232,235,236,237,239,241,242,244,245,246,247
79,81,82,84,85,86,88,89,90,91,92,93,94,96,97,98,99,100,102,104,106,107,108,112,113,115,116,117,120,121,122,123,124,125,126,127,128,129,130,131,132,133,134,135,136,139,140,141,143,144,146,147,148,149,150,151,153,154,155,156,157,159,161,162,163,164,165,167,168,169,172,173,175,176,180,181,183,184,185,186,188,189,190,191,192,194,195,196,197,198,199,200,201,202,203,204,206,209,210,212,213,214,215,216,217,218,219,220,223,224,225,226,227,228,229,230,231,233,234,235,236,238,239,240,241,243,244
80,81,82,83,84,85,86,87,88,90,91,93,94,95,96,97,98,99,100,101,103,104,105,107,108,109,110,111,112,113,114,116,117,119,120,121,127,129,130,131,133,134,135,136,137,138,140,141,142,143,144,147,148,151,154,155,156,158,164,165,168,169,170,171,172,173,175,176,178,179,181,182,183,187,188,189,191,192,194,195,196,198,199,200,201,202,206,207,208,210,211,212,213,214,217,218,219,220,221,222,223,225,227,228,229,230,231,232,233,234,235,238,239,240,242,244,246,247
81,82,83,84,85,86,87,90,91,92,93,94,95,97,98,99,100,101,103,105,106,107,108,110,111,112,113,114,115,117,118,119,121,123,124,125,126,127,128,129,130,131,132,134,135,136,137,138,139,140,141,142,145,148,149,151,152,154,155,156,158,159,162,163,165,167,168,170,171,172,173,174,176,177,178,180,181,182,183,184,185,186,187,188,190,191,193,194,195,197,198,199,202,203,204,205,208,211,212,213,215,217,218,222,223,224,225,226,228,229,231,234,236,238,239,240,241,242,243,246,247
82,86,87,89,90,91,92,93,95,97,99,100,101,102,103,104,106,107,108,110,111,112,113,114,115,117,118,119,121,122,123,125,126,127,128,129,131,133,134,135,136,137,138,139,140,142,143,145,146,148,151,154,156,157,158,159,160,161,164,165,166,167,172,173,174,175,177,178,179,181,182,183,184,186,187,188,190,191,192,193,194,198,199,200,202,204,205,206,207,208,209,210,211,212,214,215,216,218,220,222,228,229,231,233,234,235,237,238,239,240,245,246,247
83,84,85,86,87,88,89,90,92,94,95,96,97,99,100,101,104,105,106,107,109,110,111,112,113,114,115,116,117,119,121,123,125,128,129,130,131,132,133,135,136,138,139,140,141,142,144,145,146,147,148,150,151,153,155,156,157,158,160,161,162,164,166,167,169,170,171,173,176,177,178,181,182,183,184,186,187,188,189,191,192,194,195,196,197,198,199,201,202,204,205,206,207,208,210,211,212,213,214,215,216,217,218,219,220,221,223,224,228,229,231,232,233,235,236,237,238,241,242,243,244,246
84,85,87,89,91,92,93,96,99,100,102,104,106,107,110,111,112,113,115,116,117,118,119,120,121,122,123,124,125,127,128,129,130,132,133,134,135,136,137,140,142,143,144,147,149,153,154,155,156,157,158,159,160,161,162,164,165,166,167,168,169,170,171,172,174,176,178,179,181,182,184,186,188,189,190,191,194,195,196,197,198,201,204,205,206,207,209,211,212,213,214,215,216,218,219,221,222,223,224,225,226,227,228,229,230,231,232,234,235,236,239,242,246
85,86,87,88,89,90,91,92,93,94,97,98,99,100,101,103,104,106,107,108,109,110,111,113,115,116,117,118,119,120,121,122,123,124,126,130,131,132,133,134,135,136,137,138,140,141,142,144,145,147,148,149,151,153,154,158,159,160,161,162,166,167,168,169,170,172,173,174,175,176,177,179,180,181,182,183,185,186,187,190,191,192,194,195,196,200,201,202,203,204,205,207,208,209,210,211,212,213,214,217,218,219,220,221,223,224,225,228,229,230,232,233,234,235,238,239,241,242,243,244,246,247
86,87,88,89,90,91,93,94,95,96,97,98,99,101,103,104,105,107,108,109,110,111,112,113,114,115,117,118,119,121,122,123,124,126,127,128,129,131,133,134,135,136,137,138,140,142,143,145,146,147,148,149,150,151,152,154,155,157,158,160,163,164,165,166,167,168,170,172,173,174,175,176,177,178,179,180,181,182,183,184,185,186,187,188,189,191,193,194,196,198,199,200,203,204,205,206,207,208,209,210,211,212,214,215,216,218,219,220,221,223,225,226,227,228,229,230,231,232,234,235,236,237,238,239,240,241,242,243,244,245,246
87,88,89,91,92,95,97,98,99,100,101,102,103,104,106,108,109,110,111,112,114,117,118,119,120,121,122,123,125,126,127,128,129,130,131,132,133,134,135,136,137,138,139,141,142,143,144,146,147,148,149,150,151,152,154,155,156,158,160,161,162,164,166,168,169,170,171,172,174,175,176,177,178,180,183,184,188,189,191,192,193,194,195,196,198,199,200,201,203,204,206,207,210,211,212,213,214,215,217,221,222,223,226,227,228,229,230,231,232,233,234,235,236,237,239,240,242,243,244,246,247
88,89,90,91,92,94,96,97,99,100,101,102,104,105,106,107,109,113,115,116,118,119,120,122,123,125,126,128,129,130,131,132,134,135,140,141,142,143,146,147,152,153,154,155,157,160,162,163,165,166,167,168,172,173,174,175,177,179,180,181,182,183,184,187,188,190,192,193,194,196,197,198,199,200,201,202,203,204,205,206,208,209,211,212,213,214,215,216,218,219,220,222,223,224,225,226,227,228,229,230,231,234,236,237,238,239,240,241,242,243,244,245,247
89,90,92,94,97,98,99,100,103,104,106,108,109,110,111,112,113,114,115,116,118,119,120,123,124,125,126,127,128,130,132,133,134,136,138,140,143,144,146,147,149,152,153,154,155,157,158,159,160,161,162,165,166,167,168,169,170,171,174,175,176,177,178,179,180,181,182,183,187,188,189,190,191,192,194,195,196,197,198,200,201,202,204,206,208,209,210,212,213,214,215,216,217,218,219,220,221,222,223,224,227,228,229,230,232,233,234,235,236,237,238,239,240,241,242,243,244,245,246,247
90,91,92,93,94,95,97,98,99,100,102,104,105,108,109,111,114,115,116,117,118,119,123,125,126,127,128,129,132,133,134,136,137,139,141,142,143,144,145,146,147,148,149,150,151,155,156,157,158,159,160,161,162,163,164,165,169,170,171,172,173,174,176,177,180,181,182,184,185,186,187,189,191,195,196,197,199,200,201,203,204,205,206,207,208,209,210,211,212,213,214,215,216,217,219,220,221,222,224,226,229,231,232,233,235,239,240,242,243,245,246,247
91,92,93,95,96,97,98,99,100,101,102,103,104,105,106,107,108,112,113,114,116,117,118,120,121,122,124,125,127,128,129,130,131,132,134,135,137,138,139,141,142,143,144,146,147,149,150,152,154,155,156,158,159,160,162,163,164,166,167,170,171,172,173,174,176,178,179,180,181,182,184,187,188,190,193,194,196,197,198,199,200,202,203,204,205,206,207,208,211,212,213,215,216,218,219,222,223,224,227,228,229,230,231,232,235,236,238,239,240,241,243,244,245
92,94,96,97,98,99,100,101,102,103,105,107,109,110,111,113,115,117,118,121,122,123,124,125,126,127,128,130,131,132,134,136,137,138,139,140,141,142,143,145,146,149,150,152,153,155,157,158,159,160,162,164,165,167,168,169,170,171,172,173,175,176,178,179,180,181,182,183,184,185,186,191,192,193,195,196,197,199,202,204,205,206,207,210,212,215,216,217,219,220,221,222,224,226,228,229,231,235,237,238,239,240,242,243,244,245,247
93,94,95,96,97,98,99,100,102,104,107,108,109,111,112,115,119,120,122,123,125,127,130,132,135,137,138,140,141,142,144,145,146,148,149,150,152,155,156,157,160,161,162,163,164,166,167,168,169,171,173,174,175,176,178,179,181,182,184,186,187,189,190,191,192,193,194,195,196,197,198,199,200,201,202,203,204,205,206,207,209,212,213,214,215,216,217,218,219,220,221,222,223,224,225,226,227,232,233,236,238,239,240,241,244,245,247
94,96,97,98,100,101,102,103,104,109,110,111,112,113,114,115,116,117,120,121,122,124,125,127,129,130,131,132,134,135,136,137,139,140,141,142,143,144,145,147,148,149,150,152,153,154,157,158,159,162,165,166,167,169,171,172,173,176,177,178,179,180,181,182,183,184,187,189,190,191,192,194,195,196,197,198,200,201,202,203,204,205,206,208,209,210,211,212,214,215,216,217,218,220,221,222,223,224,225,226,227,228,229,231,232,233,234,236,237,239,241,242,243,244,245,246,247
95,97,98,100,101,102,103,104,105,106,107,108,109,110,112,113,115,116,118,119,120,122,123,124,125,127,128,129,130,131,132,133,135,136,137,138,139,140,141,142,144,145,147,149,150,151,153,154,155,156,159,160,161,162,163,164,165,166,167,168,169,173,174,175,176,177,179,180,181,183,184,186,187,188,189,190,191,193,194,195,196,197,198,199,200,202,203,204,205,206,208,209,210,211,212,213,214,215,216,217,218,219,220,221,222,223,224,225,226,227,228,230,231,232,233,234,235,236,237,238,239,240,242,243,244,245,246,247
96,97,98,99,100,101,102,104,106,107,108,109,110,111,112,114,115,116,118,120,122,124,125,126,128,129,131,132,133,134,135,136,137,138,139,140,141,142,143,145,146,147,151,153,156,157,158,164,165,166,167,168,169,172,173,174,175,176,177,179,180,181,182,184,185,188,189,190,191,192,193,195,196,197,198,199,200,205,206,207,208,209,210,211,212,214,215,216,219,220,223,224,225,226,227,228,230,231,232,233,235,236,237,238,239,241,245,246,247
97,98,101,102,103,104,109,110,111,112,113,114,116,117,120,121,123,124,125,129,130,131,132,136,139,140,141,142,143,144,145,147,148,149,150,151,152,154,155,156,157,158,159,160,161,162,163,164,165,166,167,168,170,172,173,177,178,181,186,188,189,190,193,195,196,198,199,200,201,202,205,207,211,212,215,217,220,222,223,224,225,226,228,231,233,235,237,238,239,242,244,246,247
98,99,100,101,106,107,108,109,110,111,112,114,115,118,119,120,122,125,127,129,130,133,134,136,138,141,144,145,148,149,150,151,154,155,156,160,161,162,164,165,166,168,170,171,174,175,176,179,180,184,185,186,187,188,189,190,191,192,193,195,196,198,199,200,201,203,204,205,206,208,209,212,214,216,220,221,225,227,228,230,233,234,236,237,242,243,245,246
99,100,102,104,105,107,111,112,114,116,117,118,119,120,121,122,125,126,127,128,130,131,132,134,135,136,137,138,141,142,145,146,147,148,149,150,151,152,153,154,155,156,158,159,160,161,162,163,164,165,166,168,169,171,173,175,177,178,179,180,181,183,185,187,188,191,193,194,195,196,199,200,201,203,204,205,206,207,208,209,210,211,212,213,214,215,216,217,218,220,221,223,224,226,227,229,230,232,233,234,237,238,239,240,241,243,244,246,247
100,101,102,103,104,105,106,108,109,110,111,112,113,114,115,117,118,119,122,124,125,126,127,128,129,131,132,133,134,135,137,138,139,141,142,144,145,146,147,148,149,150,151,152,153,154,156,158,159,161,164,165,166,169,170,172,173,174,177,178,179,180,181,182,183,185,186,187,188,190,192,193,195,196,197,200,201,203,204,205,206,207,208,209,210,211,215,216,217,218,219,220,221,222,223,224,226,227,228,230,232,233,235,236,238,239,240,241,242,243,244,245,247
101,102,107,108,109,110,111,113,114,115,116,117,118,119,120,122,123,126,127,128,129,130,132,136,137,138,139,140,141,142,143,145,146,148,150,151,153,154,155,158,160,161,162,163,165,166,167,169,170,171,172,173,175,176,177,178,182,183,185,186,189,191,193,194,195,196,197,198,200,201,202,203,204,205,206,207,210,211,212,214,216,217,220,221,223,224,225,226,227,228,229,230,231,232,234,235,236,237,238,241,242,243,244,245,246,247
102,104,105,106,107,108,109,110,111,112,113,116,117,118,119,120,121,123,124,125,126,127,128,129,130,131,132,133,134,135,136,138,139,140,141,143,144,145,146,147,149,150,151,152,153,154,155,156,157,160,161,162,163,164,165,166,167,168,169,170,172,173,174,176,177,178,179,180,183,184,185,186,188,190,191,192,193,194,195,196,197,198,199,200,201,203,204,205,209,213,214,217,218,219,220,221,222,224,227,228,229,230,231,232,234,235,237,238,240,242,243,244,245,246,247
103,105,106,108,109,110,111,113,115,116,117,120,121,122,123,124,125,126,128,129,131,132,133,134,135,136,137,140,141,142,143,144,145,148,149,150,151,152,153,154,155,157,158,159,160,164,165,166,167,168,170,172,173,175,177,178,179,180,181,182,183,186,187,189,191,194,195,196,197,198,199,200,201,204,205,206,210,211,213,214,215,216,218,219,220,221,222,224,225,226,227,229,230,231,232,233,234,235,236,237,238,240,241,242,243,245,246,247
104,105,106,107,109,110,111,112,113,115,118,119,120,121,122,123,125,127,129,131,132,133,135,136,137,138,140,141,145,146,148,149,151,152,153,155,156,157,158,159,160,161,162,164,165,167,168,169,170,171,172,173,175,176,178,182,183,184,185,186,187,188,191,192,193,194,196,199,200,202,205,207,209,212,213,214,215,216,218,219,220,221,222,224,225,226,227,228,229,231,232,233,234,235,236,238,239,240,241,242,243,247
105,106,108,109,110,111,113,114,115,117,119,120,121,122,123,124,125,126,127,128,129,130,131,132,133,134,135,137,138,139,141,144,145,147,148,150,151,153,154,156,158,160,161,162,164,165,166,167,168,170,172,173,174,176,177,178,179,182,183,184,185,186,188,189,190,192,193,195,196,197,198,199,203,204,205,206,212,214,215,216,217,218,219,220,221,222,223,224,225,229,232,234,235,236,237,238,239,240,241,242,243,244,245,246,247
106,107,108,109,111,112,113,114,115,116,117,118,120,121,122,123,124,125,126,127,128,129,130,131,132,133,134,135,136,137,138,139,142,143,144,145,148,149,150,151,152,155,156,157,158,159,160,161,162,163,167,168,169,170,172,173,175,176,177,178,179,180,181,182,183,184,185,188,189,190,191,192,193,194,195,197,198,199,200,201,202,203,204,205,206,207,208,209,211,212,213,214,215,218,219,221,222,223,224,228,229,230,232,233,234,236,237,239,240,241,242,243,245,246,247
107,108,109,110,111,113,114,115,116,117,119,120,121,123,124,125,126,127,128,129,131,132,133,135,136,137,138,140,141,142,143,144,145,147,148,149,150,151,152,154,155,156,157,159,160,161,162,163,164,165,167,169,170,171,172,176,177,178,179,180,181,183,184,187,188,189,190,191,192,193,194,195,196,197,198,199,200,201,203,204,205,206,208,209,210,212,213,214,216,217,218,220,221,223,225,226,227,229,230,231,232,233,234,235,236,238,240,241,242,244,245,246
108,110,111,112,113,114,116,117,118,120,123,124,125,126,127,131,132,134,135,137,138,140,141,143,144,146,147,148,149,150,151,152,154,155,157,158,159,160,163,164,165,166,167,168,169,170,173,174,175,176,177,178,179,180,181,183,184,185,187,189,190,191,193,194,197,198,199,200,201,203,204,205,207,208,210,213,214,215,216,217,218,220,221,222,223,225,226,227,228,229,232,235,237,240,242,245,246,247
109,110,111,112,113,114,116,117,118,119,120,121,122,125,128,129,130,131,134,137,138,139,140,141,142,143,145,146,150,152,153,154,155,157,158,159,160,161,163,164,165,166,167,168,169,172,173,174,175,176,177,178,179,181,182,183,184,189,190,191,192,193,195,199,200,202,203,204,205,207,208,209,210,211,212,214,215,216,217,219,220,221,222,223,224,225,226,227,228,229,230,231,232,233,234,235,236,238,239,241,242,243,244,245,246,247
110,111,112,113,114,115,116,117,118,120,121,123,124,125,126,127,128,129,132,134,138,139,140,141,143,144,145,146,147,148,150,152,153,154,155,156,158,159,160,161,162,163,164,165,166,167,170,171,173,174,175,176,177,178,180,181,182,183,184,186,187,188,189,190,191,192,194,195,196,197,202,204,206,207,209,211,212,213,214,215,216,217,220,222,223,224,225,226,228,229,231,233,234,235,236,237,238,239,240,241,242,243,244,245,246,247
111,112,113,114,115,116,117,118,119,121,122,123,124,125,126,127,128,130,131,132,133,134,136,138,139,140,143,144,145,146,147,148,150,151,153,154,155,156,157,158,159,160,162,163,164,166,167,170,171,172,173,174,176,178,180,181,182,183,185,186,187,188,190,193,194,195,196,197,198,199,200,201,202,203,205,206,207,209,211,212,214,216,218,219,221,222,224,225,226,228,229,231,232,233,234,236,237,238,239,240,241,242,244,247
112,113,114,116,117,121,122,123,124,126,128,129,130,131,133,135,137,139,140,141,142,143,144,145,146,147,148,149,153,155,158,159,161,162,163,165,166,167,169,170,172,173,174,175,176,177,178,180,182,184,185,186,187,188,189,192,193,194,197,199,200,201,203,204,205,206,207,208,209,210,211,212,214,215,217,218,220,221,223,226,227,229,230,232,233,236,239,241,242,244,245,246,247
113,115,116,119,120,122,125,126,129,130,131,133,134,135,137,138,139,140,141,142,143,144,145,147,148,149,150,151,152,153,156,159,160,162,167,168,169,170,172,173,174,177,178,179,180,181,184,185,186,188,189,191,193,194,195,196,197,199,201,202,207,208,210,212,213,214,215,216,217,218,219,221,222,223,225,226,227,228,229,230,233,234,236,237,238,239,241,242,243,244,245,246,247
114,115,116,117,119,120,121,122,124,126,127,128,130,134,136,139,141,142,145,146,150,151,153,154,155,156,157,159,162,163,164,165,167,168,169,171,172,173,176,177,178,180,181,183,184,185,188,189,190,191,193,194,195,196,197,198,199,201,202,204,205,207,208,209,211,215,216,220,221,222,224,225,227,228,229,230,231,235,237,238,239,240,241,242,244,245,246,247
115,116,119,120,121,126,127,129,130,134,136,138,139,140,141,142,143,145,147,148,150,151,153,154,155,156,158,159,163,164,165,167,168,169,170,172,173,174,175,176,178,179,180,181,182,183,186,188,189,190,191,192,193,194,195,197,198,201,202,203,205,206,207,208,210,211,212,213,215,216,218,219,220,221,224,226,227,230,231,232,233,234,235,236,237,238,239,240,241,242,244,246,247
116,118,120,122,123,124,126,127,128,130,132,133,135,136,138,139,140,141,143,144,145,146,147,148,149,150,151,152,153,154,155,156,158,159,160,161,162,163,164,165,166,167,168,169,170,171,172,174,175,176,177,180,182,185,186,187,188,189,190,191,192,193,195,196,197,198,200,203,204,205,206,207,208,209,210,211,213,214,215,216,217,218,219,220,221,222,223,225,227,228,229,230,231,232,233,234,235,236,238,240,241,242,243,244,245,246
117,118,119,120,121,122,123,124,126,127,128,129,130,132,135,136,137,139,140,144,145,147,148,149,150,151,153,157,160,161,162,163,164,167,168,169,171,172,173,174,177,179,180,181,182,183,184,185,186,187,188,190,192,193,194,195,198,200,202,203,204,209,210,211,212,213,214,216,220,221,222,223,225,226,228,229,230,231,232,234,238,239,240,241,242,244,245,246
118,121,123,124,125,126,127,129,130,131,132,135,136,137,138,139,140,143,144,145,148,149,150,151,152,153,155,157,158,159,160,161,162,163,164,165,166,167,168,169,170,171,173,174,175,177,179,180,181,182,183,185,186,187,188,189,191,192,193,194,195,196,197,198,199,201,202,204,205,206,207,211,212,213,214,215,216,217,218,219,220,221,222,224,225,226,228,229,230,231,232,233,234,236,237,238,239,241,242,244,245,247
119,120,121,125,127,129,130,132,133,134,135,136,138,142,143,144,145,148,149,150,151,153,154,155,156,158,159,161,162,164,165,167,168,170,171,173,175,176,177,179,180,181,183,185,186,187,188,190,192,194,195,196,197,198,199,200,203,206,207,211,212,213,214,215,216,218,220,221,222,224,225,226,227,228,230,233,234,235,236,237,239,240,241,242,244,247
120,121,122,123,124,125,126,127,128,129,130,131,132,133,134,136,137,138,139,140,141,142,143,144,145,146,148,149,150,151,152,153,154,155,157,160,161,162,163,164,165,166,168,169,170,171,172,173,174,175,177,179,181,182,183,184,185,186,188,190,191,192,193,194,195,197,201,202,204,206,208,209,211,212,213,214,216,218,219,220,221,222,223,224,225,226,228,230,231,232,233,237,238,239,240,242,243,245,246,247
121,122,123,124,127,128,129,130,131,132,134,135,136,137,139,140,141,142,143,144,145,146,147,148,149,150,153,154,155,158,160,161,162,163,164,165,166,167,168,170,171,172,173,174,175,178,180,181,182,184,185,186,188,189,190,191,193,195,196,197,201,202,203,204,205,207,208,209,210,212,214,215,216,217,218,219,220,221,222,224,225,226,227,228,229,231,232,234,235,237,238,239,240,242,244,245,247
122,123,124,125,126,127,129,130,131,132,133,134,135,136,137,138,139,140,141,142,146,147,149,150,152,154,158,159,160,161,162,163,164,166,170,172,173,175,176,179,180,182,183,184,186,187,189,191,192,193,194,196,197,198,200,201,202,205,206,207,208,210,211,212,214,215,217,219,220,222,223,224,225,227,228,229,230,231,232,233,234,235,237,239,240,245,246,247
123,124,125,126,127,129,132,133,134,135,136,137,138,139,140,142,143,145,147,149,150,151,152,154,155,156,157,158,160,161,162,165,166,167,168,170,171,172,173,174,175,176,177,178,181,184,185,186,187,188,189,192,193,195,196,198,200,203,205,206,207,208,209,211,213,215,217,218,219,220,221,222,224,225,226,228,229,233,235,237,238,239,240,241,242,243,244,245,246
124,125,126,127,128,129,130,134,135,136,137,139,142,144,145,149,150,151,154,155,156,157,158,159,161,163,164,166,167,168,169,171,172,173,174,175,177,178,179,180,181,182,184,185,186,187,189,191,193,194,195,196,197,198,199,201,204,205,207,208,209,212,215,216,217,218,219,221,223,225,226,227,228,229,230,231,232,233,235,236,237,241,242,243,244,245,246,247
125,126,127,128,129,130,132,134,135,136,138,139,140,141,144,146,147,149,151,152,153,154,155,156,158,160,163,169,170,171,174,175,176,179,181,182,184,185,187,188,189,190,191,193,194,195,196,197,198,199,201,202,203,204,207,209,210,211,212,214,215,216,217,218,219,221,222,223,224,225,226,228,229,230,231,232,233,234,235,237,238,239,240,241,242,243,244,245,246
126,129,130,131,132,133,134,136,137,140,141,143,144,146,147,148,150,151,154,155,156,157,158,160,162,163,165,166,168,169,170,173,174,175,176,177,178,180,181,183,184,185,186,187,188,190,191,192,193,194,196,197,199,201,202,203,205,208,211,214,216,218,219,220,222,223,225,227,229,230,231,232,233,234,235,239,240,241,242,243,244,245,246
127,128,130,131,132,134,135,137,138,139,140,142,143,144,145,147,148,149,150,151,152,153,154,155,157,160,161,162,163,164,165,166,167,169,170,173,174,175,176,177,178,179,180,183,184,185,186,187,188,190,192,193,194,195,196,197,199,200,201,202,203,204,205,206,207,208,209,210,211,212,213,214,216,218,220,221,222,223,224,225,226,227,229,230,231,233,235,236,237,238,239,241,242,244,246,247
128,130,131,132,133,137,138,139,141,143,144,145,146,147,149,150,151,152,156,159,160,161,162,163,164,170,171,172,173,174,175,176,178,179,180,184,185,186,187,188,190,192,193,194,195,196,197,198,199,202,205,207,209,210,212,213,214,215,216,217,218,219,220,221,223,224,227,228,230,231,232,235,237,239,240,242,244,245,246,247
129,130,131,132,133,135,136,137,138,140,141,143,145,146,148,149,150,151,153,155,156,157,158,159,160,162,164,165,166,167,168,169,170,171,172,174,176,177,178,179,180,181,184,185,187,188,189,190,191,192,193,194,195,196,198,199,200,201,202,203,204,205,206,207,209,210,211,212,214,218,219,220,222,223,224,225,226,227,228,231,233,234,235,237,238,240,242,243,244,246,247
130,131,132,135,136,137,138,139,140,142,144,146,149,150,151,152,155,156,157,158,159,160,161,163,164,165,167,168,169,170,171,175,178,182,183,184,185,187,188,189,191,193,194,195,196,198,200,203,204,206,208,209,210,213,215,216,217,218,219,220,222,223,224,226,228,229,230,231,232,234,235,236,239,240,241,242,244,247
131,132,133,134,135,136,137,138,139,140,141,142,143,144,145,148,149,151,152,153,155,156,157,158,159,162,163,164,166,167,168,169,170,172,174,175,176,179,181,182,183,184,185,186,187,188,189,190,194,195,197,198,199,201,203,204,207,208,209,211,212,213,214,215,216,217,218,221,222,223,224,225,228,231,232,235,236,237,239,242,243,246,247
132,135,136,137,138,140,141,142,143,145,146,147,148,149,150,151,152,153,155,156,157,158,160,163,164,166,168,169,170,171,172,173,175,176,177,178,179,182,183,184,185,186,189,190,193,194,196,198,199,201,203,204,205,206,207,209,210,211,213,214,215,217,218,219,220,221,222,223,225,226,227,228,230,232,233,234,235,236,237,238,239,240,241,242,243,244,245,247
133,134,135,137,138,139,141,142,143,144,145,146,147,150,153,154,158,159,161,162,163,164,165,166,167,169,170,171,172,173,175,176,178,179,182,183,185,186,187,188,189,191,192,193,194,195,197,198,199,200,201,202,203,204,205,206,207,208,209,211,212,213,214,216,217,218,219,220,222,224,225,226,228,229,231,232,234,235,236,237,239,241,243,244,246,247
134,136,139,140,141,144,145,146,147,148,149,150,151,152,153,155,156,157,158,161,162,163,164,165,166,167,168,171,172,174,175,178,179,180,181,182,183,186,187,188,189,192,194,195,196,197,198,200,201,202,203,204,205,206,207,209,211,214,216,218,220,221,224,225,226,228,229,231,232,234,235,236,237,238,240,241,243,244,245,246,247
135,136,137,138,139,140,143,144,145,146,147,148,149,150,153,154,155,156,158,159,160,162,163,164,165,166,167,169,170,171,172,174,175,176,177,179,180,181,182,183,184,185,187,188,189,190,191,192,193,194,196,198,199,201,202,203,204,205,206,207,208,210,211,212,214,215,216,217,218,219,220,221,223,224,225,227,229,231,232,233,234,235,236,237,238,239,241,242,243,246,247
136,137,138,139,140,141,142,146,147,149,151,152,153,155,156,157,158,159,160,161,162,164,165,166,167,168,170,171,172,173,174,176,177,178,179,180,181,182,184,185,186,187,189,190,193,195,197,198,199,200,201,203,206,207,208,209,210,212,214,216,217,218,219,221,223,224,225,227,228,230,232,233,235,236,237,239,240,241,244,245,246,247
137,138,139,140,141,143,146,148,150,152,153,154,155,157,158,159,160,162,164,165,166,167,168,169,170,171,172,173,175,176,177,179,180,181,182,183,184,189,191,192,193,194,196,198,199,202,204,209,211,214,215,216,217,219,220,221,224,225,226,228,229,232,233,234,236,239,240,241,242,245,247
138,139,140,143,144,147,149,150,151,153,156,157,159,160,162,163,164,165,167,168,169,170,172,173,174,176,177,178,179,180,181,182,183,184,187,190,191,192,197,198,199,200,201,202,204,207,208,209,210,212,215,216,217,218,220,221,222,226,229,230,231,232,233,234,237,239,241,243,244,246,247
139,140,141,143,144,145,148,150,151,152,154,157,158,159,160,161,162,163,165,168,169,170,173,174,175,177,178,179,181,182,184,186,187,188,189,193,194,196,198,199,200,201,202,203,204,205,206,209,210,211,212,214,215,217,219,220,222,223,225,226,228,229,232,233,234,235,236,238,239,241,242,244,245,246
140,141,142,144,145,146,147,148,150,151,152,153,154,156,160,161,162,163,166,169,170,171,172,173,174,176,177,180,181,182,183,184,186,187,188,190,191,192,193,194,195,196,197,198,200,201,204,206,207,208,209,214,215,217,218,219,220,221,222,223,224,227,228,229,230,231,233,234,236,238,239,241,243,244,245,246,247
141,142,143,146,148,149,150,152,153,154,155,156,157,158,159,161,163,164,166,167,168,169,173,177,178,179,180,181,182,183,184,185,186,187,188,190,194,195,196,197,198,201,202,205,206,208,210,211,212,213,214,215,216,217,218,219,221,224,226,227,228,230,231,233,234,235,236,237,238,239,240,241,242,243,244,245,246,247
142,143,144,145,146,148,150,151,154,157,159,160,161,162,163,164,168,169,171,172,173,174,175,176,177,178,179,180,182,183,184,185,188,189,190,191,192,195,196,197,198,200,201,202,203,205,206,207,208,210,211,213,215,216,217,219,220,221,222,223,224,225,226,228,229,230,231,232,233,234,236,237,238,239,241,242,243,245,247
143,144,145,146,147,149,151,152,153,154,156,157,158,159,160,161,162,167,169,170,171,172,173,174,175,177,179,180,181,182,184,185,187,188,191,192,193,194,195,198,200,201,203,204,206,207,209,210,211,212,213,214,215,216,218,219,220,221,222,223,224,226,227,229,230,231,232,233,234,235,236,237,238,239,240,241,243,245
144,145,147,149,153,154,155,156,158,159,160,161,162,163,165,167,168,169,170,173,174,175,176,177,178,180,182,184,187,188,189,190,191,192,193,194,197,198,199,200,202,203,204,205,206,207,208,209,211,213,214,215,218,219,220,221,222,223,224,227,228,229,230,231,234,235,236,237,238,240,241,242,243,245,247
145,147,148,149,150,152,154,156,157,158,159,161,162,163,164,165,167,168,169,170,171,172,173,174,176,177,179,180,182,186,187,188,189,190,191,192,193,194,195,196,197,198,199,200,201,203,204,206,208,209,210,211,213,216,217,219,221,222,223,224,225,228,229,230,231,232,233,234,235,236,237,238,239,241,244,245,246,247
146,147,148,149,150,151,153,154,155,156,157,159,160,163,165,166,167,168,169,170,171,172,173,174,175,176,177,178,179,181,182,183,184,187,189,190,191,192,193,196,197,198,199,200,201,202,203,204,206,211,213,214,215,216,217,218,219,220,222,223,224,225,226,227,228,229,230,231,232,234,237,238,239,240,241,242,243,247
147,148,149,151,152,155,156,158,159,160,161,163,164,165,167,169,171,172,174,175,177,178,179,180,181,182,183,184,185,186,189,190,191,192,196,197,198,199,200,202,203,204,205,207,211,212,214,215,216,218,219,220,221,223,224,225,226,229,230,231,232,233,234,235,236,238,239,241,242,243,244,245,246,247
148,149,150,154,155,158,159,160,161,162,163,164,165,166,167,168,170,171,172,173,174,175,176,177,178,179,180,181,182,183,184,186,187,188,191,192,193,194,195,196,198,199,200,203,204,205,206,207,208,209,210,211,213,214,215,217,220,221,222,225,228,229,230,232,234,236,237,238,239,240,242,243,246,247
149,150,152,154,155,157,159,160,161,162,163,165,166,167,168,170,172,173,175,176,177,179,180,181,182,183,184,185,186,187,188,189,191,192,196,198,199,200,201,202,203,204,206,207,208,209,210,211,213,214,215,216,218,219,220,222,223,224,225,227,228,229,230,232,233,234,237,239,241,243,245,246,247
150,151,153,155,156,157,158,159,162,163,164,165,166,167,168,169,171,172,173,174,175,178,179,180,181,182,183,184,185,186,187,189,192,193,195,196,197,198,199,202,203,204,205,206,207,209,210,212,213,215,217,218,221,222,223,225,226,227,229,230,231,232,233,234,236,238,241,242,243,244,245,246,247
151,152,154,155,156,158,159,161,162,163,164,165,166,167,169,170,171,172,173,174,175,176,177,178,179,180,181,182,183,186,187,188,190,191,193,194,195,196,197,200,202,206,208,209,210,211,212,213,214,215,216,217,218,219,220,223,224,225,226,227,228,231,233,235,236,238,239,240,241,243,244,245,246,247
152,153,154,155,156,161,162,163,164,166,167,170,171,172,173,176,177,178,180,182,183,184,186,187,189,190,191,192,193,194,195,196,198,199,204,205,206,207,209,210,211,212,213,215,216,219,220,221,223,224,225,226,227,228,229,230,232,233,235,236,238,240,241,242,244,245,246,247
153,154,156,157,158,159,161,162,163,164,166,169,170,171,173,176,177,181,182,184,187,188,189,191,192,193,194,195,196,197,199,200,202,204,205,206,207,210,213,214,216,220,222,223,224,225,226,228,229,230,231,232,234,235,237,238,239,242,243,244,245,246,247
154,155,156,157,159,161,162,163,164,165,166,168,169,171,173,174,175,178,179,180,181,182,183,184,188,190,193,194,195,196,197,198,199,201,204,205,206,207,208,209,210,211,212,213,214,216,217,220,221,222,223,224,225,226,227,228,229,230,231,232,233,235,236,237,238,239,240,242,244,245,246,247
155,156,158,160,162,163,164,165,166,168,170,171,172,174,178,179,180,181,182,183,184,185,186,189,190,192,193,194,195,196,197,198,199,200,201,203,204,206,207,208,209,210,212,213,216,217,218,219,220,221,224,225,226,229,230,232,233,234,235,236,238,239,240,241,242,243,245,246,247
156,158,160,163,164,165,171,175,176,177,178,179,180,181,183,184,186,187,189,193,194,196,197,198,203,204,205,206,207,209,210,211,212,214,217,218,219,221,222,223,224,225,226,228,229,231,233,234,235,236,237,238,239,240,241,243,244,245,246,247
157,158,159,160,162,163,165,166,167,168,169,170,171,172,173,174,175,176,177,178,179,181,182,183,185,186,188,189,190,192,194,196,197,198,199,200,201,202,203,204,205,206,207,208,210,211,214,215,216,217,218,219,220,221,223,224,225,227,229,230,231,232,233,234,236,237,238,239,241,242,243,244,245
158,159,160,162,164,165,166,167,168,169,170,171,172,173,174,176,177,178,179,180,181,183,184,188,191,192,193,194,195,196,198,199,200,201,202,203,204,205,206,207,209,210,211,212,214,215,217,219,220,221,222,224,225,226,227,230,231,232,234,236,238,240,242,243,245,246,247
159,161,162,163,166,167,168,169,170,172,173,176,177,178,179,180,181,184,185,187,189,192,193,195,196,197,198,199,200,201,203,204,206,207,208,209,210,212,213,214,215,218,219,220,221,222,223,225,226,227,228,229,230,231,232,233,234,235,236,237,239,240,241,242,243,245,246,247
160,161,163,164,165,166,167,168,169,172,173,175,176,177,178,179,180,181,182,183,184,185,186,187,188,189,190,191,192,193,195,196,198,199,200,202,203,205,206,207,208,209,210,211,212,213,214,215,218,219,220,221,223,224,225,229,230,234,236,237,238,240,241,243,244,245,247
161,162,163,165,166,167,168,169,170,174,175,176,177,178,179,180,182,183,186,187,188,189,191,193,194,195,197,198,199,200,202,204,205,206,207,208,209,210,211,213,214,215,216,217,218,219,220,221,222,223,224,225,228,229,230,231,233,234,235,237,239,240,241,242,243,244,245
162,164,166,167,169,170,171,175,177,178,179,180,181,182,183,185,186,187,188,189,193,196,199,200,201,203,204,205,206,207,208,209,210,211,212,213,215,217,219,220,221,222,223,226,230,231,233,234,235,236,237,238,239,242,243,245,247
163,164,165,166,168,169,170,171,172,174,175,176,178,181,182,184,188,189,190,193,194,195,197,198,200,201,202,203,204,205,206,207,208,209,210,211,212,214,216,218,220,221,222,224,226,228,229,230,231,232,234,236,238,241,242,243,244,245,246,247
164,165,166,167,168,170,171,173,174,175,176,177,178,179,180,183,186,187,189,190,192,194,195,196,197,199,200,202,203,204,205,206,207,209,210,211,212,213,215,217,219,220,221,222,223,224,225,226,227,228,231,232,233,234,235,236,237,238,240,241,243,246
165,166,170,171,172,173,175,177,178,179,180,183,185,186,188,189,190,191,192,193,194,195,196,197,199,200,202,205,207,209,210,211,213,214,216,218,219,220,221,222,224,225,228,229,230,233,234,237,238,239,241,242,243,244,245,247
166,167,168,170,171,172,173,174,175,176,177,179,183,184,186,187,188,189,190,191,193,195,196,197,198,201,202,203,204,205,206,208,211,212,213,214,215,216,217,219,221,224,226,227,230,231,233,234,236,238,240,241,242,243,244,245,246,247
167,169,170,171,174,175,176,178,181,182,183,184,185,186,187,188,189,190,191,192,193,194,195,197,198,199,200,202,203,204,205,206,208,209,210,211,212,214,215,218,221,222,224,225,226,228,230,231,233,234,235,236,237,238,239,240,241,242,243,244,245,246,247
168,169,170,171,172,175,176,177,178,180,181,183,184,185,186,188,189,190,191,192,193,194,195,196,198,199,200,201,202,203,204,205,206,208,209,211,213,214,215,217,218,219,220,221,222,224,225,226,228,229,231,232,234,235,237,238,239,241,242,243,244,245,246,247
169,170,171,173,174,175,176,179,180,181,182,183,184,186,188,189,190,192,195,196,197,198,199,200,201,202,205,209,211,212,213,217,218,220,221,222,223,225,226,227,228,230,233,235,236,237,238,239,240,241,242,244,245
170,171,172,173,175,176,177,178,179,180,181,183,184,189,190,191,194,196,197,199,200,201,202,205,206,207,208,211,214,216,217,219,220,221,222,223,224,225,228,229,230,232,235,236,238,239,240,242,243,245,246
171,174,176,178,179,180,181,182,184,185,186,187,188,189,194,195,196,197,198,199,200,201,202,204,205,206,207,208,210,211,212,213,214,215,217,218,220,222,224,225,227,228,229,231,232,233,234,236,237,241,242,243,244,246,247
172,173,174,175,178,179,180,181,183,184,185,186,187,189,191,192,193,194,195,196,197,198,201,202,203,205,206,207,209,210,211,212,214,215,218,221,222,223,224,226,231,233,235,236,237,238,239,240,241,242,243,244,245,246
173,174,175,176,177,178,179,180,181,182,183,184,186,188,189,193,196,198,199,201,202,204,205,206,208,209,210,211,212,213,214,218,219,220,221,222,223,224,225,226,227,228,231,232,233,235,236,237,239,240,242,243,245,246
174,177,178,179,180,181,182,183,184,185,186,187,189,190,194,195,196,197,199,200,201,202,203,204,205,206,207,208,209,212,213,214,215,217,218,219,220,221,222,223,224,225,226,228,229,230,232,234,235,236,238,239,240,241,242,243,246,247
175,176,177,181,183,185,188,190,191,192,193,194,195,196,198,199,200,201,202,203,204,205,206,207,208,210,211,212,214,216,218,219,220,221,222,224,225,226,227,229,230,232,233,234,236,237,238,239,240,241,242,243,245,246
176,177,178,179,180,181,182,187,188,190,193,194,195,196,197,198,200,201,203,204,205,206,208,211,212,214,216,218,219,221,222,223,224,225,226,227,229,230,234,235,236,238,241,242,243,244,245,246
177,178,179,180,185,186,187,188,189,190,192,193,194,196,197,199,201,202,204,207,208,209,210,217,218,219,220,221,223,224,225,226,227,228,231,233,234,235,236,237,239,241,242,243,244,245,247
178,179,180,182,183,184,185,186,187,190,191,192,193,194,195,196,197,198,199,201,202,203,206,209,210,211,213,215,216,217,218,221,222,223,225,227,228,230,231,232,233,234,235,236,238,239,240,241,242,244,246,247
179,181,183,184,185,188,190,191,192,193,194,195,196,198,199,202,203,204,206,207,208,209,210,211,212,213,214,216,217,218,219,220,222,223,224,227,228,229,231,232,233,234,236,237,238,240,241,243,244,246,247
180,181,182,183,184,186,187,188,189,190,192,193,194,195,196,197,198,199,200,202,203,204,208,209,210,211,212,213,214,215,217,219,221,222,223,224,226,227,228,229,230,231,232,234,235,236,237,238,239,243,245,247
181,182,183,184,185,186,187,188,189,190,192,193,194,196,197,198,200,201,202,203,207,208,209,210,211,213,214,215,216,217,218,219,220,221,222,223,225,227,228,230,231,232,233,234,235,236,237,238,239,242,243,245,246,247
182,186,188,189,190,191,192,195,196,197,198,199,200,202,204,206,207,208,209,210,211,212,213,215,216,217,219,221,224,225,228,229,230,232,234,236,237,241,242,243,244,245,246,247
183,186,187,189,190,192,193,195,196,197,199,201,204,205,206,208,209,211,213,214,215,217,219,220,222,223,225,226,227,229,230,231,233,234,235,236,237,238,240,242,243,244,247
184,185,186,187,188,192,193,194,195,196,197,198,199,200,201,203,204,205,208,209,210,212,213,214,215,218,219,220,221,222,224,225,226,227,228,229,231,232,233,234,235,238,239,240,241,242,243,244,245,246,247
185,186,187,188,189,190,192,196,198,201,203,207,209,210,211,212,213,214,215,217,218,219,220,222,224,227,228,229,230,231,232,233,234,235,236,237,238,239,240,241,242,244,245,246,247
186,187,188,189,191,192,193,194,195,196,197,199,200,201,202,203,204,206,207,209,210,211,213,214,217,219,222,225,227,228,230,231,232,233,234,235,236,238,239,241,242,243,244,246,247
187,188,189,191,193,194,195,196,197,199,200,202,203,204,205,206,209,210,212,214,215,216,217,218,219,220,222,223,224,226,227,228,230,231,234,235,236,237,240,241,242,243,244,245,246,247
188,189,190,191,194,195,196,197,198,199,201,202,203,204,205,206,208,211,212,215,216,217,219,220,221,223,225,226,227,228,229,232,234,236,237,238,239,243,245,246,247
189,190,191,192,193,194,195,196,202,203,205,208,209,210,212,213,215,217,218,219,221,222,225,226,227,228,229,230,232,233,236,237,238,239,240,241,242,244,245,246
190,191,192,194,196,197,198,201,202,204,205,206,207,208,209,210,211,212,213,215,217,218,219,220,221,223,224,226,227,230,231,232,234,237,240,242,243,244,245,247
191,192,193,194,195,196,197,198,199,200,201,202,203,204,205,207,208,210,211,212,214,215,216,217,218,219,223,224,225,226,228,229,231,232,233,234,236,237,238,241,242,246
192,193,195,196,197,198,199,200,201,202,203,205,206,207,208,209,210,211,214,215,216,217,219,220,221,223,224,225,226,227,229,231,233,234,236,237,238,239,240,242,244,245,246,247
193,194,195,196,197,198,199,200,202,203,204,205,208,209,210,212,213,215,216,217,218,219,221,222,223,225,226,227,228,229,230,231,232,233,235,236,237,238,239,240,241,243,244,247
194,195,198,199,200,201,202,203,204,205,206,207,208,209,210,212,213,214,216,217,219,220,221,225,226,228,230,231,232,233,234,235,236,237,238,241,243,245,246,247
195,197,199,200,201,202,204,206,207,208,210,211,212,214,215,217,220,222,227,229,230,231,232,233,234,235,236,237,238,240,241,242,243,244,246
196,197,198,199,201,203,204,205,206,208,209,212,214,215,216,217,218,219,220,221,222,223,224,225,226,228,229,230,231,232,234,235,236,237,238,241,242,243,244,245,246,247
197,198,199,203,204,205,206,207,208,210,211,212,213,214,215,216,217,218,219,220,221,222,223,226,227,228,229,230,231,232,234,235,236,238,239,240,241,242,243,244,245,246,247
198,199,201,202,203,204,205,206,207,208,209,210,211,212,213,215,217,218,219,221,222,224,225,226,227,228,232,233,236,238,239,240,241,242,243,244,245,246,247
199,201,202,203,205,207,208,212,213,214,215,216,217,220,223,224,225,226,227,230,231,232,235,236,237,241,242,243,245,246
200,201,202,210,211,212,213,216,217,218,219,220,222,223,224,225,227,228,229,230,232,233,234,235,236,237,238,239,240,241,242,243,245,246
201,202,204,205,206,207,208,210,213,216,218,220,221,223,224,225,226,227,228,229,230,231,232,233,234,235,236,237,239,240,241,242,243,244,246,247
202,205,206,207,208,211,214,215,217,218,219,220,224,225,227,229,231,233,234,235,236,237,238,240,242,243,244,246,247
203,204,205,207,208,209,210,211,212,213,214,215,217,218,221,222,223,224,225,226,227,228,229,232,233,234,235,236,237,238,239,240,241,242,243,246,247
204,205,208,209,210,213,214,215,216,219,220,221,223,224,225,227,229,230,231,232,233,234,235,237,238,240,241,243,244,245
205,206,207,210,211,212,213,214,215,216,218,219,220,221,222,223,224,225,226,227,228,231,232,233,234,235,236,238,239,240,241,242,243,245,246
206,209,210,212,213,215,216,217,219,221,222,223,225,226,227,228,229,230,231,233,234,235,236,237,239,240,241,242,244,245,246,247
207,209,210,212,213,214,216,217,219,221,222,226,227,228,230,231,233,234,237,239,240,241,243,244,245,246
208,209,210,211,212,214,217,218,219,220,221,224,227,228,229,230,231,233,235,236,237,239,241,242,243,245,246,247
209,210,213,214,215,217,218,219,220,223,224,226,227,228,229,230,231,232,233,234,235,236,239,240,241,243,244,245,246,247
210,211,212,213,215,216,217,220,221,222,224,225,226,229,230,231,232,233,234,235,237,238,239,246,247
211,212,213,214,215,216,217,218,219,220,221,222,223,224,225,226,227,229,232,233,234,235,238,239,240,241,242,244,245,246,247
212,214,215,216,217,218,220,223,224,225,226,227,228,230,231,232,233,234,235,236,240,241,243,244,245,246,247
213,214,215,216,217,218,219,220,222,223,224,225,226,228,231,232,234,235,237,238,239,240,241,243,244,245,247
214,215,216,217,220,222,223,224,225,226,227,228,229,230,231,232,233,235,237,238,241,243,244,245,246,247
215,216,217,220,221,222,223,224,226,229,231,233,234,235,236,237,238,240,241,242,243,247
216,218,219,220,222,223,224,225,227,228,233,234,235,236,237,239,240,241,242,243,244,245,247
217,218,219,220,221,223,224,225,226,227,228,230,231,232,234,235,236,237,238,239,240,241,242,244,246
218,220,221,222,223,224,225,226,227,228,229,230,231,232,233,234,235,236,237,238,239,241,242,243,244,245,247
219,221,222,223,224,225,226,228,229,230,231,232,234,235,238,239,241,243,244,247
220,221,222,223,226,227,228,229,230,233,234,235,236,237,239,241,242,244,247
221,222,223,224,225,226,229,231,235,236,237,238,239,240,242,243,244,245,246,247
222,223,224,225,226,227,228,229,230,231,232,234,237,238,239,240,241,242,244,245,246,247
223,224,225,226,227,228,229,230,231,232,233,234,235,236,237,239,242,243,244,245,246,247
224,225,228,232,233,235,236,237,238,239,240,241,242,245,246,247
225,226,227,228,229,231,232,234,235,236,237,238,239,240,242,243,244,245,246
226,227,228,229,230,231,232,233,235,236,239,241,242,243,244,245,246
227,228,230,231,233,234,235,236,237,239,240,241,242,243,244,245,246,247
228,229,230,231,232,233,234,235,236,238,239,240,241,242,243,245,247
229,230,231,232,234,236,238,240,241,242,243,245,247
230,231,232,233,234,235,236,237,238,239,240,241,242,243,244,245,246,247
231,234,236,238,239,240,241,242,244,246,247
232,237,239,240,241,242,243,244,246,247
233,234,236,237,238,242,243,247
234,239,240,241,242,243,244,246,247
235,236,237,238,239,241,242,243,244,245,246
236,238,239,240,241,242,243,244,246,247
237,239,240,241,243,244,245,246
238,239,240,241,245,246,247
239,241,242,243,244,245,246,247
240,241,242,243,244,246
241,242,243,244,245,246,247
242
243,245,246,247
244,245,246,247
245,246
246,247
247
