n_nodes:66
n_edges:677
density:0.31562
0,64,65,6,7,8,60,14,45,46,15,51,53,55,57,27,28,61,62,63
1,51,47,6,38,7,41,63,12,14,15,49,19,20,46,55,26,27,65,53
2,48,59,5,6,38,63,42,11,15,16,18,20,53,23,24,25,27,61,55,37
3,64,11,38,7,40,42,39,46,48,51,14,23,56,57,59,30,31
4,64,65,6,11,13,19,20,23,26,27,28,33,37,38,39,43,44,50,51,54,55,57,60
5,32,33,65,8,9,43,64,16,18,52,53,23,56,57,26,60,61,31
6,64,11,13,15,19,29,32,36,38,39,40,41,42,44,46,48,49,52,57,60
7,8,12,14,18,21,23,24,25,28,30,32,34,40,64,46,50,55,58,59,61,62
8,48,34,35,40,11,44,46,16,43,18,51,23,24,25,58,59
9,64,65,11,17,19,20,22,23,24,26,28,32,37,41,42,43,44,45,47,48,49,52,57,63
10,64,40,43,12,45,46,61,17,56,53,23,24,57,26,29,63
11,13,16,17,19,23,26,30,36,37,38,44,45,47,50,51,53,56,57,60,63
12,43,46,47,16,18,20,22,56,52,60,61
13,14,15,17,18,20,30,31,33,34,40,41,42,43,45,48,50,52,55,56,63
14,64,17,18,19,21,22,24,25,29,30,31,34,40,42,43,46,48,52,56,57,61,62,63
15,38,39,64,45,44,34,46,16,50,19,21,22,26,59,51
16,64,51,38,46,17,18,19,53,54,40,24,55,27,31
17,64,18,19,20,21,30,33,34,35,37,38,41,45,49,50,59
18,64,34,36,37,39,40,44,45,52,53,54,55,57,60
19,64,65,20,23,25,26,36,42,46,51,54,55,56,61
20,65,26,30,31,36,38,40,41,42,43,44,47,48,50,56,59,60
21,34,56,38,40,55,44,52,46,23,24,26,61,53
22,32,61,38,43,45,48,50,46,55,62,25,27,28,53,30,31
23,64,24,32,34,39,40,44,45,49,52,57,59,60
24,25,26,27,29,32,33,35,42,45,46,49,51,53,58,60,61
25,32,33,35,64,37,41,40,52,46,26,63,61,53
26,43,38,33,44,45,48,58,60,65
27,54,41,42,46,62,36,61,30,63
28,32,34,40,42,43,52,57,36,58,59,60,30
29,33,34,36,38,65,48,49,54,57,58,62,31
30,32,49,38,40,60,50,51,46,62,53
31,33,36,38,39,43,61,49,53,56,57,63
32,33,36,40,57,43,46,56,62,41
33,35,39,40,46,45,48,51,54,60
34,61,59,36,49,60,42,58,47,63
35,37,39,41,42,45,46,47,50,52,49,59,60,61,62
36,64,43,46,59,53,57,52,62
37,39,40,41,57,51,53
38,64,39,40,43,47,51,52,56,62,63
39,41,55,44,59,52,51,61
40,43,45,46,56,58,60
41,42,44,46,48,49,50,52,54,58,63
42,47,43,45,59,58,61,65
43,50,56,57,62
44,59,46,49,55,47,60,58
45,49,50,55,59
46,48,53,54,57,63
47,64,49,50,54,62,63
48,61,58,56,63,62,53
49,64,62,53,51,52
50,64,54,56,58
51,52,55,56,57,59,62
52,57,56,62
53,56,54
54,59,63
55,56,58,61
56,57,59,63
57,60,61
58,61,62
59,61
60,61
61,65,63
62
63,65,64
64,65
65
