n_nodes:126
n_edges:6523
density:0.82832
0,1,2,3,4,6,8,9,10,11,12,14,15,16,19,20,22,23,25,26,27,28,29,30,31,32,33,34,35,36,37,38,39,40,41,42,43,46,47,48,49,51,52,53,54,55,57,58,59,60,61,63,64,65,66,67,68,69,70,71,72,73,74,75,76,77,79,80,81,82,83,84,86,87,88,89,91,92,93,94,95,96,97,98,101,102,103,106,107,108,109,110,111,113,114,117,119,120,121,122,123,124,125
1,2,4,5,6,7,8,9,10,11,13,14,15,16,17,20,23,24,25,26,27,28,29,30,31,32,33,34,35,38,39,40,42,43,44,45,46,47,48,49,50,51,53,54,55,57,58,59,60,62,63,64,65,66,67,68,70,71,73,74,76,77,78,80,81,82,83,84,85,87,88,89,90,92,93,94,95,96,97,98,99,101,102,103,104,106,107,108,109,111,112,113,114,115,117,118,119,120,121,122,123,124,125
2,5,6,7,8,10,11,12,13,14,15,16,17,18,19,20,21,22,23,24,25,26,27,28,29,30,32,33,35,36,38,39,40,41,42,43,44,45,46,47,48,49,50,51,52,53,54,55,56,57,58,61,62,63,64,65,66,67,68,69,70,71,72,74,75,76,77,78,79,80,81,83,84,85,86,87,88,89,90,91,92,93,94,95,96,98,99,101,102,103,104,105,107,108,109,110,111,112,113,114,115,116,117,118,119,121,122,123,124,125
3,4,5,8,9,10,12,13,15,16,18,19,20,21,22,23,24,25,26,29,30,31,32,33,35,36,37,39,40,41,42,44,45,46,47,48,49,50,51,52,53,54,55,56,57,58,59,60,61,62,63,64,65,66,68,69,71,72,73,74,75,76,77,78,79,80,81,82,84,87,88,89,90,91,94,95,97,98,99,100,101,102,103,105,106,107,108,109,110,112,113,115,117,118,119,120,121,124
4,5,6,8,9,10,11,12,13,14,15,16,17,18,21,22,23,24,25,27,28,30,31,32,33,34,35,36,37,38,39,40,41,42,44,45,46,47,48,49,50,51,52,53,54,55,56,57,58,59,60,61,62,63,64,65,66,67,68,70,71,72,73,74,76,78,81,82,83,84,85,86,87,88,89,90,91,93,94,95,96,97,98,99,100,101,102,103,104,105,106,108,109,110,111,112,113,114,115,116,117,118,119,120,122,123,124
5,6,11,12,13,14,15,16,17,18,20,21,22,23,26,27,29,30,32,33,34,35,36,37,38,39,40,41,42,43,44,45,47,48,49,50,51,52,53,54,55,57,58,59,60,61,62,63,64,65,67,68,69,72,73,74,75,77,78,79,81,84,85,86,87,88,90,91,95,96,98,99,100,101,102,103,104,106,107,108,109,110,112,114,115,117,118,119,120,121,122,124,125
6,7,8,9,10,11,12,13,14,16,17,18,19,21,22,23,24,25,26,27,28,29,30,31,32,34,37,39,41,42,43,44,45,46,47,50,51,52,54,55,56,57,59,62,63,64,65,66,67,68,69,70,71,72,73,74,75,76,77,78,80,81,82,83,84,85,87,88,89,90,91,92,93,94,95,96,97,98,99,100,101,102,103,104,105,106,107,108,109,111,112,114,115,117,118,119,120,122,123,124,125
7,8,9,10,14,15,16,17,20,21,22,23,24,25,26,27,28,29,30,32,34,35,36,37,39,40,41,43,44,45,47,48,49,50,51,52,53,54,56,57,59,60,61,62,63,65,66,67,68,71,72,73,77,78,79,80,83,84,85,86,87,88,89,91,95,96,97,98,99,100,101,102,104,105,106,107,108,109,110,111,112,113,114,115,116,118,120,121,122,125
8,9,10,11,12,13,14,15,16,17,19,20,21,22,23,25,26,27,28,29,30,31,33,34,35,36,37,39,40,41,45,46,47,48,49,50,51,52,53,54,55,59,60,61,63,64,65,66,69,72,73,75,77,79,80,81,82,83,84,86,87,89,90,91,92,93,94,95,97,98,99,101,102,104,105,106,107,108,109,110,111,114,115,116,117,118,119,120,121,122,124,125
9,10,12,13,14,15,16,17,19,20,21,22,23,25,27,28,29,30,31,32,34,35,36,37,39,41,42,43,44,46,47,51,52,53,54,55,56,57,58,59,60,61,62,63,65,66,67,69,70,71,72,73,75,76,77,78,79,80,81,83,84,85,86,87,88,89,90,91,92,93,94,95,96,97,98,99,100,101,102,103,104,105,106,109,110,112,113,114,115,116,117,118,119,120,121,122,125
10,11,12,13,14,15,16,17,18,19,20,21,22,23,24,25,26,27,28,29,31,32,33,34,35,36,38,39,40,41,42,43,44,45,47,48,51,52,53,54,55,56,58,59,60,61,62,64,65,66,67,69,70,72,74,78,79,80,82,83,84,85,87,88,89,90,91,92,93,95,96,97,98,99,100,101,102,103,104,105,107,108,109,110,111,112,113,114,115,117,118,119,120,121,122
11,12,13,14,17,19,20,21,22,24,25,26,28,29,30,31,32,35,36,37,39,41,42,43,44,45,47,48,49,51,52,53,55,56,59,60,62,63,66,67,68,70,71,72,73,74,75,76,77,78,80,81,84,85,86,87,89,90,91,92,93,94,95,96,97,98,99,100,101,102,103,104,105,106,107,110,111,113,114,115,116,117,118,119,120,121,122,123,124,125
12,13,15,16,17,19,20,21,23,25,26,27,28,29,30,31,32,33,34,36,37,38,39,41,42,43,44,45,46,48,49,50,51,52,53,54,55,56,57,58,59,60,61,62,63,67,68,69,70,72,73,74,76,77,78,79,80,82,84,86,87,88,89,90,91,92,93,94,95,96,97,98,101,103,104,106,109,110,112,113,114,116,117,118,119,120,121,122,124,125
13,14,15,17,18,19,20,21,23,24,25,26,27,28,29,30,31,32,33,35,36,37,38,39,40,41,43,44,45,46,48,51,52,54,55,57,58,59,60,61,62,63,64,67,68,71,72,73,75,77,78,79,80,81,82,83,84,85,86,87,88,89,90,91,93,95,96,97,98,99,100,101,102,103,104,105,106,107,108,109,110,111,113,114,115,116,117,118,119,120,121,122,123,125
14,16,17,18,20,21,22,23,24,26,27,28,29,30,31,32,33,34,35,37,38,39,40,43,46,47,48,49,50,51,52,54,55,56,57,59,60,61,62,63,64,65,67,68,69,70,71,72,73,75,76,77,78,79,81,82,83,84,85,86,87,88,89,90,91,92,93,94,95,97,98,99,100,101,102,103,104,105,106,107,108,109,110,111,112,113,114,115,116,117,119,120,121,122,123,124,125
15,18,19,20,21,23,24,25,27,28,30,32,33,34,35,36,38,39,40,41,42,44,45,46,47,48,50,51,53,54,57,61,62,66,67,68,69,70,71,72,73,74,75,76,77,78,79,80,82,84,85,86,87,88,89,90,91,92,93,94,95,96,97,98,99,100,103,104,105,106,107,109,110,111,112,113,114,115,116,117,118,119,120,121,123,124,125
16,17,20,21,23,24,25,26,27,28,29,30,31,32,33,34,35,36,37,38,39,40,41,42,43,44,45,46,47,49,50,51,52,53,54,55,57,58,59,60,61,62,63,64,66,67,68,69,70,71,72,73,74,75,77,79,80,81,82,83,84,85,86,87,88,89,91,93,94,95,96,97,100,101,102,103,104,105,106,107,108,109,110,111,112,113,114,115,117,118,119,120,121,122,123,124,125
17,18,19,20,21,22,23,24,25,26,27,28,30,31,32,34,36,37,38,39,40,44,45,47,48,49,50,51,52,53,54,56,57,59,60,61,62,63,64,65,66,67,68,69,70,72,73,74,75,77,78,79,80,81,84,85,86,87,88,89,91,93,94,95,96,97,98,99,101,102,103,104,105,107,108,109,110,111,112,113,114,115,116,117,118,121,122,123,124,125
18,19,20,21,22,23,24,25,26,28,29,30,31,32,33,34,35,36,37,38,39,41,42,43,44,45,46,47,48,51,53,54,55,56,59,60,61,62,63,64,65,66,67,68,69,71,72,73,74,75,76,77,78,79,80,82,83,84,87,88,89,90,91,92,93,94,95,96,97,98,99,100,101,102,103,104,105,107,109,110,111,113,115,117,118,121,122,123,124,125
19,20,21,22,23,24,25,26,27,28,29,30,31,33,34,35,36,37,39,40,42,43,44,45,46,47,48,49,50,51,52,53,54,55,56,57,58,59,60,62,64,65,67,68,69,70,72,73,74,76,78,79,80,81,82,83,84,85,86,87,88,89,90,91,92,93,94,95,96,97,98,100,101,102,103,104,105,106,107,108,109,110,111,112,113,115,116,117,118,119,120,121,122,123,124,125
20,22,25,26,27,28,29,30,31,32,33,34,35,36,37,38,39,41,42,44,45,47,48,51,52,53,54,55,56,57,58,59,60,61,62,63,64,65,66,67,68,69,70,72,73,74,75,76,77,78,79,80,82,83,84,85,86,87,88,90,91,92,93,94,95,96,97,98,99,100,101,102,103,104,105,107,108,109,110,111,112,113,114,116,117,119,120,121,122,123,124,125
21,22,23,24,25,26,29,30,32,33,35,36,37,38,39,40,41,42,43,44,45,46,47,48,49,50,52,53,54,55,56,59,60,61,62,63,65,66,67,69,71,72,74,75,76,77,79,82,83,84,85,86,87,88,89,90,91,92,93,95,97,98,100,101,102,103,104,105,106,107,108,109,110,111,112,113,115,116,117,119,123,124,125
22,23,24,27,29,30,31,32,33,35,36,37,38,40,42,43,44,46,47,48,49,50,51,52,53,54,55,56,57,58,59,60,62,63,64,65,66,67,68,69,71,72,73,74,75,76,77,78,79,80,82,83,84,85,86,87,89,90,91,92,93,94,96,97,98,99,100,102,103,104,105,106,107,108,109,111,113,114,115,117,118,119,120,122,123,124,125
23,25,27,28,29,30,31,32,34,35,36,37,38,39,40,41,42,43,44,46,47,48,50,51,52,53,54,55,56,57,58,60,61,62,63,64,65,66,67,68,69,70,71,72,73,74,75,76,77,78,80,81,82,83,84,85,86,87,88,89,90,91,92,93,95,96,99,102,103,104,105,106,108,109,110,111,112,114,115,116,117,118,119,121,122,125
24,25,26,27,29,30,31,33,34,36,37,38,39,40,41,43,44,45,48,49,50,51,53,54,56,58,61,62,63,64,65,67,68,69,70,71,72,73,75,76,77,78,80,83,84,85,86,89,90,92,93,95,97,98,99,100,101,102,103,104,105,106,107,108,109,110,111,112,113,114,115,116,117,119,120,122,123,124,125
25,26,27,28,29,30,31,32,34,35,36,37,40,41,43,44,45,46,47,48,49,50,52,53,54,56,57,58,60,61,62,63,64,65,66,67,68,69,70,71,72,73,74,75,76,77,78,79,81,82,83,84,85,87,88,90,91,94,95,96,97,99,100,101,102,103,104,105,106,107,108,109,110,111,112,113,114,115,117,118,119,120,122,123,124,125
26,27,28,30,31,32,33,34,35,36,37,38,39,40,41,42,43,44,45,46,47,48,49,50,51,52,53,54,56,57,58,60,61,62,64,66,67,68,69,70,71,72,73,74,75,76,77,79,80,81,82,84,85,86,87,88,90,91,92,93,94,95,96,98,99,100,101,102,103,104,105,106,108,109,110,111,112,113,114,115,116,117,119,120,123,124
27,28,29,30,32,33,34,36,37,38,39,40,41,42,43,44,45,46,48,49,50,51,52,53,54,55,56,59,60,62,63,64,65,66,67,68,69,70,71,72,73,74,75,76,77,79,80,81,82,83,84,85,86,87,88,89,90,91,92,93,94,95,96,97,99,100,102,105,106,107,108,110,111,112,113,114,115,116,117,118,119,120,121,122,123,124,125
28,29,30,31,32,33,35,36,37,38,39,40,41,42,43,46,47,48,49,50,51,52,53,54,55,56,59,60,61,62,63,64,65,66,67,68,69,71,72,74,75,76,77,78,79,80,81,82,83,84,86,87,88,89,90,91,92,93,94,95,96,98,99,100,101,104,105,106,107,108,109,110,111,112,113,114,115,116,117,118,119,120,121,123,124,125
29,30,32,34,35,36,37,38,39,40,41,42,43,44,45,46,47,48,49,50,51,52,54,55,56,58,59,60,61,62,65,66,67,68,69,71,72,74,75,76,77,78,79,80,81,82,83,84,85,86,88,90,91,92,93,94,96,97,98,99,100,102,105,106,107,108,109,111,112,113,114,115,116,117,118,119,120,122,123,125
30,32,33,34,37,38,39,40,41,42,43,44,45,46,47,48,49,50,51,52,53,54,55,56,57,58,59,60,61,63,64,65,66,67,68,69,70,71,72,74,76,77,78,79,80,81,84,85,86,88,89,90,91,92,93,94,95,96,97,98,99,100,102,103,105,106,107,108,111,112,114,115,116,117,118,119,120,121,122,123,125
31,32,33,34,35,36,37,38,40,41,42,43,44,45,46,47,48,50,51,52,53,54,55,56,57,58,59,61,62,63,65,66,68,69,70,71,72,73,74,75,76,77,78,81,82,83,84,85,86,87,88,90,93,94,95,96,97,99,100,101,102,103,104,105,106,108,110,111,112,113,114,115,116,117,118,119,120,121,123,124,125
32,33,34,35,36,37,38,39,40,41,42,43,44,45,46,47,48,49,50,52,54,55,56,57,58,59,61,62,63,64,65,66,67,68,71,72,73,75,76,77,78,79,80,81,82,83,85,86,87,88,89,90,91,92,93,94,95,96,97,98,99,100,101,102,103,104,105,106,109,110,112,113,114,115,116,118,119,120,121,122,123,124,125
33,34,35,36,38,39,40,41,42,43,44,45,46,47,48,49,50,52,53,55,57,58,59,60,61,62,63,64,65,67,68,69,70,72,73,74,76,77,78,79,81,82,83,84,86,87,90,91,92,93,94,95,97,98,99,100,101,102,104,105,106,107,108,110,111,113,114,116,117,118,119,120,121,122,124,125
34,35,36,37,38,39,40,41,42,43,45,48,49,50,51,53,54,55,56,58,59,60,61,62,63,64,65,66,68,69,70,71,73,74,75,76,78,79,80,81,83,84,85,86,87,88,89,90,93,94,96,98,99,101,102,104,105,106,108,109,110,111,112,113,114,115,117,119,120,121,123,124,125
35,37,38,39,40,41,42,43,44,46,47,48,49,50,51,54,55,56,57,58,59,60,61,62,64,65,66,69,71,73,75,76,77,78,79,80,82,83,84,85,86,87,88,89,90,92,93,94,95,96,97,98,100,101,102,103,104,105,106,108,109,110,111,116,117,119,120,121,122,123,124,125
36,38,39,41,42,43,44,45,46,47,48,49,50,51,52,53,54,56,57,58,59,60,61,62,64,65,66,67,68,69,71,73,74,76,77,78,79,80,81,82,83,84,85,86,87,88,89,90,91,92,93,94,95,96,97,98,99,100,101,102,104,105,106,107,108,109,110,111,113,114,115,118,120,121,124
37,38,39,40,41,42,44,46,47,48,49,50,51,52,53,54,55,56,57,58,59,60,61,62,64,65,66,67,69,70,71,74,75,76,77,78,79,81,82,83,84,85,86,87,88,89,90,92,94,96,97,99,100,101,103,105,106,107,108,110,112,113,114,115,117,118,119,120,122,123,124,125
38,39,40,41,42,44,45,46,47,48,51,52,53,54,55,56,57,58,59,62,63,64,65,66,67,68,69,70,71,72,75,76,77,79,80,81,82,83,84,85,86,88,89,91,92,94,96,97,98,99,100,102,104,105,106,107,108,109,110,111,113,114,115,116,118,120,121,122,124,125
39,42,43,44,45,46,47,48,49,51,53,54,55,56,57,59,60,61,62,63,64,65,66,67,70,71,72,73,74,75,76,77,78,80,81,82,83,84,85,88,89,91,93,94,96,97,98,99,100,101,102,103,104,105,106,107,109,110,111,112,113,114,115,116,118,119,120,121,122,123,124,125
40,41,42,43,44,45,46,49,50,51,52,53,54,55,56,57,60,62,63,64,65,67,68,69,70,71,72,73,74,75,76,77,78,80,83,84,85,87,88,89,90,91,92,93,94,96,97,98,99,103,104,105,106,107,108,109,110,111,112,113,116,117,121,123,124,125
41,42,43,44,45,46,47,50,52,53,54,55,56,57,58,59,60,61,62,64,65,66,67,68,69,70,71,72,73,74,75,77,78,79,80,81,82,83,84,85,86,87,88,89,90,91,92,93,95,96,97,98,100,101,102,104,105,106,107,108,109,110,111,112,113,114,115,116,117,119,120,121,122,124,125
42,43,44,45,46,47,48,49,50,51,52,55,56,57,58,59,60,62,63,64,65,67,68,69,70,71,72,73,74,75,76,77,78,79,80,81,82,83,84,85,86,87,89,92,93,94,95,96,97,98,99,101,102,103,104,106,107,109,110,111,113,114,115,116,117,119,120,121,122,123,124,125
43,45,46,47,48,49,50,51,52,53,56,57,58,59,60,61,62,63,64,65,66,67,68,69,70,71,72,73,74,76,77,78,79,80,81,82,83,84,86,87,88,89,90,91,95,97,98,99,100,101,102,103,104,105,107,109,110,111,112,114,115,116,117,118,119,120,123,124,125
44,45,47,48,49,50,52,53,54,55,56,57,58,59,61,62,63,64,65,66,67,69,70,71,74,75,76,77,78,80,82,83,84,85,87,88,89,90,91,92,93,94,95,96,97,98,99,100,101,102,103,104,105,106,107,108,109,110,112,113,114,115,116,117,118,119,121,123,124,125
45,46,47,49,50,51,52,53,55,56,57,58,59,60,61,62,63,64,65,66,67,68,69,71,72,73,74,75,76,77,78,79,80,82,83,85,86,88,90,91,92,93,94,95,96,97,98,101,102,103,105,106,107,109,111,112,113,114,116,117,119,121,122,123,124,125
46,47,48,49,51,52,53,54,55,56,57,59,61,62,63,64,66,67,68,70,71,72,73,74,76,77,78,80,81,82,83,84,85,86,87,89,90,91,92,93,94,96,97,98,100,102,103,104,105,106,107,108,109,112,113,114,115,116,119,120,121,122,123,124,125
47,48,49,50,51,52,53,54,55,56,57,58,59,61,62,63,65,66,67,68,69,71,72,74,75,76,78,79,80,81,82,85,86,87,88,89,90,91,92,93,94,95,96,97,98,99,100,102,103,105,106,108,110,111,112,114,115,116,117,118,119,121,123,124,125
48,49,50,52,53,54,55,57,58,59,60,61,62,63,64,65,66,67,68,69,70,72,73,74,75,77,78,80,81,82,83,84,85,86,88,90,91,92,94,95,96,97,98,99,100,101,102,103,104,105,106,107,108,109,111,113,114,115,116,117,121,122,123,124,125
49,50,52,53,54,55,58,60,61,62,63,65,68,70,71,72,73,74,75,76,77,78,79,80,81,83,84,85,86,88,89,91,92,93,94,96,97,98,100,101,102,103,104,105,107,108,109,110,111,112,113,114,115,116,117,118,119,120,121,122,124,125
50,51,52,54,55,58,59,60,61,62,63,64,66,67,68,70,71,72,73,75,76,77,78,80,81,82,83,84,85,86,87,88,89,90,91,92,93,94,95,96,98,99,100,102,103,104,105,106,107,108,110,111,112,113,116,117,118,119,120,121,122,123,124,125
51,52,53,54,55,56,57,58,59,60,61,63,65,66,67,68,69,70,73,74,75,77,78,79,81,82,83,85,86,87,89,90,91,92,93,94,95,96,97,98,99,100,102,103,104,107,108,109,111,112,113,114,115,117,118,119,120,121,122,123,125
52,54,55,56,57,58,59,60,61,63,64,66,67,68,69,74,75,76,78,79,80,81,82,83,84,85,87,88,89,90,91,93,94,95,96,98,99,101,103,104,105,106,107,110,111,112,113,114,115,116,117,119,120,121,122,123,124,125
53,54,55,56,57,64,66,68,69,70,71,72,74,75,77,78,79,81,82,83,84,86,87,88,89,90,91,92,93,94,95,96,97,98,99,100,101,102,103,104,105,106,107,108,109,110,111,114,115,116,117,118,119,120,121,122,123,124,125
54,55,56,57,58,60,61,63,64,65,66,67,68,69,70,72,75,76,77,78,79,80,81,82,83,84,85,86,87,88,91,92,95,96,97,98,99,102,104,105,106,107,109,110,112,113,114,115,116,117,118,119,121,122,124,125
55,57,58,60,62,63,64,67,68,69,71,72,73,74,76,78,79,80,81,82,83,84,85,86,87,88,89,90,91,92,93,94,95,96,97,98,99,100,101,102,103,104,105,106,107,108,110,113,114,115,116,117,118,119,120,121,122,123,124,125
56,57,58,59,60,63,64,65,66,67,68,72,73,74,75,76,77,78,79,80,81,82,83,84,85,86,87,88,89,90,91,93,94,95,96,97,98,99,100,101,102,103,104,105,107,108,109,110,111,112,113,114,115,118,119,120,121,123,124
57,58,60,61,62,63,64,66,67,68,69,70,72,73,74,75,78,80,81,82,83,84,85,86,87,88,89,90,91,92,93,94,95,96,97,98,99,100,101,102,103,104,106,108,109,110,111,112,113,114,115,116,117,118,122,123,124,125
58,59,60,61,62,63,64,65,66,67,68,69,72,73,74,75,76,77,78,79,80,81,82,84,85,86,87,88,89,90,91,92,93,94,95,96,97,98,99,100,101,102,103,105,106,108,109,110,111,112,113,114,115,116,117,118,119,120,121,122,123
59,60,61,62,63,68,69,70,71,72,73,74,75,76,77,78,79,80,81,82,85,87,88,89,90,91,92,94,95,96,97,98,99,103,104,105,106,108,109,110,111,112,113,114,115,116,117,118,119,120,123,125
60,62,63,64,65,67,68,70,71,72,74,75,76,77,78,79,82,84,85,87,88,89,90,91,93,96,98,99,100,101,102,103,104,105,107,108,109,110,111,112,115,116,117,121,122,123,124
61,62,64,65,66,67,68,69,70,71,72,73,75,76,77,78,80,81,82,83,84,85,86,87,88,89,91,93,95,96,97,98,99,100,101,102,103,105,106,107,109,110,111,112,113,114,116,117,120,121,122,123,124,125
62,63,66,67,68,69,70,71,72,73,74,75,76,80,82,83,84,85,86,87,88,89,90,91,92,93,95,96,97,98,100,102,103,104,106,107,108,109,110,111,112,113,114,115,116,117,120,121,122,123,124
63,64,65,66,69,70,71,72,73,74,77,78,80,81,82,83,84,85,86,87,88,89,90,92,93,94,95,96,97,98,101,103,104,106,107,108,109,110,111,112,113,114,115,116,117,118,119,120,122,123,125
64,65,66,67,69,70,71,72,73,75,76,77,78,79,80,81,82,84,85,86,87,90,91,92,93,94,97,98,99,101,102,103,104,105,106,107,108,109,110,111,112,113,114,115,116,117,118,119,120,121,122,123,124,125
65,67,68,70,71,72,73,74,75,76,77,79,81,82,84,85,86,87,89,91,93,94,95,96,97,98,99,100,101,102,103,104,105,106,107,109,110,111,112,113,114,115,116,117,118,119,121,122,123,124,125
66,67,68,69,70,71,72,75,76,77,78,79,80,81,82,83,84,85,86,87,88,89,90,91,92,93,94,97,98,99,101,102,103,104,105,106,107,109,110,111,112,113,115,116,117,119,120,121,122,123,124,125
67,68,69,70,72,73,74,75,76,77,78,81,82,83,84,85,86,87,88,89,90,91,92,93,94,95,96,97,98,100,101,103,105,106,107,109,110,112,113,114,115,116,118,120,121,122,123,124,125
68,69,70,72,75,76,77,78,79,80,82,83,84,85,86,87,88,89,90,91,92,94,95,96,97,98,100,101,103,104,105,107,109,110,111,112,113,114,115,116,117,118,119,120,121,122,123,124,125
69,70,72,73,74,75,76,77,78,80,82,83,85,86,87,88,89,91,93,95,96,97,98,99,100,101,102,103,104,105,106,107,108,109,110,111,113,114,115,116,118,119,121,122,123,125
70,72,73,75,76,78,79,80,81,82,83,84,85,86,87,88,89,90,91,92,93,94,95,96,97,98,99,100,101,103,104,105,106,107,108,110,111,112,114,115,116,117,118,119,120,121,122,123,124,125
71,72,73,74,75,76,77,78,80,81,82,83,84,85,86,87,88,89,90,91,92,93,94,95,96,97,98,99,100,102,103,104,105,106,107,108,109,110,111,112,113,114,115,117,118,119,121,122,123,124,125
72,73,74,75,76,77,79,80,81,83,84,85,86,87,88,89,90,93,94,95,96,97,98,99,100,102,103,104,105,107,108,109,110,111,112,113,114,115,116,117,118,119,120,121,122,123,124,125
73,74,75,76,77,78,79,80,81,85,86,87,88,89,90,91,92,93,94,95,98,99,100,101,102,103,105,106,107,108,109,110,111,113,114,115,116,117,118,119,120,121,122,123,125
74,75,76,77,78,79,80,81,82,83,86,87,88,89,90,91,92,93,95,97,98,99,100,101,102,104,105,106,108,110,111,112,113,115,116,117,118,119,120,121,122,123,124,125
75,76,77,78,79,80,81,82,83,84,85,86,87,88,89,90,91,92,93,94,95,96,97,98,99,100,101,102,103,104,105,106,109,110,111,113,115,116,118,121,122,123,124,125
76,77,78,79,80,81,82,83,84,85,86,87,88,89,90,92,94,95,96,97,98,101,103,105,107,108,109,110,111,112,114,115,116,117,118,119,120,122,123,124,125
77,78,79,81,82,84,85,86,87,88,89,91,92,93,94,95,96,97,98,99,100,101,102,103,104,105,106,107,108,110,111,112,113,114,115,116,117,118,119,120,121,122,123,124,125
78,79,80,81,82,84,85,86,87,88,89,90,92,93,94,95,96,97,98,99,100,101,103,104,105,107,108,109,111,112,113,114,115,116,117,118,119,120,122,123,124,125
79,80,81,82,85,86,87,88,89,90,91,92,93,94,95,97,98,99,101,102,103,104,105,106,107,108,109,110,111,112,113,114,115,116,117,118,119,120,122,123,124,125
80,81,82,83,84,85,87,88,89,90,94,96,97,98,99,101,102,103,104,105,106,107,108,109,110,111,112,114,115,116,117,118,119,120,121,124,125
81,82,83,84,85,86,87,89,90,92,93,94,95,96,97,98,99,101,102,103,105,106,107,108,109,110,111,112,113,114,115,117,118,119,120,121,122,123,125
82,83,84,85,86,87,90,91,92,93,94,95,96,97,98,99,100,101,102,103,105,106,107,108,109,110,111,112,113,114,115,116,117,119,120,121,123,124,125
83,84,85,86,89,91,92,93,94,95,96,97,98,99,100,101,102,103,104,105,106,108,109,111,113,114,118,119,120,121,122,123,124,125
84,85,86,87,88,90,91,93,94,96,97,99,100,101,103,104,105,106,107,108,109,110,111,112,113,114,115,116,118,119,121,125
85,87,88,89,92,93,94,95,96,98,99,100,101,102,103,104,105,106,107,108,109,110,111,112,113,114,116,117,118,120,121,122,123,124,125
86,88,89,90,91,92,94,95,96,97,98,100,102,103,104,106,107,110,111,112,113,114,117,118,120,121,123,124,125
87,88,90,91,92,93,94,95,96,97,98,99,100,101,102,103,105,106,107,108,109,110,111,112,113,114,115,116,117,118,120,121,122,123,124,125
88,89,90,92,93,94,95,96,97,99,100,101,102,103,104,105,106,107,108,109,112,113,114,115,116,117,118,120,121,122,124,125
89,90,91,93,94,95,96,97,98,99,100,102,103,104,105,106,107,108,110,111,113,114,115,116,117,119,120,122,123,124,125
90,91,92,93,94,95,96,97,98,100,102,103,104,107,108,109,110,113,114,115,116,118,120,123,124,125
91,92,94,95,96,97,98,99,100,102,103,105,106,107,108,109,110,111,112,113,114,115,116,117,119,121,123,124,125
92,93,94,95,96,97,98,99,100,101,102,104,105,106,107,108,110,111,112,113,114,115,116,117,118,119,122,123,124,125
93,95,97,98,99,100,101,102,103,104,106,107,108,109,110,111,112,113,114,115,116,117,118,119,121,122,123,124,125
94,95,96,97,98,99,100,101,102,103,104,105,107,108,110,111,112,113,114,115,116,117,118,119,121,122,123,124,125
95,96,97,98,100,101,102,103,104,105,106,107,109,111,112,113,115,117,118,119,120,123,124,125
96,97,98,99,100,101,103,104,105,106,107,108,109,110,111,112,113,114,115,116,118,119,121,122,123,125
97,99,100,102,103,104,105,106,107,108,110,111,112,113,114,116,118,119,120,121,122,123,124,125
98,99,101,103,104,105,107,110,111,112,113,114,115,116,118,119,120,121,123,124,125
99,100,101,102,103,104,105,106,107,108,109,110,111,112,113,114,117,118,119,121,122,124,125
100,101,103,104,105,107,108,109,110,111,112,113,114,115,116,117,120,123,124,125
101,102,103,104,105,106,107,109,110,111,112,113,114,117,118,119,120,121,122,123,124,125
102,103,104,105,107,108,109,110,111,113,114,115,116,117,118,119,120,121,122,123,124,125
103,104,105,106,107,108,109,110,111,112,113,114,116,119,121,124,125
104,105,106,107,108,109,110,111,112,113,114,115,116,117,118,119,121,122,123,124,125
105,107,108,109,110,111,112,113,115,116,119,120,121,122,123,124,125
106,108,111,112,113,114,115,117,118,119,120,121,123,124,125
107,109,110,112,113,114,115,116,117,118,119,121,122,123
108,109,110,111,112,113,116,117,118,119,120,121,123,124
109,111,112,113,114,115,117,118,119,121,122,123,125
110,111,112,113,114,115,116,118,119,120,121,122,123,125
111,112,114,115,116,117,118,119,120,121,122,123,124,125
112,113,114,115,116,117,118,120,121,122,123,124,125
113,114,115,116,118,119,120,121,122,123,124,125
114,115,116,117,118,119,120,121,124
115,116,117,118,119,120,121,122,123,124,125
116,118,119,120,121,122,123,124,125
117,120,121,122,123,124,125
118,119,120,121,122,123,124,125
119,120,121,122,123,124,125
120,121,123,124,125
121,122,123,124,125
122,123,124,125
123,124,125
124
125
