n_nodes:220
n_edges:10487
density:0.43533
0,3,4,5,9,12,14,16,17,18,21,22,26,27,37,39,40,41,42,45,47,48,51,53,54,58,59,61,65,67,68,70,71,73,74,75,79,81,84,86,87,88,91,96,97,99,104,105,106,108,109,114,116,120,123,126,127,129,130,131,132,133,135,136,141,145,146,149,153,155,159,164,166,167,171,172,175,176,178,179,183,187,191,193,198,200,202,207,208,209,210,217,219
1,3,6,7,10,11,12,14,15,17,19,22,28,29,30,38,39,40,41,42,44,45,52,54,57,59,60,64,65,70,74,75,85,88,94,96,97,99,100,101,104,110,111,114,117,118,121,123,130,131,138,143,144,149,150,152,156,159,160,162,168,169,171,172,173,175,178,179,182,185,186,187,191,193,196,198,200,201,202,204,205,206,209,211,212,213,214,218,219
2,3,6,7,9,11,13,14,17,18,21,23,30,31,33,34,36,41,44,45,46,48,49,50,51,52,55,56,58,60,64,67,68,69,70,73,77,78,79,86,87,88,90,96,98,106,107,109,110,113,114,115,116,118,122,123,124,125,129,130,131,138,140,145,146,147,148,152,154,155,156,157,158,161,163,165,170,171,174,178,179,181,182,183,185,188,191,195,198,201,203,205,209
3,6,7,9,10,11,13,16,17,22,24,27,31,32,34,35,37,40,41,43,44,47,50,54,55,57,58,62,63,65,66,71,72,73,74,76,77,79,81,82,84,86,87,89,91,92,93,94,98,99,100,101,104,105,111,112,113,114,116,119,120,122,123,126,132,135,137,138,139,142,145,147,150,152,153,154,157,158,160,166,167,170,171,172,174,177,180,183,184,188,190,192,194,195,200,206,208,209,212,215,216,218,219
4,5,6,10,11,12,13,15,16,20,22,23,24,26,27,28,30,32,33,34,36,38,39,44,45,47,49,55,56,58,60,64,66,67,68,70,71,74,75,77,79,82,93,94,95,100,102,103,104,106,109,110,111,112,113,114,115,116,117,122,125,126,127,135,136,141,142,145,147,148,151,156,157,158,161,167,169,175,182,184,185,187,189,191,193,195,197,198,201,203,210,213,214,216
5,8,9,10,11,14,15,20,21,22,25,27,28,29,36,39,43,44,47,49,50,53,54,57,58,64,66,70,74,75,78,81,82,84,89,92,93,94,100,101,102,103,105,109,110,111,112,113,117,118,123,124,125,126,128,132,133,136,137,139,144,146,147,149,150,155,156,157,158,159,168,169,170,172,173,175,178,181,182,188,189,194,195,196,200,201,202,203,204,211,213,214,215,217,218,219
6,8,9,22,28,33,35,36,37,38,39,43,44,46,48,50,57,59,60,62,63,66,68,69,71,75,77,82,87,88,92,94,96,98,99,100,101,106,107,110,111,116,117,118,121,122,126,128,129,131,132,133,134,137,138,141,144,145,146,147,153,156,159,162,166,167,168,170,171,174,175,182,186,188,191,192,195,198,200,201,203,204,205,206,211,213,215,217,218,219
7,179,134,129,8,216,14,144,17,146,20,21,150,217,24,153,155,28,29,30,31,32,33,36,165,166,39,40,145,193,199,175,48,136,178,51,54,169,56,187,202,62,191,192,65,194,67,68,69,71,74,75,77,205,209,212,85,86,215,88,164,90,207,182,93,95,98,101,103,104,106,110,111,115,117,119,160,124,183,126,149
8,9,11,12,16,17,18,20,22,23,24,26,27,30,33,38,39,45,47,48,50,51,52,53,58,61,62,63,65,66,70,73,75,80,84,85,87,89,90,91,92,93,94,95,96,99,100,101,103,104,106,109,110,111,118,119,121,122,125,126,128,129,130,134,136,137,140,141,142,143,144,145,149,154,157,158,159,164,165,170,171,173,174,178,181,182,185,186,190,192,194,199,201,204,210,214,216,217,218
9,128,132,135,10,12,14,15,16,146,144,21,201,151,152,153,26,155,28,218,30,31,160,33,34,36,198,38,40,170,171,44,175,48,136,50,51,53,55,56,59,60,189,62,63,65,194,195,68,69,70,72,168,74,77,206,190,179,83,86,176,164,90,219,159,181,97,98,166,102,103,106,111,113,147,117,120,125,149
10,11,12,17,18,22,25,27,28,29,32,33,34,38,40,41,46,50,52,57,58,59,60,62,63,65,66,69,71,72,74,76,79,81,85,93,96,99,100,104,106,108,113,114,115,116,117,121,122,123,125,126,128,130,133,134,135,140,144,153,156,159,166,168,169,171,172,174,177,179,181,182,185,189,190,193,196,197,198,201,202,203,204,205,208,212,213,216,218
11,13,14,16,17,26,28,31,32,33,38,39,40,41,43,45,46,48,55,58,59,60,63,65,68,80,81,85,86,87,88,89,92,93,94,96,98,99,101,103,105,107,111,112,114,116,118,123,125,128,129,131,132,134,135,136,137,138,141,144,145,146,147,151,152,156,161,162,163,166,167,168,180,188,192,198,199,201,202,203,204,205,206,208,211,216,218,219
12,13,16,17,20,22,23,25,30,32,36,37,40,46,53,55,58,59,61,62,64,65,66,68,70,71,76,79,80,81,82,85,92,93,96,97,98,100,101,104,106,107,110,111,113,114,115,119,125,126,128,130,133,134,139,140,143,144,146,147,150,152,153,154,157,158,161,162,163,165,166,167,168,170,172,174,176,178,180,181,183,184,189,190,193,194,196,197,198,201,206,208,209,210,211,214,216,218,219
13,14,15,16,17,19,20,22,23,26,27,28,30,31,32,33,34,35,40,44,45,49,50,51,53,54,55,56,57,58,63,66,67,68,69,71,74,76,77,78,79,82,86,87,89,90,91,92,93,94,95,98,99,100,101,104,107,110,111,114,115,117,118,122,127,131,139,142,145,147,150,151,152,153,155,156,159,164,165,167,170,173,176,178,180,181,183,188,191,193,195,196,197,199,201,202,203,209,211,212,215,217,218,219
14,17,20,22,24,27,28,29,32,34,35,36,37,40,41,43,44,49,57,59,62,64,65,66,68,71,72,74,76,77,78,79,81,82,90,92,93,98,100,101,102,103,105,110,112,116,117,120,121,122,123,124,126,128,129,131,132,135,141,146,149,152,156,157,158,161,168,169,177,179,181,182,184,186,192,194,197,202,204,208,209,210,215,216
15,128,132,131,129,136,142,18,147,20,149,22,151,25,154,27,29,150,159,32,161,164,166,167,168,135,46,189,51,54,137,184,185,186,214,61,190,63,160,66,68,197,211,199,194,210,74,205,206,207,208,81,82,83,212,86,88,89,218,95,99,100,101,102,104,105,106,108,109,111,112,115,118,119,120,122,200,125
16,19,20,27,28,30,38,39,40,41,43,44,46,48,50,51,56,57,59,61,62,68,72,74,75,77,79,80,81,82,84,86,89,91,92,93,97,99,102,103,104,105,109,112,120,123,127,128,136,139,142,147,148,151,152,153,155,163,164,167,170,171,174,178,179,182,184,186,187,189,197,199,200,207,208,209,210,211,214,216,217,218
17,18,19,22,23,24,26,29,30,31,33,34,36,38,42,50,55,60,62,67,71,74,75,77,79,80,81,82,83,86,88,89,90,91,95,98,101,108,109,112,113,117,122,127,129,130,134,135,140,143,144,145,147,148,152,154,155,158,163,164,165,169,170,173,175,179,180,181,184,185,186,191,192,193,194,199,202,203,206,210,211,214,218
18,20,21,24,26,28,29,30,31,32,34,40,45,53,54,55,56,57,61,67,68,72,73,75,78,80,85,86,87,90,92,95,96,98,100,103,105,108,110,112,114,124,125,126,128,129,130,131,132,137,139,141,142,144,145,147,149,151,152,153,154,155,157,158,160,162,167,171,174,175,176,181,183,185,187,189,191,192,195,196,201,204,206,207,208,211,212,216,218
19,20,22,23,24,28,30,35,42,44,49,50,51,52,56,62,63,65,67,76,79,81,82,83,85,88,90,91,93,94,95,97,99,100,101,102,104,106,112,113,117,120,121,124,126,127,128,132,133,139,140,142,143,144,145,146,147,149,151,152,156,159,160,161,162,169,170,171,172,173,174,176,178,181,182,183,185,187,189,192,193,196,202,205,206,210,211,212,213,214,215,218
20,21,22,23,24,25,29,30,32,35,40,47,49,51,52,55,57,58,59,60,61,66,67,72,74,77,80,82,85,86,89,92,96,98,99,102,108,110,112,114,115,116,119,120,125,126,128,130,135,136,138,139,141,142,143,149,151,153,154,157,158,161,164,166,169,170,171,172,173,179,181,183,185,186,187,188,193,195,196,198,201,207,209,212,213,215,217
21,132,136,209,151,140,130,144,145,147,174,22,23,24,202,154,175,28,29,133,160,33,34,35,166,39,168,156,135,46,47,176,177,178,53,183,184,58,60,189,62,63,195,70,71,201,74,203,162,208,81,210,84,213,86,186,88,93,199,95,99,102,103,104,105,106,107,112,113,115,117,118,119,121,122,191,125,126
22,25,28,29,30,32,33,34,35,36,38,40,43,45,46,47,48,49,50,51,52,53,56,62,64,67,68,70,71,72,73,74,77,78,84,94,95,96,98,101,103,104,112,113,114,115,116,117,118,120,121,123,124,126,137,140,141,143,144,145,146,150,151,153,155,161,163,167,168,171,174,175,178,184,185,187,189,191,192,195,198,199,201,204,206,208,212,214,215,217,218,219
23,28,30,31,35,37,38,44,45,48,50,51,53,54,57,59,61,66,68,69,73,74,75,78,79,80,82,86,89,91,92,93,94,96,97,98,100,101,102,106,107,109,111,114,116,121,122,123,124,125,130,131,134,136,138,145,147,148,149,150,156,159,162,164,165,168,169,171,173,174,175,180,182,183,184,186,187,188,189,191,195,196,198,203,212,213,214,216,217
24,129,130,134,137,138,140,150,151,26,27,154,30,31,32,176,163,198,38,167,44,174,175,48,200,178,52,158,201,58,60,61,190,146,192,181,66,67,147,197,70,71,72,73,202,203,204,77,78,207,209,211,85,86,87,88,218,219,93,98,99,102,145,105,109,111,112,206,115,116,120,148,191,125,149
25,26,27,28,29,30,31,32,34,35,38,39,40,45,47,49,53,57,58,60,61,62,63,64,65,67,68,73,80,81,83,84,85,87,89,93,99,100,106,107,108,110,111,113,120,123,125,128,129,130,132,133,135,137,142,143,145,146,149,150,152,153,158,161,163,166,167,170,176,178,183,184,186,189,191,197,201,202,203,204,206,207,209,210,213,218,219
26,128,130,201,133,134,193,143,141,147,148,149,150,153,179,29,158,159,160,34,35,36,166,39,40,145,45,175,48,136,51,180,219,55,56,191,192,65,152,68,71,200,177,75,76,205,206,79,80,173,82,84,85,203,215,216,90,91,93,218,144,212,103,105,106,167,208,210,110,115,116,169,137,125,126,213
27,28,29,35,37,38,40,47,51,53,58,62,63,65,67,71,74,75,76,81,83,84,86,87,93,99,100,102,103,104,107,108,109,110,111,114,117,120,128,129,130,131,132,136,142,146,149,151,152,155,156,164,166,169,170,173,178,180,181,182,183,185,186,188,189,194,198,199,202,203,204,209,210,211,212,215,216
28,32,34,40,41,44,45,47,48,51,54,61,63,66,68,74,75,76,78,81,82,85,87,89,90,92,94,95,97,98,99,101,102,105,106,107,108,110,114,115,116,117,119,121,124,135,136,137,138,140,142,143,145,147,154,156,157,158,160,161,162,166,168,171,172,173,175,178,180,182,184,188,193,195,196,198,201,203,204,205,207,208,212,213,215,216,219
29,30,31,32,37,45,47,48,50,51,52,54,55,56,57,59,61,62,63,65,66,70,72,73,74,77,82,83,84,85,90,94,95,97,98,100,105,108,109,110,112,114,115,116,118,120,123,128,129,131,132,133,135,139,140,143,144,145,148,150,152,156,160,162,166,169,171,172,173,174,175,176,182,183,184,185,187,190,191,192,193,197,207,211,212,214,215,216
30,33,35,39,40,41,42,43,45,46,47,49,51,52,61,66,67,68,72,74,75,77,79,80,81,82,87,90,91,97,99,101,105,106,108,110,111,112,115,118,120,122,123,124,126,127,129,130,131,132,136,137,138,140,142,145,146,147,148,149,150,152,155,158,161,162,163,164,165,169,174,177,178,190,193,198,204,206,207,212,218,219
31,33,34,37,40,42,43,47,49,51,54,56,60,65,67,68,72,73,74,78,80,81,84,89,91,92,97,98,101,102,104,108,112,113,114,116,119,120,122,128,131,132,133,135,136,140,141,142,143,145,146,148,150,156,157,158,159,164,165,166,170,173,176,178,184,186,187,192,194,198,200,202,210,212,213,214,215,217
32,33,38,42,45,47,50,51,52,53,57,58,61,64,65,66,70,73,74,75,77,78,81,82,83,85,92,93,96,97,99,100,104,105,106,108,110,112,115,116,117,118,120,121,122,123,125,126,127,128,130,132,139,141,143,144,145,146,147,150,151,152,153,155,156,159,161,163,167,169,171,173,175,178,179,186,187,193,195,196,197,198,202,203,206,210,211,213,216,217,219
33,36,40,41,44,46,47,52,53,54,56,57,59,63,65,68,71,74,76,81,82,83,87,88,89,90,91,96,100,101,102,107,111,112,113,114,116,118,121,122,125,127,128,129,131,132,142,143,145,148,149,153,154,156,157,161,162,164,169,171,174,175,176,181,182,184,186,187,188,189,193,195,196,197,199,203,204,205,206,208,210,214,215,216,218
34,35,37,39,40,41,44,46,48,51,52,56,57,59,63,67,69,73,77,80,81,83,84,86,87,88,90,91,93,96,97,98,100,101,102,103,104,106,109,113,117,118,119,120,121,123,126,132,136,137,142,143,146,147,148,152,153,154,161,166,167,168,171,173,177,180,183,184,187,192,197,202,204,207,208,213,214,217,218,219
35,37,38,41,43,48,49,50,51,52,53,54,57,60,64,68,69,70,72,74,77,78,79,80,84,86,89,90,93,94,95,99,105,112,117,121,122,124,133,135,140,142,143,146,148,149,152,153,157,159,162,163,166,169,170,171,176,177,180,183,185,186,187,188,191,193,195,196,197,198,200,201,204,205,208,209,210,212,214
36,37,38,39,40,43,49,50,51,52,53,56,59,60,62,65,67,71,73,74,75,83,87,88,90,92,99,105,107,108,109,111,112,113,115,116,118,119,122,129,132,137,139,141,144,146,149,151,153,154,155,160,162,163,164,166,168,169,171,172,173,174,178,179,180,181,184,185,187,188,189,191,196,197,199,201,203,204,205,212,214,215,216
37,39,47,52,53,55,58,59,60,61,62,65,67,69,70,71,74,77,78,79,82,83,84,85,86,89,90,91,92,93,94,96,97,98,101,102,103,105,106,107,108,110,113,116,118,121,122,124,128,129,133,135,136,140,146,150,153,155,159,161,163,164,165,166,168,170,171,172,174,175,181,182,186,187,188,189,193,194,195,196,198,200,201,203,204,208,209,210,212,213,214,216,218,219
38,40,46,47,49,50,58,59,61,62,63,64,65,69,70,75,78,79,81,82,83,85,88,90,91,92,93,95,97,98,100,102,103,106,107,113,115,116,118,119,120,121,122,124,126,127,128,130,135,136,138,139,140,141,144,147,149,150,151,152,153,154,155,156,158,160,161,165,166,167,170,171,172,173,174,176,177,178,180,181,183,184,185,187,189,190,191,192,194,195,199,201,203,209,210,211,212,213,214
39,42,43,45,47,48,49,51,53,56,57,59,63,65,68,75,78,79,82,84,85,89,91,93,97,98,100,101,103,106,109,110,111,112,113,119,121,123,127,129,131,132,134,135,136,137,139,142,144,145,146,147,151,153,154,156,159,161,164,167,169,170,173,174,175,176,177,178,180,181,186,188,189,192,194,196,197,200,201,204,206,207,209,211,213,215,216,217,219
40,44,47,49,50,52,64,65,66,67,72,75,77,78,84,85,86,89,93,95,96,100,101,105,106,108,112,113,114,119,120,121,122,125,126,131,132,134,138,139,140,142,145,146,149,150,151,153,156,159,165,168,175,179,182,184,185,187,189,194,196,197,198,199,201,202,203,205,209,210,211,212,213
41,44,47,48,51,53,54,56,58,59,62,65,66,67,69,71,72,73,80,82,83,84,87,88,91,92,93,95,96,97,98,100,102,104,107,108,113,115,117,121,123,125,129,132,134,137,140,144,145,146,149,150,153,155,156,158,159,166,172,177,178,182,183,186,187,188,192,194,199,207,208,210,211,214,216,217
42,130,131,134,193,128,216,140,141,206,144,148,149,153,155,162,163,164,165,168,172,173,46,175,48,189,50,180,54,55,56,185,159,188,61,64,65,66,196,69,72,201,74,160,205,78,79,81,83,84,85,88,219,92,174,97,98,101,209,104,106,167,111,112,113,114,211,116,118,200,127
43,44,46,48,51,52,54,55,57,60,62,64,67,70,71,72,73,75,76,77,78,79,81,82,86,88,91,94,96,99,100,101,105,108,111,112,113,114,116,121,122,123,129,130,132,135,137,139,140,142,143,145,146,148,149,152,153,159,167,168,170,172,173,175,176,178,181,186,189,190,191,192,197,199,207,208,209,211,218
44,51,52,57,58,60,62,64,67,69,72,73,74,77,79,82,83,84,87,88,89,90,93,94,95,97,98,99,105,108,110,112,113,114,116,117,119,120,121,123,125,127,128,129,130,131,132,135,136,137,139,140,141,145,152,154,155,157,158,159,166,167,168,169,172,174,179,180,184,186,188,190,191,192,193,195,197,199,200,202,205,206,209,210,212,213,214,215
45,46,47,48,49,50,52,55,57,58,59,62,65,70,71,73,76,77,79,80,81,84,85,86,88,89,90,92,95,96,98,103,106,113,114,117,122,123,125,131,134,135,136,137,145,147,149,152,154,156,159,160,161,162,163,164,165,166,169,173,177,180,186,188,190,191,193,194,205,206,209,210,211,213,214,215
46,55,58,60,61,63,68,70,71,72,77,81,82,86,88,97,100,101,102,103,104,105,106,107,108,110,111,112,114,115,117,125,132,140,141,142,143,144,145,147,148,149,150,151,152,156,162,163,166,168,169,170,174,175,178,179,181,183,185,186,188,192,193,195,197,198,199,200,202,203,205,208,209,210,211,212,213,215,219
47,48,49,51,52,53,55,57,60,61,63,65,68,69,72,73,77,79,81,83,87,90,97,100,101,103,104,105,106,113,126,127,134,135,138,139,142,145,149,151,152,154,157,159,166,168,169,170,173,174,175,176,178,181,183,186,187,188,190,192,194,195,197,200,202,205,206,209,211,212,214,216,217,219
48,53,55,56,62,63,66,67,69,73,74,79,81,82,84,85,86,87,90,91,93,98,99,100,102,105,108,115,116,122,129,133,134,136,140,141,144,145,150,152,156,158,159,160,161,163,166,167,168,169,171,176,178,183,185,186,189,190,192,194,195,196,200,202,203,204,205,208,209,212,213,215,218,219
49,51,52,59,60,63,65,66,67,69,72,73,75,76,77,78,80,81,82,83,87,91,92,93,94,97,100,102,107,108,109,110,115,116,117,122,123,124,125,128,131,133,134,136,137,140,141,142,144,146,147,148,151,161,162,163,168,169,170,171,172,174,177,181,183,184,186,187,188,189,191,193,196,197,201,202,208,209,210,212,216,217,218
50,51,54,60,61,64,69,72,73,74,75,76,77,78,82,83,86,90,92,95,98,99,100,103,104,105,107,108,110,111,113,115,117,118,119,121,122,123,124,126,129,132,134,135,137,139,144,148,150,152,153,154,158,160,161,162,164,166,168,171,172,175,176,177,181,182,185,187,188,189,190,192,193,196,197,198,200,201,202,203,204,209,210,212,216,217,218,219
51,53,54,56,58,61,62,67,69,71,75,77,78,80,83,85,89,90,92,94,95,96,97,98,100,101,102,105,109,110,111,112,114,115,117,122,125,128,129,131,132,136,138,146,147,149,154,155,156,157,158,162,163,164,168,173,175,179,180,182,183,184,185,189,190,192,193,197,198,199,200,202,203,206,208,210,211,212,216
52,131,133,134,193,172,140,130,142,143,144,146,155,156,169,147,178,179,158,56,57,58,61,63,192,181,66,68,198,71,72,73,78,207,209,163,212,85,186,216,164,90,219,93,199,211,136,100,104,194,107,200,112,115,116,120,121,122,124,170
53,55,56,57,60,61,66,69,70,71,72,76,77,78,81,84,85,86,87,88,92,93,96,103,105,108,112,118,119,123,124,126,127,128,130,131,133,135,136,138,141,143,146,148,149,154,155,156,160,161,162,163,165,166,169,172,174,178,179,181,182,183,187,189,190,191,192,193,194,197,198,200,201,204,205,208,211,213,214,216
54,55,57,59,60,63,64,68,70,73,74,77,82,84,85,87,88,89,91,92,95,98,100,102,106,108,109,112,114,118,119,120,124,127,128,129,132,134,135,137,139,143,144,147,152,153,159,160,162,165,167,168,170,174,176,179,180,181,183,184,185,187,190,191,192,194,196,199,200,201,203,206,207,208,209,212,215,216,217,218
55,56,59,60,61,62,63,65,69,74,75,76,79,87,94,95,97,100,106,108,109,111,115,118,120,123,124,125,126,127,130,133,134,138,139,142,143,148,149,152,157,158,163,164,166,171,172,173,176,177,178,180,181,186,187,189,194,196,197,198,201,202,203,205,209,215,216,217,219
56,57,59,60,61,68,70,71,73,75,77,81,83,85,88,96,99,100,102,105,109,110,111,112,113,115,116,118,120,122,123,126,133,134,139,140,143,144,145,146,147,150,151,152,156,157,160,163,166,170,171,172,173,177,178,180,187,189,192,193,198,201,202,203,205,206,210,211,213,214,215,216,217,218
57,59,62,63,65,66,67,69,70,71,74,76,79,80,83,84,86,87,88,89,92,93,96,100,101,104,105,107,108,113,114,116,117,118,120,121,122,123,124,127,128,131,132,135,138,142,143,146,148,150,152,155,157,159,167,170,171,172,174,176,177,179,180,185,186,189,190,191,193,194,195,200,202,204,211,212,213,216
58,60,63,65,72,76,77,79,81,86,87,89,90,91,93,95,96,97,101,103,104,106,108,111,113,115,117,120,132,133,135,138,139,142,143,146,155,156,163,166,167,169,174,175,177,178,179,180,181,183,184,185,190,193,194,196,197,199,201,202,211,215,217,218
59,60,67,68,72,75,77,78,81,85,89,94,96,104,110,111,112,114,115,116,117,118,124,125,127,128,131,132,134,135,138,140,145,146,151,153,154,156,158,161,163,164,165,166,169,173,175,176,179,183,184,186,187,189,191,192,198,199,201,203,205,206,207,211,214,215,219
60,61,65,66,67,69,71,73,74,75,76,78,81,82,83,84,85,86,87,88,91,92,95,97,99,101,104,109,110,114,115,117,121,127,131,132,133,135,139,140,142,144,149,150,151,153,158,159,160,161,162,164,165,166,167,168,174,175,176,177,183,184,186,189,194,199,202,208,210,211,212,213,218,219
61,65,66,70,72,75,78,79,80,81,87,88,90,93,95,97,98,99,106,108,112,113,116,117,118,120,121,123,126,127,128,131,136,137,141,144,145,146,152,153,155,158,160,163,164,166,172,173,177,178,179,180,184,185,186,187,190,193,195,200,205,206,208,211,214,219
62,64,67,69,72,73,75,76,78,79,82,83,86,87,88,89,91,92,94,97,98,100,101,102,104,105,106,107,109,110,113,121,122,124,131,132,134,135,136,141,143,144,147,148,150,151,152,154,156,157,158,159,166,168,172,175,181,185,187,199,200,202,203,204,205,206,211,212,214,217
63,64,69,71,72,76,79,80,81,85,87,91,93,94,96,100,102,103,104,106,107,108,109,112,116,118,119,121,124,125,126,127,128,134,135,136,139,144,147,150,151,153,154,155,157,159,160,162,166,167,169,170,172,173,174,175,176,178,179,180,185,188,189,192,193,194,195,196,199,200,202,203,204,205,206,207,209,210,211,215,217,219
64,171,136,172,132,130,145,146,148,153,218,159,162,164,198,176,177,181,201,185,188,65,66,67,182,70,73,202,75,76,141,80,83,139,85,87,216,217,90,207,92,95,208,98,99,100,215,104,105,106,107,111,113,115,116,190,118,119,120,121,191,125
65,66,67,69,71,73,74,77,79,80,84,90,92,94,95,96,97,98,99,100,102,103,105,106,108,112,113,117,119,120,121,123,125,126,135,136,139,140,141,142,145,146,147,148,150,151,154,155,156,158,160,162,163,167,171,174,175,177,178,180,185,186,187,188,190,193,194,197,200,206,207,210,211,213,218
66,128,129,130,135,137,151,144,150,201,155,159,214,180,134,167,171,157,192,179,138,183,184,186,181,195,69,158,140,74,203,76,206,141,81,211,84,86,185,89,207,93,94,165,97,98,103,104,108,113,116,118,169,120,212,122,126
67,71,72,74,75,77,78,80,86,88,94,96,97,98,99,104,107,112,115,122,125,126,130,132,136,137,138,139,142,146,147,149,150,153,155,156,158,159,160,164,167,169,173,174,176,179,181,182,184,185,186,188,191,192,193,196,197,198,203,204,205,207,211,214,215,217
68,69,75,76,77,79,80,81,89,90,91,95,98,100,103,107,108,110,111,113,115,117,118,119,122,123,126,127,128,129,131,138,139,140,141,142,145,147,149,151,152,153,154,168,169,170,175,177,180,184,187,188,189,191,195,197,198,199,202,203,205,210,212,213,214,217,218
69,71,73,76,79,81,82,83,84,88,90,91,94,95,99,101,102,104,106,108,109,110,119,120,123,124,128,129,130,131,133,134,135,138,139,141,145,148,149,152,155,156,158,160,162,164,167,169,171,172,173,174,176,180,182,185,186,187,189,190,191,192,193,195,196,198,199,200,203,204,205,207,208,211,214,215,216,218
70,134,135,130,142,143,144,153,132,155,150,161,164,167,168,174,175,189,178,179,201,163,188,191,160,197,71,72,140,74,75,76,205,78,207,173,210,83,185,89,218,219,165,97,100,106,110,111,112,211,116,118,120,121,122,125,202,127
71,72,78,79,80,81,82,83,84,88,89,90,93,94,96,98,104,105,106,108,109,110,111,113,115,116,120,121,122,123,127,128,131,133,135,136,137,141,142,143,144,146,151,152,153,155,156,159,163,168,169,170,171,172,173,174,180,183,185,186,188,191,193,195,196,199,200,202,203,205,208,213,214,217,218,219
72,73,75,80,81,82,84,87,88,89,91,94,99,101,102,103,106,108,109,114,115,116,117,119,120,123,126,127,130,133,136,139,143,146,147,149,151,153,154,157,158,159,160,162,163,164,165,166,167,168,169,171,172,173,177,180,181,182,184,187,189,191,193,197,198,200,201,204,205,206,209,212,213,217
73,75,78,79,84,85,90,92,96,100,103,105,108,109,111,112,113,123,124,125,127,129,130,133,134,137,139,141,142,146,147,149,151,153,154,158,161,163,164,165,166,167,172,183,184,188,190,191,192,198,199,200,202,204,206,207,210,211,216,217
74,77,82,84,87,88,90,92,93,94,96,102,103,104,106,110,112,113,114,115,116,117,120,122,123,129,131,135,137,139,141,143,144,147,148,151,152,153,154,159,170,171,175,176,179,180,182,183,188,190,191,192,193,194,195,199,206,207,209,211,213,214,217
75,76,77,78,82,84,85,86,89,92,94,95,96,98,100,101,102,103,104,111,113,118,119,125,129,131,132,134,136,138,139,141,146,149,151,154,156,157,158,161,162,163,166,167,169,172,176,179,180,184,189,191,200,204,206,208,209,210,212
76,79,80,81,82,83,84,85,87,88,89,92,94,100,101,106,109,118,119,120,121,122,124,125,128,129,131,132,133,138,140,145,146,147,148,154,157,158,159,163,164,165,166,167,169,170,174,175,177,178,179,182,186,188,190,191,196,197,198,199,200,201,202,203,205,206,207,208,213,215
77,78,79,80,81,83,85,86,87,88,89,92,93,95,99,101,104,108,110,112,113,115,116,118,121,123,125,131,132,133,136,138,142,144,146,152,154,155,157,158,159,163,164,166,168,172,173,174,180,181,184,185,186,189,192,195,201,203,206,207,210,211,212,218,219
78,80,81,83,84,85,88,89,90,92,94,95,98,100,102,108,109,111,112,113,116,117,119,122,123,125,130,132,135,138,142,143,148,151,154,158,160,165,167,170,172,173,175,180,182,183,184,186,188,192,193,195,196,198,199,202,203,204,208,211,212,213,215,219
79,81,83,84,85,88,89,90,93,94,95,97,100,102,105,108,114,116,117,121,122,124,126,129,132,135,136,141,143,146,147,149,151,152,154,155,157,158,159,160,161,163,165,166,167,170,173,175,178,179,182,184,187,188,190,191,192,194,197,199,201,202,203,204,209,210,212,216,218,219
80,83,84,85,88,91,92,93,94,96,97,100,101,103,105,109,110,111,115,120,123,124,126,127,131,132,136,140,142,143,144,148,149,150,151,152,153,154,164,165,168,169,170,171,174,176,177,178,179,181,186,191,192,193,194,195,199,208,210,211,213,214,216,217,218,219
81,82,86,89,90,91,92,98,99,100,101,103,104,109,110,111,115,119,120,121,123,125,126,132,135,136,137,139,140,141,143,146,149,150,151,152,153,156,159,160,163,166,169,171,172,176,177,178,181,183,187,188,189,192,194,196,198,199,203,204,207,213,219
82,85,86,91,93,94,98,107,108,109,112,120,121,123,124,126,127,130,133,134,139,149,153,154,157,158,159,160,161,162,163,164,166,167,170,172,175,176,179,180,181,183,185,187,191,193,197,198,201,205,212,214,219
83,84,87,88,89,93,94,99,100,101,108,109,114,115,118,121,123,125,128,129,130,131,139,140,146,147,148,150,151,152,153,157,158,160,161,162,163,164,165,166,168,170,172,178,179,187,188,189,192,194,195,196,197,199,201,205,206,211,212,214,216,217,218
84,86,87,89,90,93,95,100,106,108,109,114,117,118,120,122,123,124,125,131,132,133,134,137,139,140,144,148,149,153,157,159,160,161,163,164,165,166,167,168,169,171,172,173,180,183,184,187,190,194,195,197,198,201,203,211,217
85,87,92,95,96,97,99,103,104,105,108,111,112,114,116,117,118,119,120,123,124,125,127,128,130,131,132,134,138,143,148,149,152,153,154,155,158,159,167,170,171,172,175,178,185,189,190,193,197,199,202,203,204,207,208,214,215,216,217,218
86,89,90,92,93,95,97,100,104,105,110,111,114,115,116,119,120,121,128,131,134,136,139,141,142,145,146,148,149,152,154,159,160,164,166,167,168,169,171,173,174,176,177,178,179,180,181,182,184,185,188,189,194,198,200,202,203,205,206,207,208,209,211,212,213,216,219
87,88,90,91,92,96,100,102,103,104,106,107,108,112,114,115,116,121,123,127,130,135,137,139,140,141,142,144,148,149,154,157,160,161,162,163,168,170,174,175,176,177,180,184,186,187,191,192,195,196,201,204,206,209,214,218,219
88,91,92,94,96,97,108,110,112,113,116,127,128,133,136,137,139,140,141,145,149,152,153,156,157,158,160,161,162,164,165,168,169,174,176,177,179,182,183,185,191,193,197,200,201,202,207,208,209,212,213,218
89,90,91,93,94,97,99,105,119,120,122,123,124,125,127,129,131,134,135,138,144,145,146,150,151,153,155,159,161,164,165,166,167,169,172,174,176,179,180,181,182,183,185,189,191,196,198,200,201,205,206,208,213,215,217,218,219
90,99,100,101,102,105,106,107,108,113,119,123,124,131,134,135,140,141,142,150,154,155,165,167,169,172,174,175,176,178,180,181,182,185,186,187,189,190,192,194,197,198,200,203,204,210,213,217
91,93,94,96,97,105,107,109,111,113,114,116,117,121,122,123,124,125,128,131,134,137,139,143,144,146,150,152,154,156,164,170,180,182,183,184,186,191,193,194,195,196,197,198,199,200,201,202,206,207,209,210,211,213,214,215,216
92,93,97,98,99,101,102,103,104,105,107,109,111,112,113,116,118,119,120,123,124,127,129,130,132,135,137,139,140,141,146,149,150,151,157,158,159,160,164,165,166,168,171,172,176,179,181,182,183,184,185,189,190,191,192,193,195,196,198,201,203,207,208,215
93,95,97,100,101,102,103,105,106,108,110,111,113,115,116,118,120,122,126,128,134,135,140,143,144,146,148,153,154,155,158,160,163,169,173,179,182,183,186,188,190,193,194,199,202,205,207,209,214,217
94,95,97,100,101,102,106,110,112,114,116,118,119,121,122,123,124,128,130,131,133,134,135,136,142,143,145,146,149,151,153,155,156,157,163,166,167,168,169,170,173,177,179,181,183,190,193,194,197,198,199,200,202,203,204,207,208,213,217,219
95,97,99,100,104,105,106,107,111,114,115,116,117,120,122,123,124,125,127,129,135,137,142,145,146,148,149,150,152,153,154,156,157,158,159,163,167,168,170,171,173,174,180,181,184,185,188,189,190,192,193,200,203,204,205,206,208,212,214,218
96,98,100,104,109,111,112,113,116,118,119,120,123,124,125,126,130,132,135,136,137,138,140,141,142,147,148,150,154,156,157,158,160,161,163,164,170,171,172,173,174,176,178,179,180,181,182,183,184,187,188,189,190,192,193,196,198,199,201,205,210,212,213,215
97,98,100,102,103,108,110,113,117,119,121,122,125,126,127,128,129,131,139,140,141,143,145,146,147,148,149,150,152,153,157,158,162,165,168,169,170,172,173,177,178,186,187,193,194,195,196,197,198,199,203,204,206,207,217
98,100,101,104,105,106,107,109,112,115,116,118,119,121,122,125,127,130,134,137,141,146,148,150,152,153,163,166,167,170,172,174,175,176,179,185,187,190,191,196,198,200,201,206,210,213,214,215,216,218
99,101,109,110,111,113,114,115,118,124,128,129,131,133,135,138,139,141,142,143,144,145,147,149,150,152,153,154,159,160,161,163,164,172,173,174,175,176,178,179,180,181,182,183,185,190,192,195,196,197,203,206,207,212,214,219
100,101,103,107,109,112,114,121,123,124,128,130,138,142,145,148,153,154,156,160,161,162,165,167,176,178,180,181,183,184,187,188,189,190,191,194,197,199,202,203,204,206,207,214,218,219
101,103,105,111,115,116,119,123,125,127,128,129,130,133,136,139,143,144,146,147,149,152,157,163,164,166,167,168,170,171,174,175,177,178,179,180,184,185,186,187,188,189,191,192,193,195,197,198,200,204,206,211,213,214,219
102,128,213,134,215,140,141,145,205,158,133,164,177,168,170,172,181,137,186,159,202,194,198,162,184,211,206,214,216,217,187,103,104,106,107,109,112,183,115,117,120,122,200,125,149
103,104,107,109,110,113,121,122,123,124,125,132,133,135,136,137,138,141,144,145,147,148,154,155,157,158,164,165,166,167,170,171,172,173,174,178,181,182,183,187,192,196,197,198,199,200,206,207,208,210,211,212,218
104,108,112,116,117,118,120,122,123,124,125,126,128,132,133,140,141,142,143,145,147,148,149,153,154,156,160,161,163,166,167,168,173,174,175,176,178,181,182,185,190,191,193,196,197,199,203,212,217
105,107,108,109,111,112,113,114,116,120,123,125,126,127,129,130,131,133,135,138,140,143,147,148,154,156,157,158,160,162,163,166,168,171,172,174,179,180,181,182,183,185,192,195,196,198,199,200,201,203,205,210,211,212,213,214,217
106,108,114,115,118,119,120,121,125,126,128,130,132,134,136,137,138,141,143,150,152,154,155,157,158,159,163,165,167,170,171,179,180,181,183,185,187,191,192,195,197,200,201,203,206,211,212,213,216,217
107,129,132,136,142,143,145,146,147,150,152,154,160,162,180,167,170,171,172,173,179,182,183,186,192,194,161,200,204,156,211,139,206,214,164,199,196,165,178,108,112,115,117,120,217,191,195,219,126,127
108,112,116,117,118,119,120,122,124,126,130,131,134,136,138,140,143,145,146,147,148,155,156,157,164,166,167,169,173,177,180,183,184,185,188,190,192,194,197,198,199,211,213,215,216,218,219
109,112,113,116,117,118,120,123,125,126,129,131,132,133,134,135,136,138,139,140,142,150,151,152,156,157,158,159,160,166,169,170,173,175,177,178,180,185,188,191,195,198,199,201,202,203,205,206,207,212,213,215,216,219
110,111,114,115,116,118,119,120,122,123,124,126,134,135,136,138,141,143,144,145,147,150,151,157,159,160,162,165,169,171,172,173,174,178,186,188,189,190,192,193,194,196,198,201,204,205,207,209,211,212,217
111,114,117,118,120,122,123,125,126,127,129,132,134,135,136,138,139,140,142,152,157,158,159,160,162,166,172,174,175,178,188,189,192,193,194,197,198,200,201,204,207,208,209,210,211,212,213,214,217,219
112,116,117,121,122,125,129,132,135,137,141,143,144,145,146,147,149,150,153,154,158,165,166,168,170,171,174,178,180,181,182,189,192,193,194,196,199,200,204,205,206,207,210,211,212,217,219
113,114,116,117,119,124,125,132,133,135,136,140,141,142,143,144,147,149,150,153,154,157,159,163,165,167,168,169,170,171,172,173,175,176,178,180,184,186,190,191,193,198,199,201,202,210,213,214,216
114,119,120,123,125,126,127,128,130,131,133,135,136,137,142,143,146,147,150,151,152,154,155,163,164,167,169,171,175,176,182,184,187,188,190,191,192,196,200,204,207,208,209,213,215,218
115,116,117,122,124,127,131,133,134,136,139,141,142,143,144,146,148,149,150,151,153,162,163,165,166,167,170,173,178,181,184,189,197,200,201,202,203,204,206,209,213,214,218,219
116,117,118,119,123,124,125,127,130,132,137,140,145,149,153,155,156,158,160,167,171,174,177,179,182,183,184,185,187,189,190,194,195,198,199,201,202,203,204,205,210,212,215,216,218,219
117,118,119,120,123,124,127,132,133,134,135,139,144,146,147,148,150,151,152,153,155,156,160,161,167,174,179,182,183,185,186,187,189,198,201,204,205,206,207,208,210,212,213,214,219
118,120,121,123,126,131,133,138,140,141,143,146,150,151,161,162,163,167,169,171,172,176,177,179,181,185,187,190,191,192,194,200,201,203,204,206,210,212,219
119,122,123,124,125,127,128,134,139,143,146,147,153,155,158,159,161,162,163,164,165,167,168,169,170,172,173,176,179,181,182,186,187,189,192,193,194,196,199,201,204,206,211,212,214,216,218,219
120,121,127,128,131,135,136,139,141,143,147,152,155,156,159,165,166,167,168,174,177,178,179,181,182,184,188,192,193,194,196,197,199,201,203,204,206,210,213,215
121,122,123,127,129,131,132,133,137,138,139,140,141,144,149,151,152,153,154,156,160,165,167,174,179,180,183,184,185,187,189,193,195,198,199,200,201,205,207,209,210,212,215,217,219
122,123,130,131,133,136,140,141,143,145,146,148,149,152,154,158,159,161,162,164,166,172,174,176,180,181,188,189,190,196,197,198,202,203,204,205,209,213,215,217,218,219
123,124,125,126,127,130,132,133,134,135,136,141,144,147,150,152,153,154,156,157,159,160,162,164,165,166,167,175,176,180,185,187,188,189,192,193,194,203,212,213,215,216
124,128,131,133,138,140,142,144,145,146,147,150,152,154,157,158,159,160,170,171,181,183,187,190,191,192,194,195,196,198,201,203,207,211,212,213,214,215,216
125,128,132,133,134,135,137,138,141,144,146,148,150,151,152,153,154,156,158,160,161,162,163,168,169,171,173,175,182,185,187,189,191,192,201,202,204,208,210,213,215,216
126,128,129,130,133,134,136,138,139,140,144,145,148,151,153,154,155,157,159,160,166,171,183,184,187,189,190,191,192,193,195,197,202,204,205,206,207,208,210,215
127,128,130,132,135,137,142,143,144,145,146,149,152,156,158,159,161,163,164,166,170,172,173,178,181,182,183,184,185,186,198,200,201,202,203,204,206,208,210,211,214,215
128,130,131,132,137,138,139,141,143,146,147,148,150,152,153,162,165,166,169,170,172,173,174,176,180,181,187,190,191,196,197,198,208,209,212,215,216,217
129,132,133,134,135,136,139,141,142,144,146,147,148,149,155,160,162,163,165,167,169,172,173,183,184,187,188,194,196,197,198,204,207,208,210,211,213,214,217,218
130,131,133,135,139,140,142,143,146,149,150,151,152,154,157,158,163,170,171,173,175,176,178,179,182,183,190,191,195,197,198,201,202,203,204,205,214,215
131,135,137,138,140,142,147,157,160,162,163,164,167,168,172,176,180,181,182,185,186,188,192,193,195,196,199,200,203,206,212,216,217,219
132,134,135,137,139,144,145,153,159,160,163,164,165,168,173,174,177,179,182,183,186,191,192,194,195,198,202,204,205,206,208,209,211,212,214,215,216,219
133,135,136,141,144,145,146,148,151,152,158,176,166,167,168,171,173,174,178,182,190,192,198,183,206,207,208,209,163,213,215,218,216,211,177
134,137,141,143,146,147,155,154,158,176,162,164,165,171,180,189,198,183,199,194,202,208,209,191,216,182,145,167,168,140,175
135,137,140,141,142,150,153,154,158,160,161,164,165,166,167,170,171,176,182,183,185,187,191,197,199,200,206,208,213,214,216,217
136,138,139,140,141,142,145,148,149,151,153,154,155,163,165,169,171,174,175,177,178,179,181,182,184,200,203,208,213,214,216
137,172,138,140,215,171,155,157,219,210,174,175,209,180,181,201,139,190,193,182,203,143,206,156,211,213,178,146,189,147,195
138,194,158,144,146,149,196,154,157,159,160,163,164,165,167,171,174,176,177,182,189,190,212,193,202,139,203,216,186,148,166,195,206,147,187,217,213
139,141,142,143,144,145,147,149,152,153,156,158,160,163,164,166,168,171,172,173,174,175,176,179,181,183,185,188,189,190,191,192,193,194,195,197,201,202,206,207,209,210,211,214,215,219
140,142,145,148,152,157,159,160,161,163,166,169,170,171,173,175,176,178,181,183,185,192,193,194,200,203,207,210,217,218,219
141,143,151,152,153,156,157,158,159,160,161,163,164,166,168,172,173,174,175,176,183,184,186,187,188,190,192,193,195,197,199,207,208,209,212,213,214,216
142,143,146,147,149,151,152,153,156,157,158,162,163,164,165,167,169,170,171,172,182,185,186,188,189,192,194,197,198,205,206,207,209,211,213,214,215,216
143,145,146,147,148,150,151,152,161,162,165,170,173,177,178,179,180,182,183,187,188,189,193,200,204,206,207,208,213,215
144,146,153,154,155,162,165,166,168,172,173,174,177,178,181,183,185,187,191,193,194,197,201,202,206,208,209,211,212,215,216,218
145,146,148,153,157,160,163,165,171,176,179,184,190,192,194,195,197,198,201,207,208,213,217,219
146,148,150,151,153,154,162,164,167,168,169,173,176,177,178,179,183,184,185,186,189,191,194,195,199,202,209,211,214,216,218,219
147,149,150,152,153,154,155,156,157,160,162,164,168,170,171,179,181,184,187,189,191,192,193,197,198,199,200,201,204,206,209,210,212,213,214,215,216,217
148,150,151,152,153,154,158,161,162,163,164,167,170,171,175,177,179,181,183,185,186,189,191,193,195,199,201,208,209,210,211,213,215,217
149,157,158,159,161,163,164,169,179,180,181,182,184,185,188,190,194,195,198,201,202,203,204,205,206,209,210,212,214,215,218
150,152,159,161,162,163,164,166,167,168,170,173,175,176,177,180,181,185,186,187,189,191,196,197,198,199,200,202,206,207,211,212,217,218
151,152,153,154,155,156,159,161,162,163,165,166,168,169,173,178,179,180,181,183,185,187,191,194,197,199,200,202,204,206,207,209,210,213,214,217,218,219
152,154,159,162,163,165,171,174,175,180,185,189,190,191,192,193,195,198,199,200,204,205,206,207,210,218
153,154,155,157,161,164,165,170,171,173,175,176,177,183,187,188,193,195,197,201,206,211,214,215,217,218
154,155,156,158,160,163,165,166,167,171,173,176,177,181,183,184,185,193,194,204,208,210,211,212,219
155,179,218,156,157,197,168,171,177,178,182,200,209,211,212,214,185,216,207,181,165,166,195,217,191,170,213
156,157,160,161,162,164,166,169,170,171,172,173,175,176,180,181,183,187,188,190,191,193,194,196,198,200,202,203,204,208,213,214,216
157,158,159,161,166,168,174,175,176,178,179,181,186,188,195,196,199,200,201,204,206,211,212,213,215,216,218
158,159,162,165,166,168,169,172,173,174,175,180,181,189,190,194,195,196,201,204,205,206,207,209,210,211,214,216,217,219
159,160,161,164,165,176,177,181,182,184,185,186,189,191,192,193,194,196,197,199,200,202,204,205,206,208,209,210,211,213,217,218,219
160,161,163,165,166,167,168,169,171,173,174,179,180,181,186,187,188,189,190,191,193,197,198,204,206,208,210,211,215,216,219
161,209,219,168,193,171,172,175,183,184,176,190,169,192,194,203,200,202,162,206,208,173,198,215,178,177,211
162,163,164,165,169,171,173,175,176,177,180,181,185,186,188,192,194,195,197,198,199,202,204,205,207,208,210,211,212,213,215,216,217,219
163,164,167,168,175,176,177,179,180,182,186,189,190,191,192,194,199,200,212,216,218,219
164,165,166,169,171,175,176,178,180,183,184,188,190,193,199,200,203,206,209,213
165,166,167,168,169,171,172,174,177,180,181,184,185,186,187,188,190,192,200,201,203,204,208,209,217,218,219
166,167,170,171,172,175,178,185,188,190,191,192,193,194,195,197,200,202,207,208,209,211,212,214,216,217,218,219
167,176,179,180,181,184,191,193,195,196,202,204,207,210,211,212,214,215,217,218
168,170,172,176,178,183,184,185,187,190,191,192,194,197,198,200,202,205,206,209,210,211,212,213,214,215,216
169,171,173,174,175,177,180,182,183,184,185,187,189,192,195,197,198,199,202,203,204,205,207,209,212,213,215,216,217,218,219
170,171,173,175,176,177,178,180,189,191,192,193,197,198,200,205,206,207,208,210,212,216,217
171,178,180,182,183,186,190,191,196,199,200,202,205,207,208,209,210,217
172,175,182,183,184,186,195,196,198,204,206,207,208,210,212,213,214,216,219
173,176,178,179,181,183,185,186,194,195,197,207,208,210,213,214,215,218,219
174,175,177,181,182,184,188,190,191,198,199,202,203,205,217
175,178,179,180,185,187,190,192,193,198,201,202,203,204,207,209,213,214
176,179,182,184,185,186,188,189,192,193,195,198,200,201,204,205,207,216,217
177,185,179,187,190,197,198,201,183,206,189,212,213,208,178
178,179,185,188,193,194,195,197,198,200,201,205,208,211,213,214,216,219
179,187,188,193,195,199,201,202,205,208,209,210,213,214
180,189,190,191,192,194,197,199,204,205,207,213,216,218
181,183,186,188,193,195,196,201,202,203,204,206,210,211,212,213,215,216
182,203,219,184,188,194,204,183,209,210,206,217
183,189,192,193,195,199,200,202,205,207,209,211,212,216,219
184,213,199,190,191,209,210,211,206,188,200
185,186,188,191,193,197,198,201,203,204,205,207,209,211,214,215,216,217,218
186,190,193,196,197,199,201,203,204,205,210,211,212,213,215,217
187,191,192,193,195,198,200,202,204,208,209,211,213,216,217
188,193,210,191,201,189,206,207,199,217,202,213
189,191,192,195,196,202,205,208,210,216,217,218,219
190,192,193,197,201,205,207,209,211,212,214,215,219
191,192,194,195,196,198,199,200,201,202,204,211,213,214,217,219
192,193,195,197,201,204,205,206,207,209,210,212,216
193,196,197,198,204,206,207,210,213,214,218
194,195,196,197,199,201,209,211,212,213,215
195,196,198,199,200,203,204,210,211,216,218
196,215,209,198,202,205,212,214,216,218,200,211
197,198,199,201,203,204,206,207,214,215,216,219
198,200,201,203,205,206,207,208,209,210,211,212,214,216,217,219
199,200,204,205,206,209,214,215,218
200,203,204,208,213
201,203,210,211,213,216,218
202,207,211,214,215,217,218,219
203,204,205,207,208,209,211,215,216,218,219
204,205,207,208,210,211,212,213,214,215,216
205,208,215,211
206,208,211,214,215,216,218,219
207,210,212,213,214
208,210,212,215,216,219
209,210,211,214,215,218,219
210,212,215,218,219
211,213,214,215
212,216,218
213,214,215,216,217,218,219
214,215,218
215,216,217,219
216,218,219
217
218
219
