n_nodes:129
n_edges:3654
density:0.44259
0,128,2,4,5,6,8,10,12,13,16,18,19,24,25,28,29,30,33,36,37,38,39,40,41,42,46,47,50,51,52,56,57,61,62,63,64,66,68,70,71,72,80,81,90,91,93,95,97,100,107,109,111,112,114,121,126,127
1,2,6,7,11,12,15,17,18,21,22,27,30,31,35,37,40,41,45,46,47,48,50,52,56,58,64,67,69,70,72,75,77,78,80,85,87,89,90,91,93,94,95,98,104,114,115,116,119,121,122
2,5,6,8,9,10,15,19,21,22,29,30,31,40,42,49,50,128,52,53,55,64,67,70,71,72,73,85,86,88,89,90,92,93,97,98,103,104,105,107,109,110,113,114,117,118,119,120,121,123,124,126
3,4,8,12,13,16,24,26,30,31,32,38,42,43,46,47,49,50,54,56,60,67,68,70,71,74,76,78,80,81,85,86,87,91,93,98,99,101,107,109,112,115,116,117,119,120,121,122,123,126
4,8,9,11,13,14,16,17,19,24,28,30,31,32,33,38,40,43,46,48,50,52,53,59,63,64,66,67,68,69,70,71,72,73,78,85,87,91,92,93,95,99,100,102,104,105,108,109,110,113,114,116,118,120,121,123,124,125,126,127
5,128,6,7,9,11,12,13,14,16,17,20,21,24,27,29,30,33,35,36,37,38,40,41,42,43,47,50,54,55,56,57,59,60,62,63,64,67,69,75,76,77,82,85,86,87,90,92,94,96,100,102,114,121,122,125,126
6,7,9,128,11,12,13,16,17,18,19,21,23,24,26,27,30,31,32,33,34,35,38,45,47,48,49,50,53,54,55,56,59,62,64,65,68,69,70,74,75,76,78,79,80,81,85,89,91,92,94,97,101,102,104,107,108,115,116,117,118,119,121,122,125,126
7,8,10,11,20,23,28,33,35,36,42,45,51,55,64,69,71,72,73,77,79,81,85,87,88,89,90,95,98,100,101,104,105,109,110,112,114,115,119,124,126,127
8,128,10,11,13,18,19,20,22,24,25,26,28,29,30,31,32,37,38,40,44,45,52,54,55,57,58,62,65,68,73,76,79,86,88,89,92,93,97,103,107,111,112,113,116,118,120,121,122,123,127
9,128,11,14,15,20,21,23,25,33,42,46,48,52,54,55,57,58,59,60,63,64,65,67,70,71,73,75,77,80,83,84,90,91,96,97,99,103,105,109,111,112,113,114,116,117,118,120,122,124
10,12,15,17,19,20,23,25,28,33,35,38,41,47,53,57,58,60,61,63,65,66,67,68,70,71,75,76,80,81,84,85,86,90,95,96,99,101,103,105,112,116,117,120,121,122,126
11,12,14,17,23,26,29,31,32,33,34,41,44,46,48,51,52,53,57,62,63,65,67,68,69,70,71,72,76,77,78,79,81,82,84,86,88,91,92,94,95,97,99,102,103,105,110,112,113,117,119,123,127
12,14,15,16,17,18,20,23,24,25,27,28,29,31,33,34,38,40,43,46,54,55,58,60,61,64,68,69,73,74,79,81,82,84,92,93,96,97,98,99,101,102,104,107,112,113,116,121,122,123,124,126
13,15,16,18,19,20,27,28,31,32,37,38,41,50,52,53,56,59,65,67,68,69,71,73,74,76,79,80,83,86,92,93,94,96,97,100,101,111,113,114,118,119,120,121,122,123,124,125,126,127
14,15,16,18,23,24,26,27,29,34,35,39,40,41,43,44,45,46,48,50,53,55,59,62,63,64,68,69,73,78,82,83,88,95,96,97,98,101,102,108,109,110,115,119,120,121,122,123,124,125
15,128,17,19,21,25,26,27,28,29,30,32,35,40,48,49,50,52,54,55,56,58,62,68,72,74,78,80,83,84,90,91,96,97,101,102,105,106,109,113,117,118,120,122,124,126,127
16,128,17,18,19,23,24,25,27,28,29,30,32,34,35,38,39,43,46,50,51,52,53,54,56,57,60,62,64,65,66,70,73,75,84,85,88,89,91,93,94,96,97,101,104,106,108,111,112,116,117,119,123,125,126
17,18,20,22,24,31,32,37,39,44,46,47,49,50,51,53,54,56,57,59,60,61,64,65,66,69,70,73,74,75,76,79,80,81,83,84,87,88,94,95,98,99,102,106,112,118,119,122,127
18,21,23,24,26,27,30,31,33,38,41,44,45,52,53,54,57,59,61,62,63,64,65,67,74,75,76,78,81,82,83,84,86,87,88,90,92,94,101,107,108,109,114,116,117,119,121,125,126
19,128,20,22,24,25,26,27,31,33,36,37,39,40,46,51,52,55,57,58,59,61,63,64,69,72,74,78,80,83,84,86,87,92,94,95,97,98,99,103,112,113,122,124
20,128,23,24,26,27,29,31,34,36,40,42,43,44,45,49,51,53,54,56,57,60,61,65,68,70,72,74,75,79,83,84,86,87,88,89,90,99,101,102,106,107,109,111,114,116,120,124,126,127
21,23,25,26,29,30,31,33,34,35,36,38,40,44,47,48,50,51,52,54,55,58,59,65,67,68,69,72,73,75,76,78,81,82,84,90,92,93,94,96,99,101,103,104,107,109,111,116,117,118,121,122,126
22,23,26,29,30,32,33,37,39,43,44,45,46,49,50,52,53,56,60,62,63,64,66,67,68,74,81,84,85,86,89,90,91,93,96,97,100,105,107,111,114,115,116,117,118,122,127
23,24,25,27,30,32,33,36,44,51,54,57,62,63,64,65,66,73,76,77,84,85,86,89,90,99,101,107,108,109,111,115,117,118,120,124
24,26,28,29,31,33,36,37,38,39,41,44,45,47,49,50,51,54,56,57,61,62,64,66,70,71,77,78,79,80,81,85,86,87,88,91,92,94,95,99,100,102,106,110,111,112,113,115,116,117,119,121,122,123,125,126,127
25,26,28,29,30,31,33,35,40,41,43,45,48,49,52,54,55,57,59,61,62,65,66,67,68,69,71,75,76,81,82,83,84,86,87,91,94,95,103,104,105,112,113,114,116,117,118,120,121,124
26,29,34,37,38,42,43,45,47,48,49,50,51,54,55,56,59,60,63,64,65,66,67,69,71,75,77,78,81,82,83,86,87,88,89,95,96,98,104,105,106,107,108,110,114,115,123,126
27,28,29,30,34,35,39,42,43,44,45,46,48,51,55,56,57,59,60,62,65,67,70,72,78,82,87,89,90,91,96,98,102,104,109,110,111,114,116,121,123,124
28,128,32,33,36,38,41,42,43,46,47,48,53,55,56,60,66,67,68,71,72,74,75,78,83,84,85,86,88,89,90,91,93,94,95,104,105,106,108,111,113,115,116,118,119,124,126
29,128,31,32,36,37,38,39,40,41,45,46,49,50,52,55,57,59,60,61,63,66,68,69,71,76,77,79,80,82,88,90,94,96,97,100,101,102,103,105,109,110,111,113,115,116,118,120,124,126,127
30,128,33,37,38,39,44,45,48,52,54,59,60,62,63,66,68,71,72,74,75,77,80,93,95,96,100,104,106,109,113,114,115,116,117,118,120,123,125,126
31,35,36,37,39,40,43,44,45,46,50,51,53,57,63,66,68,72,74,76,78,79,80,82,85,86,91,97,99,100,101,105,107,109,110,112,113,115,117,119,122,124,126
32,128,33,35,38,39,40,41,44,49,53,57,61,64,66,68,70,71,79,85,87,88,91,92,93,96,100,102,105,106,109,111,112,117,118,119,122,125
33,128,35,37,38,40,43,45,46,48,49,50,51,55,56,57,59,60,61,63,64,66,67,69,71,77,82,83,84,88,89,90,92,94,96,99,100,102,103,106,108,109,111,113,116,118,120,121,123,124,125
34,35,37,39,40,42,44,45,50,52,53,56,59,61,62,63,66,67,68,69,70,71,72,73,74,78,81,84,86,87,88,94,95,101,106,109,113,116,118,121,122,123,124,125
35,128,36,37,47,48,50,52,53,55,59,60,65,66,67,71,73,74,76,77,79,80,81,82,87,88,89,92,94,98,99,101,102,103,104,106,107,109,110,113,114,116,118,119,122,125
36,37,42,44,45,46,50,51,56,57,58,59,62,63,66,67,68,69,73,75,81,84,85,88,89,91,93,94,95,96,99,101,103,104,106,107,110,112,113,114,115,116,117,118,119,120,122,124
37,38,40,41,42,46,49,52,53,55,56,58,60,61,62,64,65,66,68,69,71,72,73,76,78,82,85,86,87,89,90,93,94,95,97,98,99,100,103,104,105,107,109,111,112,115,118,119,120,122,123,124
38,128,39,41,44,46,49,51,53,54,55,56,57,62,64,66,71,72,73,77,79,80,85,89,90,91,93,97,101,103,105,106,108,109,110,111,113,117,118,119,120,121,125
39,128,43,45,47,52,55,63,67,71,72,74,75,76,77,79,81,82,83,85,86,88,89,91,92,94,98,101,102,108,111,115,116,117,118,119,122,126,127
40,128,41,42,43,44,46,47,48,49,52,55,58,59,60,64,65,70,71,75,81,83,84,85,86,87,88,89,90,91,92,93,94,98,99,103,114,117,118,123,124,126
41,42,43,45,46,48,49,51,52,53,57,58,59,63,67,69,70,71,72,74,76,77,78,79,80,81,82,83,86,87,88,89,91,94,96,99,105,106,109,112,113,114,116
42,44,50,51,52,53,55,57,59,60,61,63,65,67,70,72,76,77,79,80,83,84,86,88,91,92,93,97,98,99,101,102,103,104,105,107,109,114,116,117,121,122,124,125,126,127
43,128,45,46,47,49,50,52,55,57,58,59,61,62,65,69,71,76,79,82,83,84,86,87,90,91,94,95,97,98,101,108,114,116,118,119,123,124,125,126
44,51,54,55,56,60,61,64,66,67,69,71,72,74,76,79,80,82,83,85,86,88,94,95,98,100,101,103,107,113,117,120,121,124,125
45,47,49,51,52,54,55,58,59,60,63,65,66,69,72,73,76,78,84,88,89,90,93,97,100,101,102,106,108,111,113,114,120,121,122,124,125,127
46,128,47,48,50,60,61,62,64,69,70,72,76,77,80,86,90,91,93,95,96,99,101,105,112,115,116,117,119,120,121,127
47,49,51,52,53,54,57,60,62,69,70,72,74,75,76,79,81,82,84,86,87,94,95,96,99,101,102,105,106,108,113,114,115,118,121,122,124
48,59,62,63,64,68,69,74,75,76,79,80,85,89,94,96,97,99,101,102,113,115,118,120,122,124,126,127
49,51,53,54,56,58,60,61,63,66,70,72,74,75,77,79,80,84,87,88,91,93,96,98,100,101,105,106,107,112,117,118,122,124
50,128,55,59,60,61,62,64,65,67,69,70,71,73,75,76,79,81,84,86,87,91,93,97,100,101,103,104,105,108,110,112,113,114,115,117,118,120,121,122,124
51,52,56,57,58,60,61,64,66,68,71,75,76,77,78,82,83,84,85,89,90,91,93,95,96,98,100,102,104,105,107,108,114,116,118,119,120,122,123
52,54,57,59,61,67,68,73,77,83,84,86,89,93,94,98,104,107,108,111,113,114,125,127
53,57,58,59,60,61,67,68,70,71,74,76,79,80,81,82,83,84,85,86,89,92,94,97,98,100,102,104,106,107,111,113,114,116,121,124,127
54,128,56,57,58,59,64,65,66,67,73,74,75,76,81,84,86,87,88,93,94,96,97,98,101,102,103,105,106,108,109,110,112,113,114,116,118,119,127
55,56,59,63,68,69,70,76,81,82,83,84,85,86,87,89,96,97,101,103,105,106,108,115,116,122,123,124,126,127
56,58,61,62,63,68,70,74,75,76,79,80,82,85,86,87,88,90,94,96,106,108,109,113,115,119,120,121,122,124,127
57,60,61,62,64,65,66,70,73,74,75,77,78,79,80,82,84,88,91,92,94,95,98,100,102,103,104,107,109,111,112,113,114,117,119,120,122,124,125,127
58,60,68,70,72,73,74,75,82,85,86,88,90,94,103,106,107,109,111,112,113,115,116,117,121,123,124,125,126,127
59,61,62,63,67,68,69,71,73,74,75,76,77,78,82,85,92,94,95,97,98,99,102,103,106,108,111,119,121,122,123,124,126,127
60,128,62,64,67,71,75,79,80,82,85,87,90,91,97,98,102,105,106,109,110,111,112,115,116,123,124
61,62,66,70,82,83,87,92,95,97,101,102,105,107,108,109,110,117,122,123,124,125,127
62,63,67,68,69,70,74,77,80,81,84,86,88,92,95,97,98,99,101,103,105,108,110,116,117,122,127
63,128,64,69,71,74,75,78,84,87,89,90,91,92,93,94,95,96,100,101,105,107,108,109,110,111,112,114,117,118,119,120,122,124,125,126
64,65,67,69,77,78,79,81,84,85,88,89,91,93,95,96,99,100,104,105,107,108,109,110,111,112,113,119,121,125,127
65,67,74,77,79,85,86,87,89,93,97,98,99,102,104,105,106,107,110,111,113,114,115,117,118,119,120,121,122,125,126,127
66,128,67,69,70,74,77,80,81,87,88,89,94,101,105,106,108,110,114,117
67,128,70,73,74,76,78,80,82,84,86,89,91,93,95,96,97,99,101,103,105,106,107,110,112,114,117,119,121,122,124,126
68,70,71,73,76,77,79,88,89,90,94,100,103,107,109,113,115,116,117,122,123,125
69,72,75,77,78,79,84,88,89,91,94,97,99,101,102,103,104,107,110,112,113,114,116,119,120,124,126
70,128,71,72,73,76,77,79,83,85,86,88,90,92,93,95,99,101,108,110,111,113,119,123,124,126,127
71,128,74,83,85,87,88,89,92,100,101,104,105,108,109,112,113,114,115,116,117,118,125
72,74,75,76,78,81,83,84,85,90,92,99,100,101,103,104,105,107,109,110,112,114,120,121,122,124,125
73,74,76,77,83,87,92,95,97,98,99,101,103,105,111,112,115,117,119,125
74,128,75,76,78,81,82,85,89,91,92,93,94,97,99,101,103,109,111,112,115,116,117,118,119,120,121,126,127
75,128,80,81,82,84,86,87,88,89,92,94,95,96,97,102,105,108,110,111,113,114,116,117,118,119,122,126,127
76,77,78,79,86,88,90,92,95,99,101,107,108,109,110,111,112,118,119,120,122,126
77,78,79,87,89,92,93,96,101,105,106,107,108,109,111,112,114,115,117,119,121,122,123,127
78,128,80,84,87,89,92,98,99,100,102,103,105,106,110,117,119,120,123,126
79,128,82,83,86,87,90,91,92,93,97,102,107,111,115,119,120,124
80,81,82,83,85,88,89,91,93,95,96,99,101,104,106,107,109,110,112,113,114,116,118,120,122,123,125,127
81,82,83,85,87,89,92,93,95,96,98,99,100,101,102,103,104,106,107,109,110,112,114,115,118,119,120,121,123,126
82,83,85,87,88,91,93,94,96,97,98,99,100,101,102,104,108,111,112,113,120,127
83,88,89,90,91,93,95,103,104,105,107,112,113,117,118,120
84,128,85,86,90,92,93,99,104,107,113,116,121,125,126
85,87,91,92,93,94,96,101,102,111,112,114,115,116,117,119,121,122,125
86,88,92,94,96,100,102,103,106,109,110,112,115,118,122,124,125,126
87,88,89,92,93,97,98,99,101,102,103,104,105,106,108,116,117,120,122
88,91,93,94,97,98,99,100,101,103,105,107,108,109,110,113,119,121,123,124
89,90,91,94,96,103,104,110,111,112,113,115,116,119,121,123,124,125,126
90,91,93,97,99,100,103,105,106,110,112,113,114,116,117,119,120,123,124,126,127
91,92,94,95,96,98,99,102,103,105,107,111,112,114,115,117,118,120,121,123
92,128,93,94,95,98,99,101,102,104,108,110,111,114,115,117,121,124,125,127
93,128,94,95,97,101,106,108,110,112,113,114,118,119,120,121,125
94,95,98,99,100,102,103,104,106,110,111,112,113,119,121,123,124,125
95,128,98,99,101,102,103,104,105,107,108,110,111,114,115,116,118,119,120,123,126,127
96,128,99,100,101,103,105,107,111,113,114,115,116,118,124,126
97,128,100,102,103,107,109,110,115,119,123,124,125,126,127
98,128,101,102,103,104,105,107,109,110,111,115,118,124,125,126,127
99,128,101,103,104,105,106,109,111,113,115,119,120,121,122,123,125,126
100,128,102,106,107,108,109,110,113,114,116,118,121,123
101,128,103,104,105,107,108,111,114,116,117,118,120,125,126
102,128,104,107,110,115,116,117,118,122,123,124,126,127
103,104,106,107,108,111,116,118,121,123,125,126
104,128,107,111,113,116,120,121
105,128,110,113,119,120,121,126
106,109,118,121,123,124,127
107,109,110,115,118,120,125
108,128,111,113,119,121,126
109,128,110,111,112,113,118,119,125,127
110,111,115,118,120,121,125,127
111,128,115,119,120,121,122,124,125,126
112,113,115,116,117,119,121,125
113,116,119,122,123,124,125,127
114,128,115,124,126,127
115,128,117,118,120,121,125
116,117,119,122,124,126
117,128,119,120,122,123,126,127
118,119,121,123,125,126,127
119,121,122,124,125,127
120,123,124,125
121,128,122
122,128,124,127
123
124,128,125,127
125,126
126,127
127,128
128
