n_nodes:115
n_edges:3040
density:0.46377
0,1,5,6,7,8,10,11,14,15,19,20,23,25,30,31,35,37,38,39,41,43,46,50,58,60,62,63,65,74,75,76,78,79,80,82,85,87,88,89,90,91,93,96,97,98,99,100,103,105,109,110
1,3,4,7,8,10,12,13,14,16,17,18,21,22,23,25,26,27,29,31,32,35,36,37,38,42,44,46,48,51,54,55,58,60,61,62,66,67,70,71,72,73,75,76,77,78,80,82,84,86,88,90,91,94,97,100,101,104,105,106,108,110,111,112
2,3,4,7,10,11,13,16,19,20,27,28,30,33,34,35,37,39,46,47,49,50,55,57,59,62,63,66,69,75,77,78,79,85,87,88,89,93,95,96,97,98,99,100,102,103,105,106,108,109,112,113
3,4,5,8,10,11,12,13,15,16,17,18,24,28,31,32,34,35,36,38,40,41,43,47,48,49,50,52,55,62,67,70,72,73,75,77,80,83,84,86,87,89,91,92,95,97,103,104,108,110,111
4,5,7,9,11,12,16,17,20,23,27,30,32,34,36,37,40,41,42,43,45,49,50,56,60,61,62,64,65,68,70,71,73,75,77,78,80,81,82,88,90,92,93,94,95,99,103,104,109,110
5,8,11,16,19,21,23,28,30,31,38,39,41,43,44,46,50,51,52,55,56,60,62,64,65,69,75,76,77,81,84,85,88,90,91,96,97,102,103,107,108,109,110,111,112,114
6,8,9,10,11,12,13,16,17,22,24,26,27,29,30,32,34,36,38,39,41,42,45,47,49,51,59,63,65,69,72,73,74,75,77,79,81,83,84,87,88,89,90,92,93,94,97,101,102,105,107,108,109,114
7,8,11,12,14,16,17,21,22,24,31,33,34,35,39,42,43,44,47,48,50,53,56,58,59,61,62,65,67,68,71,72,73,74,78,80,90,92,93,95,98,99,100,102,106,107,109,110,112,114
8,12,13,16,18,21,24,27,28,29,31,32,33,34,37,40,42,43,45,50,51,52,53,55,56,57,58,59,61,64,66,69,70,72,73,74,75,76,78,79,81,83,85,86,88,89,91,92,97,98,100,102,103,104,108,109,111,113,114
9,64,69,73,10,11,77,14,16,88,78,83,21,86,24,25,90,27,92,29,101,98,91,37,38,103,41,110,44,45,46,111,50,52,53,54,102,70,74,63
10,14,15,17,19,20,23,24,25,27,28,31,32,33,34,35,36,41,42,43,45,46,47,49,51,52,58,60,68,69,70,72,73,74,77,78,80,87,88,89,90,91,92,93,97,100,103,104,105,111,112,113
11,16,19,21,22,25,26,27,29,33,34,35,37,39,44,51,53,55,58,59,61,62,63,64,69,72,73,74,75,79,80,82,85,86,87,89,91,95,99,100,102,103,104,105,106,108,112,113
12,14,15,17,20,24,26,28,29,30,33,39,40,41,45,46,50,52,59,61,62,63,64,65,67,68,69,70,71,73,74,76,81,83,84,85,88,91,98,100,101,102,109,110,113
13,14,15,16,18,20,21,22,23,25,29,30,33,35,36,38,39,40,45,46,48,49,50,51,53,55,56,57,58,59,62,63,65,66,68,69,71,72,76,77,79,82,84,85,91,92,93,96,97,98,100,103,105,109,113
14,16,17,21,22,23,26,30,33,34,35,36,38,40,41,42,45,48,54,55,57,58,59,65,67,70,71,72,73,74,75,82,83,85,86,87,89,92,93,94,95,97,100,101,103,108,109,111,114
15,17,19,20,22,24,25,26,28,29,31,34,35,36,38,40,43,46,47,48,52,56,59,60,62,70,75,76,80,83,90,93,94,95,96,100,103,105,109,110,112,113,114
16,18,22,24,25,31,32,33,34,35,37,38,41,42,44,47,49,53,55,57,58,62,63,65,68,69,70,72,73,77,78,79,80,81,82,83,84,88,90,92,97,102,103,105,106,109,111,112,113
17,19,21,22,26,27,28,29,30,31,33,36,38,41,44,48,54,61,64,66,68,74,77,79,84,87,90,91,92,93,94,96,97,103,109,110,111
18,19,25,27,28,29,32,33,36,37,40,45,48,51,53,54,56,57,59,61,67,69,70,73,75,77,78,81,82,86,88,89,92,93,95,96,98,101,106,108,112,114
19,20,23,24,27,28,30,31,35,39,41,44,45,48,50,51,53,58,62,64,66,70,72,75,77,82,87,89,90,95,96,97,98,100,103,105,106,107,110,113,114
20,25,26,27,28,31,32,33,36,38,40,41,42,46,47,50,51,52,53,54,55,57,58,61,62,63,64,66,69,70,74,75,77,78,79,80,83,84,89,91,97,99,100,101,103,105,107,109,112,113
21,22,23,24,25,26,32,33,34,40,43,47,48,50,51,54,55,57,60,64,65,66,68,72,73,74,77,78,79,81,84,87,88,89,92,94,101,102,106,109
22,26,28,30,31,32,33,34,35,36,37,38,40,43,45,46,47,48,49,50,51,52,53,59,65,66,68,70,71,73,75,76,77,78,81,82,83,84,86,87,90,91,93,94,97,103,106,107,108,110,111,112,113
23,26,29,30,37,39,40,41,43,44,46,47,48,49,51,52,55,56,57,58,61,62,63,65,68,69,73,75,76,86,87,88,91,92,95,97,100,103,105,106,109,111,112,113,114
24,64,68,69,111,78,87,88,27,93,97,101,39,41,42,103,114,46,47,50,79,53,54,55,58,60,61,62
25,28,31,34,38,40,51,55,58,60,61,63,65,66,67,69,70,71,72,73,74,77,79,81,82,83,84,85,86,88,91,92,95,97,99,100,101,102,103,104,105,107,108,109,111,112,113
26,29,32,34,36,37,39,40,42,44,45,49,50,51,54,58,65,66,68,70,77,80,83,85,86,89,90,91,93,94,95,96,97,98,99,100,105,108,109,114
27,29,30,31,32,34,35,36,37,38,39,42,43,50,51,52,61,63,64,66,69,70,74,75,77,79,80,82,85,87,92,93,94,101,105,108,109,111,114
28,29,31,32,34,36,40,41,42,44,45,49,50,51,52,53,56,57,58,62,64,67,69,71,77,78,79,81,83,84,87,88,90,92,95,97,100,103,105,108,110,114
29,30,31,32,36,38,41,43,46,49,52,53,56,58,60,63,65,66,67,68,69,73,74,75,77,79,82,84,85,86,88,93,101,102,103,104,106,107,109,111,112
30,32,34,35,37,38,42,43,48,50,52,53,56,58,62,65,66,68,69,70,74,75,76,77,83,87,88,90,93,96,100,101,105,107,108,109
31,34,38,39,40,41,43,45,46,48,52,54,56,60,61,64,68,72,75,77,78,80,81,83,84,85,86,87,89,91,94,95,96,97,102,103,104,105,110,111,112,114
32,34,35,36,37,38,39,40,41,42,43,49,50,51,53,55,56,58,59,60,63,71,74,76,78,80,82,83,85,87,88,90,91,93,95,96,98,103,104,105,108,110,112
33,34,36,37,38,44,45,47,50,54,55,58,59,60,62,63,65,66,67,69,70,71,72,75,77,78,80,81,87,92,95,97,100,106
34,37,39,41,46,48,51,54,56,58,60,61,62,63,67,68,69,70,71,72,74,75,76,77,78,80,84,85,87,91,94,96,97,98,100,101,109,110,113,114
35,36,38,40,43,45,47,48,49,50,51,52,54,57,58,59,63,65,67,68,72,76,78,80,82,85,89,91,92,93,95,98,99,100,101,105,106,107,108,112,114
36,37,38,39,40,41,43,44,45,46,47,48,49,56,57,59,61,64,68,69,70,73,76,79,85,86,89,90,92,93,96,99,100,103,104,105,106,107,108,109,111,112
37,40,43,48,51,54,55,57,58,59,60,67,72,73,76,78,79,83,85,87,88,90,91,94,98,102,103,104,107,108,111,112,113
38,41,42,46,47,51,52,53,54,60,62,64,68,69,71,72,73,77,78,80,81,82,83,87,96,98,100,101,102,103,105,106,110,111,113,114
39,40,43,44,45,48,51,52,53,54,56,57,59,60,64,65,68,69,70,72,74,76,79,80,83,86,92,96,98,101,102,103,104,106,107,109,110,112,113,114
40,41,42,44,45,48,50,53,54,55,56,57,59,60,63,64,67,73,74,75,77,78,79,80,83,85,87,91,92,94,95,96,97,99,100,105,107,108
41,42,43,45,50,56,59,63,67,68,69,71,73,74,79,82,84,85,89,91,99,104,105,106,107,108,109
42,43,44,46,50,53,55,60,64,65,70,71,74,75,78,82,84,92,93,94,95,96,98,101,102,103,104,105,111,112,114
43,46,47,49,51,52,53,55,57,60,62,63,67,69,76,77,78,80,81,84,86,88,90,91,92,94,99,100,101,102,105,110,113,114
44,66,67,81,77,79,95,96,101,65,105,103,108,45,80,111,48,49,50,83,53,56,57,87,59,102,62,63
45,49,51,58,59,60,61,62,65,66,67,69,70,72,73,76,78,80,82,85,87,90,94,95,96,97,98,99,100,103,104,105,107,108,110,112,114
46,48,51,52,53,55,57,60,61,68,69,70,73,77,79,80,81,82,84,85,86,89,90,96,97,98,99,100,101,102,104,109,112,114
47,49,51,52,53,54,61,62,63,66,67,70,71,79,81,82,83,84,85,86,89,92,93,94,97,100,102,103,108,112,114
48,49,51,52,53,54,59,62,63,69,71,72,74,79,80,82,83,84,85,86,88,89,90,91,98,99,101,102,103,104,107,109,112
49,50,52,61,65,67,68,74,75,76,78,79,80,82,84,85,86,87,90,91,92,93,95,99,102,106,111,113
50,54,58,59,60,61,63,66,70,72,73,75,77,80,82,83,84,87,88,89,91,92,93,94,95,97,99,100,103,105,106,108,109,110,114
51,53,57,61,62,63,66,70,73,74,75,76,77,78,84,85,87,92,97,99,100,101,105,107,110,113
52,55,56,57,58,59,62,63,64,65,68,69,70,76,77,78,79,80,85,86,92,96,97,98,99,101,102,104,106,107,109,110,111
53,55,57,58,61,63,64,66,69,72,74,75,77,78,80,81,82,84,87,88,89,90,93,94,96,99,101,102,105,107,108,109,111,113
54,55,62,65,66,67,69,72,73,74,75,77,80,81,82,83,84,87,91,92,95,96,97,99,102,104,105,108,111,113,114
55,56,58,60,62,63,64,65,67,76,79,81,83,87,88,92,93,94,96,97,98,99,100,104,108,111,113,114
56,58,64,69,72,73,76,77,80,81,83,84,88,89,90,92,93,94,97,98,99,101,102,104,105,106,108,110,111,112,114
57,59,61,63,64,65,67,68,71,73,79,80,82,83,84,88,92,94,96,97,98,102,103,104,105,106,109,111,113
58,59,66,68,70,71,73,74,76,77,79,85,87,89,91,92,93,95,96,97,98,99,101,102,103,105,107,108,109,111,112,113,114
59,60,62,70,71,74,85,86,87,88,89,91,92,94,97,98,99,101,102,103,105,108,109,113,114
60,61,63,64,66,68,70,73,74,75,76,79,81,82,84,86,91,93,96,99,102,104,108,110,114
61,66,67,73,75,76,77,79,80,81,82,83,88,89,90,91,92,96,97,98,99,103,104,107,108,111,113
62,63,64,65,67,69,70,72,75,78,79,80,83,84,86,92,94,96,97,101,103,104,106,107,111
63,64,65,70,72,75,76,77,78,80,81,83,89,94,95,96,98,102,103,104,105,106,107,108,111,114
64,65,71,73,78,79,80,82,83,84,85,86,88,89,93,95,97,98,101,104,106,109,112,113
65,67,68,69,71,73,74,75,80,82,85,87,90,94,96,97,98,99,101,102,103,106,107,108,111,114
66,67,68,69,70,72,73,75,76,77,79,82,85,86,87,91,92,93,94,95,96,99,100,101,103,107,108,110,113,114
67,71,72,74,75,77,78,83,84,88,90,95,96,97,98,100,102,106,110
68,70,73,74,82,84,85,86,90,91,97,99,100,103,104,105,108,111,113
69,71,72,73,75,80,81,86,87,89,90,94,95,96,97,99,100,102,103,104,106,108,110,112,113
70,72,73,75,76,80,82,84,93,95,98,102,103,106,107,110,112
71,86,73,75,77,78,110,88,98,79,94,99,100,103,107,109,96,105,111
72,73,75,78,79,80,81,87,89,90,94,98,100,103,106,107,108,113
73,74,77,78,82,87,90,93,95,96,97,98,99,100,101,104,107,108,109,110,112,114
74,77,78,80,85,86,87,88,91,92,94,95,97,102,106,109,110,112,114
75,77,79,83,87,92,97,100,101,104,105,107,110,111,114
76,77,80,82,84,86,88,89,90,91,93,96,99,102,104,106,108,110,111,113
77,78,80,81,86,88,89,94,97,99,100,101,102,104,106,109,110,111,112,114
78,81,83,86,90,91,93,96,97,98,103,104,105,109,110
79,80,85,86,87,88,89,90,91,92,93,94,95,99,100,101,102,103,104,105,106,107,109,113
80,82,83,84,86,88,89,90,92,93,96,97,98,99,102,104,110,113
81,86,107,109,84,87,88,90,100,102,103,104,82,94,114
82,88,89,90,92,94,96,98,100,101,103,108,110,113
83,86,88,89,93,96,99,101,106,107,110,112,114
84,88,91,92,94,95,98,101,104,106,107,109,110,112,113
85,86,87,90,91,95,99,101,102,105,109,111,112
86,87,89,92,93,95,96,109,111,113,114
87,89,91,92,94,100,101,108,109,113,114
88,89,90,91,94,96,98,100,102,103,104,105,106,111,113,114
89,93,94,97,98,101,102,104,105,106,112
90,92,95,96,99,100,101,102,103,104,106,107,111,112
91,94,103,104,105,108,109,112,113
92,96,97,99,100,101,102,103,106,108,109,110,111,113,114
93,94,98,100,104,109,114
94,95,97,101,103,109,111,112,113,114
95,97,98,100,101,102,105,106,109,111
96,97,101,102,103,108,109,111,112,113,114
97,98,101,102,105,106,107,108,110
98,103,104,105,108,109,112,114
99,100,102,112,113
100,102,106,108,109,110,112
101,102,103,104,105,107,110,111
102,105,106,108,109,110,111,112,113
103,104,106,107,109,110,112,113,114
104,108
105,108,109,111,112,114
106,107,110
107,108,111,112,114
108,110,111,112,113
109,111,112,114
110,111,112,113,114
111,112
112
113
114
