n_nodes:150
n_edges:3354
density:0.30013
0,65,68,133,70,71,72,73,138,81,146,147,148,21,88,100,28,32,33,99,36,134,38,39,129,145,97,45,125,136,49,50,115,52,113,120,121,58,61,62
1,3,6,136,141,14,143,147,20,22,26,29,30,32,34,36,134,38,39,43,54,62,70,72,75,77,80,88,90,91,95,96,97,99,100,101,103,105,107,110,111,113,117,118,121,123,126
2,65,130,131,70,71,72,9,10,77,16,124,146,83,20,22,23,24,90,94,144,148,35,100,37,38,105,106,43,108,109,99,136,116,30,119,120,121,134,60,126
3,4,133,134,10,11,142,144,145,18,20,149,22,23,32,33,35,37,40,44,45,46,50,51,55,56,59,63,64,68,70,75,78,82,85,89,100,101,106,113,121,123,124,127
4,132,133,6,136,141,14,18,20,22,23,36,134,38,42,44,48,49,51,53,56,58,59,62,68,70,71,73,77,82,84,86,89,93,94,97,98,108,146,110,111,112,114,118,125,126
5,128,129,131,9,10,11,12,14,15,16,145,20,21,25,26,29,32,33,37,39,40,45,47,48,49,50,51,52,55,67,69,140,74,82,83,87,92,96,148,100,101,102,105,106,108,112,113,117,119,121,122,124,126
6,130,133,8,9,138,11,140,141,18,147,149,25,34,37,39,40,41,42,47,48,50,52,53,137,56,57,58,63,66,139,68,72,73,74,82,83,86,94,95,100,107,108,109,110,114,122,124
7,64,128,66,118,129,8,138,139,13,143,120,19,85,23,89,91,92,93,30,95,98,35,36,37,103,40,43,109,46,72,114,51,53,54,56,59,124,63
8,129,66,72,74,140,141,143,80,18,110,122,95,32,99,36,102,38,113,40,124,42,43,44,45,46,111,48,49,114,52,53,120,104,58,60
9,128,137,10,11,140,13,17,18,20,21,25,27,28,31,32,39,44,45,48,49,51,53,54,55,63,139,69,71,74,75,76,78,82,88,89,90,94,95,98,110,113,116,124
10,128,96,68,135,136,119,140,130,89,115,145,118,19,110,22,23,25,92,29,95,32,144,38,42,44,45,93,47,50,83,117,54,73,58,60,62,146
11,129,138,139,12,13,14,15,16,17,18,29,37,38,42,142,47,52,54,55,57,58,60,63,66,67,69,70,71,140,76,79,81,85,87,89,91,92,93,97,101,102,145,113,115,117,124
12,131,132,135,15,146,21,22,25,26,29,30,31,133,35,38,40,41,44,51,56,59,60,62,67,69,78,79,84,86,88,89,91,92,93,94,101,103,104,107,110,112,114,115,116,117,118,120,122,124,127
13,64,65,75,97,133,134,136,138,142,80,83,139,86,24,89,111,30,144,16,34,102,39,129,41,42,135,108,109,47,147,116,105,57,59,124,61,63
14,135,137,144,17,23,26,28,32,37,49,53,54,55,56,57,139,64,65,67,69,70,71,72,73,75,77,79,80,82,84,91,94,98,105,106,107,108,114,120,126,127
15,132,135,76,74,75,143,81,83,148,21,124,28,29,97,35,37,145,119,112,106,125,93,99,49,50,19,53,73,59,60,61,117
16,129,131,135,136,142,18,147,20,21,23,24,26,27,29,30,31,133,34,35,38,39,45,46,51,52,53,55,56,57,60,65,66,71,72,74,85,86,88,95,98,99,103,104,107,108,110,112,115,121,124,125,127
17,128,129,132,134,141,18,147,20,149,23,34,39,42,43,44,142,47,49,57,58,60,63,66,67,68,70,71,72,75,76,77,79,85,87,91,98,100,109,116,117,118,123,126
18,64,66,71,74,76,145,19,149,23,89,27,81,93,94,31,34,114,101,38,39,92,109,111,72,50,115,53,138,119,87,102
19,129,132,135,136,141,142,145,147,23,28,31,35,36,41,44,48,49,54,63,68,69,70,72,77,79,81,91,93,94,95,97,102,103,105,146,112,119,121,126,127
20,129,136,138,139,140,130,142,147,22,26,27,133,32,33,34,44,47,48,52,59,60,65,75,76,77,82,83,89,91,94,95,96,99,100,145,116,117,118,119,121
21,65,126,147,123,72,128,77,145,82,83,84,122,86,87,24,25,26,93,31,32,33,98,99,133,80,136,114,51,52,53,121,120,57,58,95,62
22,70,137,66,78,80,145,82,144,142,86,90,30,33,98,35,36,101,38,40,41,42,109,48,50,94,119,114,59,106
23,137,139,130,25,26,29,31,32,33,34,37,42,43,49,55,60,64,72,76,78,141,81,83,87,89,95,101,102,107,108,109,112,113,114,147,119,126
24,100,130,97,73,74,94,78,108,145,146,83,148,89,25,91,92,122,30,32,33,35,36,37,38,106,107,44,49,140,147,52,53,54,119,121,58,124,134,63
25,128,132,136,141,144,146,147,148,28,29,35,37,41,44,45,49,51,54,56,57,59,134,63,64,66,67,70,140,78,79,80,81,83,86,88,89,91,92,93,94,95,99,104,105,108,112,113,123,125,127
26,66,134,65,72,73,113,143,82,118,135,78,33,34,36,39,80,105,144,127,44,129,112,49,52,53,54,57,58,123,124,117
27,101,131,68,70,97,138,77,142,79,80,145,83,86,148,92,122,31,144,98,82,37,146,40,41,106,43,108,45,104,51,52,54,105,57,58,59,124,125,126
28,129,130,134,135,128,140,145,146,149,32,36,38,39,42,43,45,48,49,50,51,56,58,60,62,63,65,147,69,73,78,82,86,87,90,92,95,107,109,112,115,120,125
29,64,134,97,80,81,83,84,88,79,93,32,91,101,102,145,129,105,42,107,108,110,99,113,50,128,52,87,60,143
30,134,137,139,143,33,42,44,45,52,53,54,58,63,64,68,73,74,77,78,83,86,87,88,90,93,94,97,100,102,104,105,144,108,113,115,116,117,118,119,121,125,127
31,129,141,142,145,148,34,35,37,46,48,56,62,64,67,69,73,74,75,79,80,84,85,86,87,89,90,93,95,97,99,102,104,106,107,110,114,123,124,125,126
32,51,129,145,147,33,40,42,43,47,128,52,58,65,68,69,70,75,85,86,89,90,98,101,104,110,112,118,122,124,127
33,129,130,136,139,142,143,131,37,38,40,42,49,50,52,58,59,60,65,66,67,68,73,77,79,82,90,93,94,95,96,102,104,105,107,110,112,113,147,119,120,123
34,64,66,67,65,129,138,87,141,85,88,120,143,130,139,38,145,104,41,95,82,110,111,48,49,114,117,118,105,56,58,59,124
35,128,134,130,145,146,149,44,45,52,57,61,62,64,69,72,73,75,76,78,79,86,88,89,92,99,100,102,104,105,109,113,114,147,116,118,121,123,124,125,126
36,131,143,132,40,42,135,47,49,50,52,54,55,56,62,63,65,67,68,69,129,78,80,82,87,93,94,100,102,106,107,113,114,147,116,120,121,122,124,127
37,128,129,140,141,147,149,39,43,48,58,61,66,139,68,69,71,72,74,75,77,81,82,142,88,143,135,95,101,104,106,110,112,114,117,119,120,123,126,127
38,131,130,39,41,43,55,62,63,64,139,69,70,140,76,78,141,83,87,88,89,93,96,97,98,100,101,144,112,113,116,124,127
39,68,65,145,140,78,79,110,137,91,90,101,116,142,40,41,71,46,93,104,115,52,117,105,120,57,59,124,61,63
40,65,97,96,139,77,78,141,144,146,137,86,91,134,129,109,110,114,51,117,54,55,120,59,124,143,62
41,65,67,68,86,71,129,74,75,78,79,141,81,146,122,93,96,91,104,135,44,46,49,116,53,55,57,58,60,125
42,129,133,137,143,147,148,43,44,46,53,54,55,59,61,64,67,69,73,78,81,139,86,88,90,91,92,94,95,96,97,114,121,123,127
43,131,134,138,139,140,130,146,149,135,44,45,48,53,57,60,65,69,72,82,87,89,93,95,97,101,107,108,109,110,113,115,116,124,125,126,127
44,128,48,50,51,137,59,138,62,64,66,73,74,79,85,92,93,95,96,97,102,145,110,117,122,123,125,127
45,139,142,147,148,137,136,51,53,54,55,56,57,59,61,64,66,68,71,72,73,76,77,79,83,86,91,93,95,96,98,101,105,109,113,114,115,116,117,123,124
46,64,66,73,75,130,78,79,145,84,149,86,87,91,92,122,144,99,100,102,104,109,47,72,114,113,121,58,124,106
47,96,139,71,73,144,110,121,100,93,97,70,81,104,105,108,109,112,49,50,113,55,120,84,122,123,62
48,128,129,135,138,143,144,145,149,133,49,52,56,64,69,72,73,76,82,86,88,91,93,95,97,99,107,108,109,111,147,117,124
49,128,132,139,140,146,148,50,52,53,57,58,65,67,68,79,86,89,96,100,102,105,114,120,123,125,126
50,135,136,139,140,147,148,133,58,61,63,67,68,74,75,77,79,88,92,96,97,98,102,104,105,106,146,111,113,115,116,117,122,123,124,126
51,129,134,139,141,143,146,137,133,55,56,57,59,60,62,64,67,70,75,77,78,81,82,85,90,91,94,144,102,103,107,109,111,119,121,122
52,129,132,143,56,59,63,65,139,70,72,74,76,77,85,86,87,89,99,103,104,107,108,110,116,122
53,131,133,139,145,55,58,61,63,65,71,75,76,78,86,88,89,144,99,100,105,106,111,112,114,116,120,126,127
54,130,131,140,143,148,135,57,58,61,71,75,76,77,78,79,83,87,90,93,94,102,104,106,107,109,110,112,116,119,122,123,127
55,134,138,141,145,146,133,137,56,59,63,64,71,72,75,77,78,79,80,85,97,100,103,105,107,111,112,116,118,124
56,128,100,98,73,74,77,81,147,144,134,113,104,105,106,71,108,129,125,76,95,61,62
57,130,132,133,143,148,60,61,63,65,66,139,70,71,73,74,76,84,86,87,88,93,97,100,101,104,106,110,111,113,119,120,125,127
58,128,130,135,141,138,146,132,61,64,65,66,68,69,79,81,87,88,89,143,92,93,95,110,113,116,117,120,121,126,127
59,68,149,135,72,108,79,75,82,131,97,89,92,107,143,111,114,117,138,120,84,127,106,63
60,128,129,76,74,66,78,110,143,84,100,81,104,93,61,112,72,118,122,126,149
61,130,131,70,72,137,78,80,145,82,84,86,89,90,91,94,96,97,98,124,148,108,112,113,116,119,123,106
62,67,134,129,73,142,79,80,120,146,99,84,87,88,68,93,137,96,97,105,112,113,114,117,119,121,126,149
63,129,132,133,148,135,66,68,71,72,75,78,84,86,87,90,100,101,145,108,110,114,117,119,121,123,124,126
64,130,132,140,143,145,147,69,75,76,78,141,81,82,84,142,87,89,91,92,94,104,106,108,115,116,119,127
65,128,131,104,149,71,74,79,141,87,100,143,122,94,99,84,109,110,118,123,127
66,129,131,137,138,141,142,148,149,68,72,76,81,85,86,89,91,98,103,107,114,117,122,123,127
67,128,100,115,135,72,76,126,79,131,84,142,105,137,90,143,139,102,145,140,112,117,73,123,125
68,96,97,75,76,77,78,143,87,126,90,130,91,102,135,111,147,94,120,121,125
69,129,132,135,138,145,148,133,78,79,82,142,87,91,92,94,95,99,104,106,107,108,111,112,147,121,122,126,85
70,130,73,76,77,79,115,82,78,95,100,102,107,108,109,142,112,123,124,134,85
71,128,131,133,135,141,143,147,149,73,76,78,79,85,86,90,91,93,94,96,97,99,100,101,104,106,110,111,112,113,121,122,125,126
72,128,130,149,134,141,80,84,86,99,100,101,106,107,109,110,114,117,123,127
73,129,130,76,144,131,142,132,90,96,93,112,109,94,118,138,106,127
74,101,142,80,124,86,87,143,92,146,145,106,109,94,118,105,117
75,118,134,82,83,110,137,90,133,98,100,146,103,107,114,112,122,126
76,132,133,134,140,78,81,83,139,85,94,98,102,145,105,106,108,115,118,125,126,127
77,128,136,138,130,132,80,82,83,84,142,87,89,91,96,97,100,106,114,118,119,120,149
78,133,134,141,146,92,94,95,98,99,102,104,106,114,115,117,126
79,133,134,135,137,140,81,142,87,90,92,93,94,102,104,147,118,122,125,126,127
80,130,134,135,143,81,146,147,87,95,96,97,99,102,142,112,118,124
81,129,85,88,90,112,87,100,135,108,146,99,116,117,118,123,83
82,130,136,139,141,145,147,84,87,89,90,92,96,97,98,99,101,102,113,115,117
83,129,136,140,141,118,122,95,133,97,134,104,106,110,125,143,116,119,87,144,89,126,127
84,134,140,138,144,131,121,89,111,149,96,98,124,106,110,125,109,112,147,116,117,120
85,128,129,132,103,98,142,146,131,149,89,91,130,97,100,102,145,106,136,114,117,116,122,125
86,135,142,145,147,134,91,95,96,97,101,102,103,104,105,113,118,121,125,126,149
87,128,129,130,131,132,135,145,141,142,144,147,90,92,94,98,99,103,104,146,110,111,121,127
88,131,133,135,138,139,146,99,148,121,144,103,105,107,108,147,120,140,106,127
89,128,129,130,133,136,145,138,139,141,93,94,95,98,100,101,106,107,117,120,122,125,126
90,131,134,136,138,140,142,145,147,149,137,95,96,98,100,103,105,107,110,111,112,114,122,126,127
91,136,137,109,141,95,112,110,102,108,113,140,119,121,123
92,129,130,139,108,135,141,144,101,102,109,107,116,124
93,129,130,137,141,148,138,95,102,103,104,106,108,109,114,147,117,119,121,124
94,128,129,131,138,130,143,149,142,98,103,111,112,115,116,119,126,127
95,130,98,144,111,136,114,148,138
96,136,142,141,132,111,133,99,100,101,103,116,118,120,102,146,127
97,130,131,134,137,128,145,146,139,141,143,98,101,104,106,108,114,115,116,118,122,123,124,125,126
98,129,134,136,139,141,146,148,135,99,101,105,109,111,112,114,116,122,126
99,133,134,139,142,146,143,102,103,105,109,112,117,119,124,125,149
100,135,136,137,128,139,142,147,149,133,138,106,107,115,117,120,121,123,126
101,128,132,134,136,141,143,144,139,140,107,111,115,118,124,125,127
102,128,129,134,138,133,139,103,109,111,136,114,115,117,120,121,122,123,126
103,147,134,130,141,146,106,117,121,122,123
104,128,129,130,132,138,139,142,146,144,149,106,109,111,112,115
105,130,135,111,146,142,125
106,129,132,135,145,147,143,107,108,109,111,112,117,121
107,131,133,139,140,143,148,149,144,115,116,120,121,122,123,127
108,131,140,146,147,125,115,122,120
109,149,111,140,143,110,112,148,136,127
110,133,135,141,146,149,140,111,112,113,122,124
111,128,130,115,145,133,123,135,118,117
112,136,141,113,119,120
113,138,140,145,133,126,123
114,129,130,131,137,139,141,140,115,120,124
115,129,135,143,145,139,146,122,116,119,120,148,123,124,138,127
116,128,129,134,136,138,142,118,120,122,125,127
117,131,135,136,145,138,143,120,122,123,125
118,131,133,134,145,148,132,125,121
119,129,132,130,135,140,138,144,145,149,133,143,120
120,140,148,127,123
121,135,128,141,145,129,138,147,124,149
122,130,137,141,142,144,146,147,133,140,124
123,128,130,132,135,138,142,144,131,129,149
124,129,132,138,133,141,137,144
125,129,134,136,138,135,145,148,147
126,129,136,140,146,133,142
127,130,137,139,146,131,149,147,142,140
128,135,132,143,144,131,145,138
129,146,133,141,144,145
130,131,139,138,144,146,147,149
131,132,139,142,141,133,134
132,134,136,141,137,133
133,137,146,141,148,149
134,135,137,148,139,147
135,137,138,140,144
136,142,145,144,147
137,138,143,146,139,149,148
138,142,145,149
139,140,143,146,148
140,142,149,148
141,142,143,148
142,146,148
143,144,145,147,148,149
144,147,146,149
145
146
147,149
148
149
