n_nodes:115
n_edges:5929
density:0.9045
0,2,3,4,5,6,7,8,9,10,11,12,13,14,15,16,17,18,19,20,22,23,24,25,27,28,29,30,31,32,33,34,35,36,37,38,40,41,42,43,44,45,46,47,48,49,50,51,52,53,54,55,56,57,58,59,60,61,62,64,66,67,69,70,71,72,73,75,76,77,78,79,80,81,82,83,84,85,86,87,88,89,92,93,94,95,96,97,98,99,100,101,102,103,104,105,106,107,108,109,110,111,112,113,114
1,2,3,4,5,6,7,8,9,10,11,12,13,14,15,16,18,20,21,22,23,24,25,26,27,28,29,30,31,32,34,35,36,38,39,40,43,44,45,48,49,50,51,52,53,54,55,56,57,58,60,61,62,63,64,65,66,68,69,71,72,73,74,75,76,77,78,79,80,81,82,83,84,85,86,87,88,89,90,91,92,93,94,95,96,97,98,99,100,101,102,103,104,105,106,107,108,109,111,112,113,114
2,3,5,7,8,9,10,11,12,13,16,17,18,19,20,21,22,23,24,25,26,27,28,29,30,31,32,34,35,36,38,39,40,41,42,43,44,45,46,47,48,49,50,51,52,54,55,56,57,58,59,60,61,62,63,64,65,66,67,68,69,71,72,73,74,75,76,77,78,79,80,81,82,84,85,86,87,88,89,90,91,92,93,94,95,96,98,99,100,101,104,105,106,108,109,110,111,112,113,114
3,4,5,6,7,8,9,10,11,12,13,14,15,16,17,20,21,23,24,26,27,28,29,30,31,32,33,34,35,36,37,39,40,42,44,45,46,47,48,49,51,52,53,55,56,57,58,59,61,62,63,64,65,66,67,68,69,70,71,72,73,74,75,76,77,79,80,81,82,83,84,85,86,87,88,89,90,91,92,93,94,95,96,97,98,99,100,101,102,103,104,105,106,107,110,111,112,113,114
4,6,7,8,9,11,12,13,14,15,16,17,18,19,20,21,22,23,25,26,27,28,29,30,32,33,34,36,37,38,39,40,41,42,43,44,45,46,47,48,49,50,51,53,54,55,56,57,58,59,60,61,63,64,65,66,68,70,71,73,74,76,77,78,79,81,82,83,84,85,86,87,88,89,90,91,92,93,94,95,96,97,98,99,100,101,102,103,104,105,106,107,108,109,110,112,113,114
5,6,7,8,11,12,13,14,15,16,17,18,19,20,21,22,24,25,26,27,28,29,30,31,32,33,34,35,36,37,38,39,40,41,42,43,44,45,46,47,49,50,52,53,54,55,56,57,58,59,60,61,62,63,64,66,67,68,69,70,72,73,74,75,76,78,79,80,81,82,83,84,85,86,87,88,89,90,92,93,94,95,96,97,98,99,101,102,103,104,105,106,107,108,109,110,111,112,113,114
6,7,8,9,10,11,12,13,14,15,18,19,20,21,22,23,24,25,26,27,28,29,30,31,32,33,34,35,36,37,38,39,40,41,42,43,44,45,46,47,48,49,50,52,53,54,55,56,57,58,59,60,61,62,63,64,65,66,67,68,69,70,71,72,73,74,75,76,77,78,79,80,81,82,83,84,85,86,87,88,89,90,91,92,93,94,95,96,97,99,100,101,103,104,105,106,108,109,110,111,112,114
7,8,9,10,11,13,14,15,16,17,18,19,20,22,23,24,25,26,28,29,30,31,32,35,36,37,39,40,41,42,43,44,45,47,48,49,50,51,52,54,55,56,57,58,61,62,63,64,65,66,67,68,69,70,72,73,74,75,76,77,78,79,80,81,82,83,85,86,88,89,91,92,93,94,96,97,98,99,100,101,102,103,104,105,106,107,108,109,110,111,112,113,114
8,9,10,11,12,13,14,16,17,18,20,21,22,23,24,25,26,27,28,29,30,31,32,33,36,37,38,39,40,41,43,44,45,47,48,50,51,52,53,54,55,56,57,58,59,60,61,62,63,64,65,66,67,68,69,70,71,72,73,74,75,76,77,78,79,81,82,83,84,85,86,87,88,92,93,94,96,97,98,99,100,101,102,103,104,105,106,107,108,109,110,111,113,114
9,10,11,12,13,14,15,16,17,18,19,20,21,22,23,24,25,26,27,28,29,30,31,32,33,34,35,36,37,38,39,40,41,43,44,46,47,48,49,50,51,52,53,54,55,56,57,58,59,60,61,62,63,65,66,67,68,69,70,71,72,73,74,75,76,77,78,79,80,81,82,83,84,85,86,87,88,89,90,91,92,93,95,96,97,98,99,100,102,103,104,105,106,107,108,109,110,111,112,113,114
10,11,12,13,14,15,16,17,18,19,21,22,23,24,25,26,27,28,29,30,31,33,34,35,36,37,38,39,41,42,43,44,45,46,47,48,49,50,51,52,53,54,55,57,58,59,60,62,63,64,65,67,68,69,70,71,73,74,75,77,78,79,80,81,83,84,85,86,87,89,90,91,92,93,94,95,96,98,100,101,102,104,105,107,108,109,110,111,112,113,114
11,12,13,14,17,19,20,21,22,23,24,25,26,27,28,29,30,31,32,33,34,35,36,37,39,40,43,44,45,46,47,48,49,50,51,52,53,55,56,57,58,60,61,62,64,65,66,67,68,69,70,71,72,73,74,75,76,77,78,79,80,81,82,83,84,85,86,87,88,89,90,91,92,93,95,96,97,98,99,101,102,103,104,105,106,107,108,109,110,111,112,114
12,13,14,16,17,18,19,20,21,22,25,26,27,28,29,30,31,32,33,34,35,37,38,39,40,41,42,43,44,45,46,47,48,49,50,51,52,53,54,55,56,57,58,59,60,61,62,63,64,65,67,68,69,71,74,75,76,77,78,79,80,81,82,83,86,87,88,89,90,91,92,93,94,95,96,97,98,99,100,101,102,103,104,105,106,107,108,109,110,111,112,113,114
13,14,15,16,17,18,19,20,22,24,25,26,27,28,29,30,31,32,33,35,37,38,39,40,41,42,43,44,45,46,47,48,49,50,51,52,53,54,55,56,57,58,59,60,61,62,63,64,65,66,67,68,69,70,71,72,73,74,75,76,78,79,80,81,82,83,84,85,86,87,88,89,90,91,92,93,94,95,97,98,99,100,101,102,103,104,105,107,108,110,111,112,113,114
14,15,16,18,19,20,21,22,24,25,26,27,28,29,30,31,32,33,34,35,36,37,38,39,40,41,42,43,44,46,47,48,49,51,52,53,54,55,56,57,59,61,62,63,64,65,66,67,68,69,70,72,73,74,75,76,77,78,79,81,82,83,84,85,86,87,88,89,90,92,93,94,95,96,97,98,99,100,101,102,103,104,105,106,107,108,109,110,111,112,113
15,16,17,18,20,21,22,23,24,25,26,28,29,30,31,32,33,34,35,36,37,38,39,40,41,42,43,44,45,46,47,49,51,52,53,54,55,56,57,58,60,61,62,63,64,65,66,67,68,69,70,71,72,73,74,75,76,77,78,79,80,82,83,84,85,86,87,88,89,90,92,93,94,95,96,97,98,99,100,101,102,103,104,105,106,107,108,109,110,111,112,113,114
16,17,18,19,20,21,23,24,26,27,28,29,30,32,33,34,35,36,38,40,41,42,43,45,47,48,49,50,52,53,54,55,56,57,59,60,61,62,63,64,65,66,67,69,70,71,72,73,74,75,76,77,78,79,80,81,82,84,85,86,87,88,89,90,91,92,93,94,95,96,97,98,99,100,101,102,103,105,106,107,108,109,110,112,113,114
17,18,20,21,22,23,25,26,27,28,30,31,33,34,35,36,37,38,39,40,41,42,44,45,46,47,48,49,50,51,52,53,54,55,56,57,58,59,60,61,63,64,65,66,67,68,69,71,72,73,74,75,76,77,78,79,80,81,82,83,85,86,87,88,89,90,91,92,93,94,96,97,98,99,100,101,102,103,104,105,106,107,108,109,110,111,112,113,114
18,19,20,21,23,24,25,26,27,28,30,31,32,33,34,35,36,37,38,39,40,41,42,43,44,45,46,47,48,50,51,52,53,54,55,56,57,58,59,61,62,63,64,65,66,67,69,70,71,72,73,74,75,76,77,78,80,81,82,83,84,85,86,87,88,89,90,91,92,93,94,95,96,97,98,100,101,102,103,104,105,106,107,109,110,112,113,114
19,20,21,22,23,24,25,26,27,28,29,30,31,32,33,34,36,37,38,39,40,41,42,43,44,45,46,47,48,49,50,51,52,53,54,55,56,57,58,59,60,61,62,63,65,66,67,68,69,70,71,73,74,75,76,77,78,79,81,82,83,84,85,87,88,89,90,91,92,93,94,95,96,98,99,100,101,102,103,104,105,106,107,108,109,110,111,112,113,114
20,21,22,23,24,25,26,27,28,29,30,31,32,33,34,35,36,37,38,39,40,42,43,44,45,46,47,48,49,50,52,53,54,55,56,57,59,60,61,62,63,64,65,66,67,68,69,71,72,73,74,75,76,77,78,79,80,81,82,83,84,85,86,87,88,90,91,92,93,94,95,96,97,98,99,100,101,103,104,105,108,109,110,111,112,113,114
21,22,23,24,25,26,27,28,29,30,31,32,33,35,36,37,38,39,40,41,42,43,44,45,46,49,50,51,52,55,56,58,59,60,61,62,63,64,65,66,67,68,70,71,72,73,74,75,76,77,78,79,80,81,82,83,84,85,86,87,88,89,90,92,93,94,95,96,98,99,100,101,102,103,104,105,106,107,108,109,110,111,112,113,114
22,24,26,27,28,29,31,32,33,34,35,36,37,38,39,40,41,42,44,45,46,47,48,49,50,51,52,53,54,55,56,58,59,60,61,62,63,64,65,66,67,68,69,70,71,72,73,74,75,76,77,78,79,80,81,82,83,84,86,87,88,89,90,92,93,94,95,96,97,98,99,100,101,102,103,104,105,106,107,108,109,110,111,114
23,24,25,26,27,28,29,30,31,32,33,34,35,37,38,39,40,41,42,43,44,45,46,47,49,50,51,52,53,54,55,56,57,58,59,60,61,62,63,64,65,66,67,69,70,71,73,74,75,76,77,78,80,81,82,83,84,85,87,88,89,90,91,92,93,94,96,98,99,100,102,103,104,105,106,107,108,110,111,112,113,114
24,25,26,27,28,29,30,31,32,33,34,35,36,37,38,39,40,41,42,43,44,45,46,48,50,51,52,53,54,55,56,59,60,61,62,63,64,65,66,67,68,69,70,71,72,73,74,75,78,79,80,81,82,83,84,85,86,87,88,89,90,91,92,93,94,95,96,97,98,99,100,101,103,105,106,107,108,109,110,111,112,113
25,26,27,28,29,30,31,32,33,34,35,36,37,38,39,40,41,42,43,44,46,47,48,49,50,51,52,53,54,55,56,57,58,59,60,61,62,64,65,66,67,70,71,73,74,75,76,77,78,79,80,81,82,83,84,85,86,87,88,89,90,91,92,93,95,96,97,98,99,100,101,102,103,104,105,106,107,108,109,110,111,112,113,114
26,27,28,29,30,32,33,34,35,36,37,38,39,41,42,43,45,46,47,48,49,50,51,52,53,54,56,57,58,59,60,61,62,63,64,65,66,67,68,69,70,71,72,73,74,75,76,77,79,80,81,82,83,84,85,86,88,89,90,91,92,93,95,96,97,98,99,100,101,102,103,104,105,106,107,108,109,110,112,113,114
27,28,29,30,33,34,35,36,38,39,40,41,42,43,44,45,46,47,48,49,50,51,53,54,55,56,57,58,59,60,61,62,63,64,65,67,68,69,70,71,72,73,74,75,77,78,79,80,81,82,83,84,85,86,87,88,89,90,91,92,93,94,95,96,97,98,99,101,102,103,104,105,106,107,108,109,110,111,113
28,29,31,32,33,34,35,36,38,39,40,41,42,43,44,45,46,47,48,49,50,52,53,54,55,56,57,58,59,60,62,63,64,65,66,68,69,70,71,73,74,75,76,77,78,79,80,82,83,84,85,86,87,88,89,90,91,93,94,95,96,97,98,99,100,101,102,103,104,105,106,107,108,109,110,111,112,113
29,30,31,32,33,34,35,37,38,39,41,42,43,44,45,46,50,51,52,53,54,55,56,57,58,59,60,61,62,63,64,65,66,67,68,69,70,71,72,73,74,75,76,77,79,80,81,82,83,84,85,86,87,88,89,90,91,92,93,94,95,96,97,98,99,100,101,102,103,104,105,106,107,108,109,111,112,113,114
30,31,32,33,34,35,37,38,39,40,41,42,43,44,45,46,47,49,50,52,54,55,56,57,58,59,60,61,62,63,64,65,66,67,68,69,70,71,72,73,74,75,76,77,78,79,80,81,82,83,84,85,86,87,89,90,91,92,93,94,95,96,97,100,102,103,104,105,106,108,109,110,111,112,113,114
31,32,33,34,35,36,37,39,40,41,42,43,45,46,47,48,49,50,51,52,53,54,55,56,57,58,59,60,61,64,65,66,67,70,71,72,73,74,75,76,77,78,79,80,81,82,83,84,86,87,89,90,91,92,93,94,95,96,97,98,100,101,102,103,104,105,106,107,108,109,110,111,112,113
32,34,35,36,37,38,39,40,41,42,43,44,45,46,47,48,49,50,51,53,54,55,56,57,58,59,60,61,62,63,64,66,67,68,69,70,71,72,73,74,75,76,77,78,79,80,81,82,83,84,85,86,87,88,89,90,91,92,93,94,95,96,98,99,100,101,102,103,104,105,106,108,109,110,111,112,113,114
33,34,35,36,37,38,39,41,43,44,45,46,47,48,49,50,51,52,53,54,55,56,57,58,59,60,61,62,63,64,65,66,67,68,69,70,71,73,74,75,77,78,79,80,81,82,83,84,85,87,88,89,90,91,92,93,94,95,96,97,98,99,101,102,103,104,105,106,108,109,111,112,113,114
34,35,36,37,38,39,40,41,42,43,44,45,46,47,48,49,50,51,52,53,54,55,56,57,58,59,60,61,62,63,64,65,67,68,69,70,71,72,73,74,75,76,77,78,79,80,81,82,83,84,85,86,87,88,89,90,91,92,93,96,98,99,100,101,102,103,104,105,106,107,108,109,110,111,112,113,114
35,36,37,38,39,40,41,42,43,44,45,46,47,50,51,52,53,54,55,56,57,58,59,60,61,62,63,64,65,66,67,68,69,70,71,72,73,74,76,77,78,79,80,81,82,83,84,85,86,87,88,89,90,91,92,93,94,96,97,98,99,101,102,103,104,105,106,107,108,109,110,111,112,113,114
36,37,38,39,40,41,42,43,44,45,46,47,48,49,51,52,55,56,57,58,59,60,61,62,63,64,65,66,67,68,69,70,71,72,73,74,75,76,77,79,80,81,82,83,84,85,86,88,89,90,91,92,93,94,95,97,98,99,100,101,102,103,104,105,106,107,108,109,110,111,112,113
37,38,39,40,41,42,43,44,45,46,48,49,50,51,52,53,54,55,56,57,58,59,60,61,62,63,64,65,67,68,69,70,71,72,73,74,75,76,77,78,79,80,81,82,83,84,85,87,88,89,90,91,94,95,96,97,98,99,100,102,104,105,106,108,109,110,112,113,114
38,39,40,41,42,43,44,45,46,48,49,50,51,52,53,54,55,56,57,58,60,61,62,63,64,65,66,67,69,70,71,72,73,74,76,77,78,79,80,81,82,83,84,85,86,87,88,89,90,91,92,93,94,95,96,97,98,99,100,101,103,104,105,106,107,108,109,110,111,112,113,114
39,40,41,42,43,44,45,46,47,49,50,51,53,54,55,56,57,58,59,60,61,62,63,64,65,66,67,69,70,71,72,73,74,75,76,77,78,79,80,81,82,83,84,85,87,88,89,90,91,92,93,94,95,96,97,98,99,100,102,103,104,105,106,107,108,109,110,112,113,114
40,41,42,43,44,45,46,47,48,51,52,53,54,55,56,57,59,61,62,63,64,66,67,69,70,71,72,73,74,75,76,77,78,79,80,81,82,83,84,85,86,87,88,89,90,91,92,93,94,95,97,98,99,100,101,102,103,104,105,106,107,108,109,110,111,112,113
41,42,43,44,45,46,47,48,49,50,51,52,53,54,56,57,58,59,60,61,62,65,66,67,68,69,71,72,73,74,75,76,77,78,79,80,81,85,86,87,88,89,90,91,93,94,95,96,97,98,99,100,102,103,104,105,106,107,108,109,110,112,113,114
42,43,44,45,46,47,48,49,50,51,52,53,54,55,56,57,58,59,60,61,62,64,65,66,67,68,69,70,71,72,73,74,75,76,77,78,79,80,81,82,83,84,85,86,87,89,90,91,92,93,94,95,97,98,99,101,102,103,104,105,106,107,108,109,110,112,113
43,45,46,47,48,49,50,51,52,54,55,56,57,58,59,60,61,62,63,64,65,66,67,68,70,71,72,73,74,75,76,77,78,79,80,81,82,83,84,85,86,87,88,89,90,92,94,95,96,97,98,99,101,102,103,104,105,106,107,108,109,110,111,113,114
44,45,46,47,48,49,50,51,52,53,54,55,56,57,58,59,60,62,63,64,65,67,68,69,71,72,73,74,75,76,78,79,81,82,83,84,85,87,88,89,90,91,92,93,94,95,96,97,98,99,100,102,103,104,105,106,107,108,109,110,111,112,113,114
45,46,47,48,50,51,52,53,54,55,56,57,58,59,60,62,63,64,65,67,68,69,70,71,72,74,75,76,77,78,79,80,81,82,83,84,85,86,87,88,89,90,91,92,93,94,96,99,100,101,102,103,104,105,106,107,108,109,110,111,112,113,114
46,47,48,49,50,51,52,53,54,55,56,57,58,59,60,61,62,63,64,65,66,67,68,69,70,71,72,73,74,75,76,77,78,79,81,82,83,84,85,86,87,88,90,91,92,93,94,95,96,97,98,99,100,101,102,103,104,105,106,107,108,109,110,111,112,113,114
47,48,49,50,51,52,53,54,55,56,57,58,59,61,63,64,65,66,67,68,70,71,72,73,74,75,76,77,78,79,81,82,83,84,85,86,87,88,89,90,91,92,93,94,95,96,97,99,100,101,102,103,104,105,106,108,109,110,111,112,113,114
48,49,50,51,52,54,56,57,59,61,62,63,64,65,66,67,68,69,70,71,72,73,74,75,76,77,78,79,80,81,82,83,84,85,86,87,88,90,91,92,93,94,95,96,97,98,99,100,101,102,103,104,105,106,108,109,110,112,113,114
49,50,51,52,54,55,56,57,58,59,60,61,62,63,64,65,66,67,68,70,71,73,74,75,76,77,78,79,80,81,82,83,84,85,86,87,88,89,90,91,92,93,94,95,97,99,100,101,102,103,104,105,106,107,108,109,110,111,114
50,51,52,53,54,55,56,57,59,61,62,63,64,65,67,68,69,70,71,72,73,74,75,76,77,78,79,80,81,82,83,84,85,86,87,88,89,90,91,92,94,95,96,97,98,99,100,101,102,103,104,105,107,108,109,110,112,114
51,52,53,56,57,58,60,61,62,63,64,65,66,67,68,69,70,71,72,73,75,76,77,79,80,81,82,83,84,85,86,87,88,89,90,91,92,93,95,96,97,98,99,100,101,103,104,105,106,108,109,110,111,112,113,114
52,53,54,55,56,57,59,60,61,62,63,64,66,67,68,69,70,71,72,73,74,75,76,77,78,79,80,83,84,85,86,87,88,89,90,91,93,94,95,96,97,98,99,100,101,102,103,104,105,106,107,109,110,111,112,113,114
53,54,55,56,57,58,59,60,61,62,63,64,65,66,67,68,69,70,71,72,73,74,75,76,77,78,79,80,81,82,83,84,85,86,87,88,89,90,91,92,93,94,95,96,97,98,99,100,101,102,103,104,106,107,108,109,110,111,112,113,114
54,55,56,57,58,59,60,61,62,63,64,66,67,68,69,70,71,72,73,74,75,76,77,78,79,80,81,82,83,84,85,86,87,89,90,91,92,93,94,95,96,97,98,99,100,101,102,104,105,106,108,110,111,112,114
55,56,57,58,59,60,61,62,63,64,65,67,68,69,70,71,72,73,74,75,76,78,79,80,81,82,83,84,85,86,87,88,89,90,92,93,94,95,96,97,99,100,101,102,103,104,105,106,107,108,109,110,111,112,113,114
56,57,58,59,60,61,62,63,64,65,66,67,70,72,73,74,75,77,78,79,81,82,83,84,86,87,88,89,90,91,92,93,94,97,98,99,100,101,102,103,104,105,106,107,108,109,110,111,113,114
57,59,60,61,62,63,64,66,67,68,69,71,72,73,75,76,77,78,79,80,81,82,83,84,86,87,88,89,90,91,92,93,94,96,97,98,99,100,101,102,103,104,105,106,107,109,110,111,112,113,114
58,59,60,61,62,63,64,65,66,67,68,69,70,71,73,74,75,76,77,78,79,80,81,82,83,84,85,86,88,89,90,91,93,94,95,96,97,98,99,101,102,103,104,105,106,107,108,109,110,111,112,113,114
59,60,61,62,63,64,65,66,67,68,69,70,71,72,73,75,76,77,78,80,81,82,83,84,85,86,88,89,90,91,92,93,94,95,96,97,98,99,100,101,102,103,104,105,107,108,109,110,112,113,114
60,61,62,63,64,65,66,67,68,69,71,72,73,74,75,76,77,78,79,80,81,82,83,84,85,86,87,90,91,92,93,94,95,96,97,100,101,102,103,104,105,106,107,108,109,110,111,112,113,114
61,62,63,64,65,66,67,68,69,70,71,72,73,74,75,76,77,78,79,80,81,82,83,84,85,87,88,90,91,92,93,94,96,97,98,99,100,101,102,103,104,105,106,107,108,109,110,111,112,113,114
62,63,65,66,67,68,70,71,72,74,75,76,78,79,80,81,82,83,85,86,87,88,89,90,91,92,93,94,95,97,98,100,103,104,105,106,107,108,109,110,111,112,113,114
63,64,65,66,67,68,69,70,71,72,73,74,75,76,78,79,80,81,82,83,85,86,87,88,89,90,91,93,94,95,96,97,98,100,101,102,103,104,105,106,107,108,109,113,114
64,65,66,67,68,69,70,71,72,73,74,75,76,77,78,79,80,81,82,83,84,85,86,87,88,89,90,91,92,93,94,95,96,97,98,99,100,101,102,103,104,105,106,107,108,109,110,111,112,113,114
65,66,67,70,71,72,73,74,75,76,77,78,79,80,81,82,84,85,86,87,88,89,90,91,92,93,95,96,97,98,99,100,101,102,103,104,105,106,107,108,110,111,113,114
66,67,69,70,71,72,74,75,76,77,78,79,80,81,82,83,84,85,86,87,89,90,91,92,93,94,95,96,97,98,99,100,102,103,104,105,107,108,110,111,112,113,114
67,68,69,70,71,72,73,74,75,76,77,78,79,80,81,82,83,84,86,87,88,89,90,91,92,93,95,96,97,98,100,101,102,103,104,105,106,107,108,109,111,112,113,114
68,69,70,71,72,73,74,75,76,77,78,79,80,81,82,83,84,85,86,87,88,89,90,91,92,93,94,95,96,97,98,99,100,101,102,103,104,105,106,107,108,109,110,111,112,113,114
69,70,72,73,74,75,76,77,78,79,80,81,82,83,85,86,87,88,89,90,92,93,94,95,97,98,99,100,101,102,103,104,105,106,107,109,110,111,112,113,114
70,71,72,73,74,75,76,77,78,80,81,82,83,84,85,86,88,89,90,91,92,93,94,95,96,98,99,100,101,102,103,104,105,106,107,110,111,112,113,114
71,72,73,74,75,76,77,78,79,80,81,82,83,84,85,86,88,89,90,91,92,93,95,96,98,99,100,101,102,103,106,107,109,110,111,112,113
72,73,75,76,77,78,79,80,81,82,83,84,85,86,87,88,89,90,91,92,94,95,98,99,100,101,102,103,104,105,106,107,108,109,110,112,113,114
73,74,75,76,77,79,80,81,82,83,84,85,87,88,89,91,93,94,95,96,97,98,100,101,102,103,104,105,106,107,108,109,110,111,112,114
74,75,76,77,78,79,80,81,83,84,85,86,87,88,89,90,91,92,93,94,95,96,97,98,99,100,101,102,103,104,105,106,107,108,109,110,111,112,113,114
75,76,77,78,79,80,81,82,83,84,85,86,87,88,91,92,93,94,95,96,97,98,99,100,101,102,103,104,105,106,107,108,109,110,111,112
76,77,78,79,80,81,82,83,84,85,86,87,88,89,90,92,93,94,95,98,99,100,101,102,103,104,105,106,108,109,110,112,113,114
77,78,79,80,81,82,84,85,86,87,88,89,90,91,92,93,94,95,96,97,99,100,101,102,103,105,106,107,108,109,110,111,112,113,114
78,79,80,82,83,84,85,86,87,89,90,91,93,94,96,97,99,100,101,102,103,104,105,106,107,108,110,111,112,113,114
79,80,81,82,83,84,85,86,87,88,89,90,92,93,94,95,96,97,98,99,100,101,102,103,104,105,106,107,108,109,110,111,112,113,114
80,81,83,84,85,86,88,90,91,92,93,94,95,96,97,98,99,100,101,102,103,104,105,106,107,108,109,110,111,112,113
81,82,83,84,86,87,88,89,90,91,92,93,94,95,96,97,98,99,100,101,102,103,104,106,107,108,109,110,111,112,113,114
82,83,84,85,86,87,88,89,90,91,92,93,94,95,96,97,99,100,101,103,104,105,106,107,108,110,111,112,113
83,84,85,86,87,88,89,90,91,92,93,95,96,97,98,99,100,101,102,103,104,105,106,107,108,109,110,112,113,114
84,85,86,87,88,89,90,91,92,93,94,95,97,98,99,100,101,102,103,104,105,106,107,108,109,110,111,112,113,114
85,86,87,88,89,90,92,93,94,95,96,97,98,99,100,101,102,103,104,105,106,107,108,109,110,111,112,113,114
86,87,88,89,90,91,92,93,94,95,96,99,100,101,102,103,104,105,106,107,108,109,110,111,112,113,114
87,88,89,90,91,92,93,94,95,96,97,98,99,100,101,102,103,104,105,106,107,108,109,110,111,112,113,114
88,90,91,92,93,94,95,96,97,98,99,100,101,103,104,105,106,107,108,109,110,111,112,113,114
89,90,91,92,95,96,97,98,99,100,101,102,103,104,105,106,107,108,109,110,111,112,113,114
90,91,92,93,94,95,97,98,99,100,101,102,103,104,105,107,108,109,110,112,113,114
91,92,93,96,97,98,99,100,102,103,104,105,106,108,109,110,111,112,113,114
92,93,94,95,96,97,98,99,100,101,102,103,104,107,108,109,110,112,113,114
93,94,95,96,97,99,100,101,102,103,104,106,107,108,109,110,111,112,113,114
94,96,97,100,101,103,104,105,106,107,109,111,112,113
95,96,97,98,99,100,101,102,103,104,105,106,107,108,109,110,111,112,113,114
96,97,98,100,101,102,103,104,105,106,107,108,109,110,111,112,113,114
97,98,99,100,101,102,103,104,105,106,107,108,109,110,111,113,114
98,99,100,101,102,103,104,105,106,107,108,110,111,112,113
99,100,101,102,103,104,106,107,108,109,110,111,113,114
100,102,103,105,106,107,108,109,110,111,112,113,114
101,102,103,104,105,106,107,108,109,110,111,112,113
102,103,104,105,106,109,110,111,112,113
103,104,105,106,107,108,109,111,112,113,114
104,105,106,107,108,109,110,111,112,113,114
105,106,108,109,110,111,112,113,114
106,107,108,109,110,111,112,113,114
107,108,109,110,111,112,113,114
108,109,110,111,112,113,114
109,110,111,112,113,114
110,111,112,113,114
111,112,113,114
112,113,114
113,114
114
