n_nodes:297
n_edges:24950
density:0.56761
0,3,5,8,9,11,12,13,14,15,17,20,21,22,24,25,27,29,30,31,33,34,36,37,39,41,42,43,45,47,48,49,50,52,55,56,58,60,61,62,63,64,68,69,70,72,73,75,82,84,86,87,88,89,91,94,95,96,97,99,100,102,104,105,108,109,110,111,112,113,115,117,122,123,125,126,129,130,131,132,133,136,138,140,141,142,144,145,146,148,149,151,152,154,155,159,160,163,164,166,167,168,169,170,171,173,175,178,179,180,181,182,183,186,188,189,190,191,192,194,195,196,197,199,200,201,202,208,209,210,211,212,215,216,217,218,220,221,222,223,226,229,230,231,233,234,235,237,239,240,242,243,244,245,247,248,252,256,257,258,259,260,261,262,263,266,268,270,271,274,275,276,278,280,281,282,283,287,288,290,291,293,295
1,2,5,6,7,264,9,261,267,12,13,15,16,20,277,22,279,280,27,28,29,31,32,33,290,291,36,37,38,295,40,42,263,45,46,47,48,53,54,55,57,266,59,61,265,64,65,67,68,285,70,292,73,74,75,76,77,78,79,82,83,84,272,284,87,89,90,92,93,258,96,97,100,293,102,104,108,110,112,113,115,116,118,119,120,121,123,124,125,129,130,131,132,134,135,138,141,142,143,146,147,148,151,152,154,155,156,160,162,163,164,166,167,169,170,173,174,175,176,179,180,181,182,185,186,187,190,194,195,198,201,202,203,205,206,207,208,209,211,215,262,219,220,221,222,223,225,228,229,230,231,232,233,234,235,236,237,238,241,242,243,244,246,248,249,252,253,254
2,3,4,5,6,7,14,16,18,20,22,23,24,27,29,30,32,33,34,35,37,38,39,40,42,44,45,46,47,48,49,51,53,54,55,56,58,59,60,61,62,64,65,66,67,68,70,71,74,76,77,79,81,82,84,87,88,89,90,91,92,93,94,98,100,103,105,107,111,113,114,118,123,126,127,128,129,131,132,134,137,139,140,145,146,148,149,150,152,153,154,155,156,158,159,161,162,163,164,166,167,170,172,173,174,176,178,179,181,182,186,188,189,190,191,192,193,194,196,197,198,199,200,201,202,203,206,207,210,211,212,213,214,217,218,219,220,222,223,224,226,227,228,229,230,232,234,237,238,239,241,242,243,244,247,248,249,251,252,254,257,258,260,263,264,266,267,269,270,271,272,273,274,276,277,281,284,285,286,287,291,293,295
3,5,6,8,10,11,12,14,18,19,20,21,22,24,25,28,29,30,34,36,37,38,40,41,42,44,45,48,50,51,52,53,54,56,59,60,61,62,64,66,67,68,72,73,76,79,80,81,87,89,90,91,93,94,95,98,100,102,103,104,105,107,109,110,111,112,113,114,117,120,121,126,127,129,132,134,136,139,143,144,145,146,147,149,150,152,153,154,156,159,161,163,166,167,168,170,171,175,177,178,179,182,184,185,186,187,188,189,192,193,196,197,198,201,202,203,204,205,208,209,210,211,212,214,216,218,219,221,223,224,225,226,228,229,231,233,234,235,237,239,240,243,244,245,246,247,248,252,253,256,259,260,261,263,264,265,266,267,271,272,274,275,277,278,279,281,282,283,284,285,287,289,290,292,293,294
4,256,260,8,9,10,13,14,15,16,273,18,19,20,22,23,280,25,26,27,284,29,30,31,32,34,36,37,38,39,40,41,44,45,48,49,50,52,53,54,265,56,57,59,60,63,64,65,66,67,68,71,72,73,74,78,80,81,82,83,84,85,87,88,89,91,93,95,97,275,101,103,105,107,108,110,112,113,258,116,117,119,120,276,124,125,127,128,129,131,134,135,136,137,279,140,146,149,150,152,154,282,159,162,163,167,168,169,170,171,172,173,174,176,177,179,181,184,186,187,188,190,296,192,193,194,199,202,203,206,207,271,209,210,264,213,215,216,292,218,219,220,223,225,226,227,228,229,230,231,237,272,239,240,241,244,286,246,247,248,249,250,251,252,254
5,6,7,11,12,13,14,15,17,18,19,20,22,23,25,28,31,32,33,35,37,38,40,41,42,45,46,49,50,51,52,53,54,55,57,58,59,60,61,63,64,65,66,67,69,70,73,74,75,76,78,80,82,83,86,87,88,89,90,93,94,95,96,97,98,100,101,102,103,107,109,112,114,115,117,119,120,122,124,125,126,128,130,133,135,136,138,140,143,145,146,148,149,152,157,162,163,164,165,167,168,169,171,172,174,176,178,179,180,183,184,185,186,187,188,189,190,192,193,194,197,198,199,200,201,203,206,208,209,212,214,217,219,220,223,225,227,228,231,232,233,235,238,239,240,242,246,247,248,256,258,259,260,261,266,267,268,273,274,278,279,280,281,283,284,286,289,293,294,295
6,262,7,8,9,10,267,268,14,15,274,19,276,22,23,24,25,26,27,284,29,286,31,288,34,35,38,39,40,41,42,45,270,47,48,50,51,52,53,56,57,58,266,64,65,67,69,70,71,72,74,75,76,79,83,85,86,87,88,90,91,93,94,95,96,97,100,103,104,105,106,107,109,110,112,113,114,275,118,120,123,125,290,127,131,132,278,134,135,137,139,142,144,146,148,281,152,153,157,158,161,162,166,167,170,172,174,176,178,180,182,184,185,187,189,190,279,193,195,198,199,201,203,205,206,207,208,209,211,214,215,217,218,219,221,224,226,228,294,231,232,295,238,239,241,243,247,249,250,251,252,254
7,256,259,264,9,10,11,258,271,272,18,276,21,22,279,24,25,282,284,29,286,287,288,289,34,35,292,262,294,39,41,43,46,47,48,50,56,57,58,59,266,62,63,65,285,71,72,74,75,77,79,80,81,85,88,92,93,94,95,96,101,102,103,104,106,107,108,274,110,112,115,116,117,118,120,277,129,130,131,132,278,136,140,142,143,145,146,269,149,150,281,153,154,155,156,157,159,161,162,163,164,165,166,168,169,170,171,172,174,175,177,178,180,181,186,188,189,190,295,193,194,195,197,198,199,200,203,204,206,207,208,209,291,212,213,216,219,280,227,228,229,230,231,233,234,235,237,238,239,241,242,245,246,247,248,249,250,253,254
8,257,258,261,291,264,266,267,273,13,14,15,16,17,18,259,20,21,22,23,24,25,26,28,29,30,31,288,33,34,35,36,293,294,295,41,42,43,44,47,48,49,50,51,52,53,56,61,62,63,65,66,69,72,76,77,78,79,80,84,270,86,280,88,91,92,93,95,96,97,99,100,102,103,105,108,109,282,112,113,114,115,285,118,119,120,276,123,125,277,128,131,132,133,260,135,136,138,139,140,141,143,144,145,146,148,150,151,153,156,157,158,162,164,165,166,272,169,171,172,175,176,180,181,183,185,186,287,190,192,279,195,199,200,201,202,204,205,206,271,209,211,212,213,214,215,216,217,218,220,222,223,224,225,228,231,232,238,239,240,242,244,248,251,281,254
9,10,11,13,14,15,16,17,18,22,23,24,25,27,28,29,31,32,33,34,36,37,38,39,40,42,44,45,47,48,49,50,52,55,56,57,59,60,61,62,63,64,65,67,70,71,72,73,74,75,76,78,79,82,83,84,85,86,87,95,96,97,98,100,102,105,106,108,109,111,112,116,119,120,121,123,124,125,128,129,130,131,134,135,137,139,141,147,148,149,150,152,153,154,155,156,159,160,161,162,163,164,166,167,168,170,171,173,174,175,177,179,182,183,185,188,189,190,193,195,196,199,200,204,205,206,207,208,210,211,212,214,215,217,218,220,222,223,229,231,232,234,235,236,237,240,241,242,247,248,249,252,253,254,255,257,258,259,262,263,266,268,269,274,276,277,279,281,283,284,287,288,290,291,293,294,295,296
10,11,14,15,16,17,21,22,23,25,26,28,30,31,33,36,40,42,44,45,46,47,49,50,52,55,57,58,59,60,65,67,69,70,71,72,73,74,76,77,78,81,82,83,87,89,90,91,92,93,94,97,98,100,101,105,106,107,109,111,113,114,115,116,117,120,121,122,123,124,125,128,129,131,132,133,134,137,139,140,144,145,148,149,150,151,153,154,155,157,158,159,160,161,163,165,167,171,174,177,178,182,183,184,185,187,188,189,190,191,192,195,196,197,198,199,200,201,202,203,206,209,212,213,217,219,221,223,224,225,228,229,231,232,233,236,237,238,240,242,245,246,248,251,252,253,256,257,258,259,261,262,263,264,265,267,270,271,274,275,279,281,283,284,285,288,289,290,291,292,293,294,295
11,257,258,262,264,267,12,13,14,15,16,17,19,20,277,22,23,26,283,28,29,30,32,33,34,35,291,37,295,39,40,41,42,43,44,46,47,51,52,54,55,290,57,266,60,61,62,65,67,69,70,292,72,77,78,79,82,84,85,86,87,285,91,93,96,97,98,99,100,101,276,273,105,106,111,112,113,114,275,116,117,120,121,122,127,128,131,132,133,134,136,138,279,140,141,142,143,145,286,147,148,151,154,155,156,282,159,160,161,162,163,164,166,169,170,171,173,284,176,270,181,186,296,189,191,193,197,203,205,206,288,271,210,211,212,213,214,215,216,217,219,221,222,293,224,227,228,229,230,231,233,234,235,237,272,241,242,278,248,250,251,252,253,254,255
12,13,14,20,25,26,27,28,29,31,32,33,34,37,38,39,42,43,44,45,47,48,50,52,54,55,56,57,59,60,62,63,67,69,75,77,82,83,84,85,86,88,89,91,95,97,98,99,100,101,102,103,104,107,108,110,112,114,115,118,120,121,123,124,129,130,131,132,134,136,137,138,139,140,141,143,144,145,146,149,150,154,156,157,160,161,162,163,164,165,166,168,169,170,171,172,174,175,176,178,179,181,182,186,187,188,189,190,192,193,194,195,196,197,199,200,202,204,205,208,211,212,213,214,215,217,218,220,221,222,223,226,227,229,230,232,233,236,237,238,240,241,242,243,244,245,246,248,249,251,252,253,258,259,260,261,266,267,268,270,271,273,274,275,277,278,279,280,283,284,286,287,290,292
13,14,15,17,274,19,277,22,23,25,27,28,30,288,34,36,293,38,295,296,42,43,44,45,47,49,51,52,53,55,283,57,64,66,267,68,69,70,256,275,268,76,78,79,80,81,83,85,89,90,91,92,93,95,97,99,101,102,273,104,105,106,108,111,112,114,115,116,118,125,126,127,129,130,294,134,135,136,137,141,143,147,151,152,153,154,155,156,157,158,159,161,163,165,166,167,168,169,170,171,172,173,175,176,177,270,180,286,182,184,186,187,188,190,191,192,193,194,197,199,200,201,202,203,206,208,209,211,214,215,217,218,219,220,224,225,226,228,229,231,232,237,238,239,240,242,243,244,246,247,260,250,254,255
14,257,263,270,15,16,273,274,19,276,277,22,279,280,260,26,27,28,30,288,33,34,291,36,37,38,295,40,41,43,45,46,48,49,55,290,60,61,62,63,65,66,67,68,69,292,72,73,76,79,80,81,83,84,85,86,267,90,92,94,95,296,99,102,105,106,107,108,109,114,275,116,117,118,121,122,124,125,126,128,129,131,132,133,134,136,138,139,140,141,142,294,146,148,149,150,281,153,154,155,156,159,162,163,165,166,167,168,170,172,173,175,177,178,286,182,185,186,187,188,189,191,192,193,262,195,198,200,201,205,207,208,209,212,213,214,216,217,218,220,222,224,225,226,229,230,231,232,233,235,236,238,240,241,243,249,251,253,254,255
15,17,20,21,23,24,26,27,30,31,33,36,37,38,42,43,44,45,50,51,52,53,54,59,61,62,63,64,65,66,68,69,70,71,72,73,74,75,79,86,88,89,93,94,97,102,103,105,106,107,109,110,111,112,113,115,116,118,119,120,121,122,123,124,127,128,130,131,135,136,139,140,141,142,143,145,146,148,149,151,152,154,155,156,157,158,159,160,161,162,165,167,169,170,171,173,174,175,177,179,184,185,189,192,195,197,202,205,206,207,212,216,217,219,220,221,224,225,226,227,228,235,237,238,240,241,245,246,247,249,250,251,253,254,255,256,257,260,261,264,265,266,267,272,274,275,277,278,279,280,282,283,284,285,286,287,288,290,291,292,293,294,296
16,256,261,262,257,268,258,271,273,18,19,21,282,24,25,26,283,28,285,286,31,274,289,291,36,37,294,40,41,42,43,44,45,47,48,264,52,54,265,56,58,63,64,65,66,69,70,71,72,73,74,269,80,81,82,83,84,270,87,88,89,90,91,92,94,95,97,98,99,101,102,108,109,110,112,117,118,119,120,121,122,124,125,126,127,128,130,131,277,134,136,137,139,141,142,144,149,150,154,157,158,159,160,161,162,166,168,169,170,172,173,174,175,178,180,181,184,185,186,187,188,192,193,194,197,198,200,202,203,205,206,288,208,209,210,211,212,213,292,218,293,263,225,226,229,230,232,233,234,235,237,238,296,242,246,260,249,254,255
17,257,258,259,262,270,273,19,20,21,278,23,280,281,283,265,29,286,31,32,34,35,292,38,295,291,42,43,45,47,264,51,54,55,58,59,60,61,63,66,67,68,69,70,72,73,74,76,77,79,82,84,85,86,89,90,271,92,93,94,96,98,99,101,276,107,108,110,112,113,266,275,116,117,121,123,124,125,126,127,130,294,132,134,135,137,279,145,146,148,153,155,158,161,162,166,168,169,171,173,174,284,176,179,180,181,182,183,184,185,186,187,190,191,192,193,197,200,201,202,203,204,290,206,208,209,211,212,214,215,216,218,219,220,221,222,224,225,226,228,269,230,231,232,233,234,235,236,238,239,240,241,243,245,246
18,257,262,267,270,273,274,275,20,277,22,279,280,25,27,28,29,287,288,289,290,35,36,37,38,295,40,41,42,44,45,46,47,49,50,51,52,53,54,55,283,57,58,59,61,65,66,67,68,69,71,72,74,75,77,78,83,284,87,88,90,91,92,93,96,97,98,100,101,276,106,107,108,111,113,116,117,120,121,123,124,127,128,129,130,131,133,134,135,136,138,265,143,144,145,148,149,151,153,155,156,159,160,162,163,164,167,169,170,171,174,178,179,180,181,182,188,189,190,192,195,196,198,199,201,206,207,291,214,292,223,226,228,232,234,235,237,240,244,245,247,250,281,253,254,255
19,20,21,22,23,25,26,29,30,31,33,35,36,37,39,42,43,45,46,49,50,52,53,54,58,59,60,61,62,64,66,67,68,69,71,74,76,78,80,82,83,85,86,87,88,89,90,92,94,99,100,101,103,104,105,106,107,108,109,113,115,117,119,125,132,133,135,136,138,140,141,142,143,144,145,146,148,149,150,151,152,153,154,155,157,159,160,163,164,167,168,169,171,172,174,182,183,185,186,188,192,193,195,197,199,201,203,204,205,208,209,210,211,213,215,216,218,219,221,222,224,225,226,227,228,231,232,234,236,238,240,243,244,245,246,248,249,250,252,255,256,258,259,261,263,265,266,267,268,269,270,271,272,273,275,276,281,282,283,285,287,290,291,293,295,296
20,262,257,265,266,270,277,22,23,24,260,282,27,28,285,286,31,32,33,290,35,36,264,39,296,41,42,263,46,49,50,51,53,56,58,59,60,61,63,64,66,267,70,275,72,268,74,75,77,79,80,81,84,85,280,89,90,91,94,95,99,103,104,105,109,110,111,112,114,115,116,118,119,121,122,124,125,283,127,130,132,278,134,135,137,138,140,144,145,148,151,155,157,158,159,161,162,163,165,166,167,284,175,176,178,180,291,182,183,184,187,188,191,192,193,194,195,196,197,289,201,202,204,206,288,208,211,212,213,214,217,218,220,222,223,224,225,226,228,229,232,235,238,240,241,242,243,245,246,247,248,249,250,273,281,253,254,255
21,258,260,261,262,259,273,269,270,274,276,277,278,23,24,25,27,265,29,281,287,32,33,34,35,36,39,296,291,43,47,48,49,52,53,54,55,57,58,59,60,61,63,65,68,285,71,72,73,74,75,77,79,81,83,85,86,87,88,89,94,95,97,98,99,101,103,104,105,106,111,112,113,116,118,119,120,121,122,123,126,127,128,130,133,134,135,137,279,141,144,145,146,150,151,280,155,156,157,158,159,160,161,162,163,165,167,168,284,174,175,176,177,178,180,181,182,184,192,193,195,196,197,201,202,203,290,207,208,210,211,212,213,214,215,216,217,218,286,222,224,226,227,231,232,235,236,237,272,239,240,242,245,264,249,250,252,253,254,255
22,268,273,23,24,260,26,283,28,29,288,33,34,35,36,37,38,40,41,263,46,47,48,49,52,53,54,56,57,58,266,64,65,66,67,68,69,70,71,72,74,75,76,81,83,84,85,86,87,267,90,91,92,93,95,96,256,101,102,104,107,108,109,111,112,115,120,121,123,124,290,127,128,129,130,131,133,136,138,141,142,143,144,145,147,150,151,156,282,158,159,161,162,163,164,165,166,167,168,284,171,173,285,179,180,181,183,186,190,296,193,194,195,196,197,198,289,201,204,205,208,211,212,213,214,216,292,218,219,221,222,225,226,227,228,294,230,232,233,234,239,241,281,253,254
23,25,26,27,28,29,30,31,32,33,35,37,39,41,43,44,45,46,47,48,49,50,51,52,53,55,56,57,58,60,61,62,64,67,68,69,71,72,74,75,76,77,78,80,82,84,89,91,93,94,95,96,97,98,99,100,103,105,107,109,110,112,116,117,118,120,121,122,123,125,127,129,130,131,133,134,135,137,139,141,142,143,144,146,147,149,151,152,153,154,155,158,160,161,162,163,164,165,166,168,169,171,173,174,175,177,178,179,182,190,192,193,197,198,200,202,205,207,208,209,211,212,214,218,222,226,228,230,231,232,233,234,235,236,237,241,243,247,248,249,253,257,259,262,263,264,265,270,272,273,274,275,276,278,279,284,285,287,288,291,296
24,256,261,266,273,274,275,279,280,25,26,27,284,29,286,33,34,35,36,262,295,40,41,263,44,45,46,48,264,50,51,265,56,57,60,61,63,64,65,66,67,68,70,72,77,78,80,81,83,88,89,90,91,92,94,95,97,99,100,276,104,105,107,110,111,112,113,114,115,117,119,121,125,126,127,128,129,131,132,278,136,137,291,139,140,141,143,144,145,148,151,152,153,154,155,159,160,161,162,163,166,171,172,173,174,177,181,185,186,190,192,193,196,289,200,202,205,206,207,271,210,211,213,218,219,220,221,223,225,227,228,229,231,232,233,234,237,272,240,242,245,246,247,249,251,281,253,255
25,256,270,271,276,281,26,27,265,29,30,31,33,34,35,36,293,294,39,40,291,42,43,257,45,46,47,49,50,52,53,55,283,266,59,61,62,63,64,66,69,71,72,73,75,76,77,78,81,82,84,85,86,280,88,90,94,96,98,99,101,104,105,106,109,115,116,118,120,121,123,124,126,277,128,134,136,138,139,140,144,145,146,148,295,153,155,156,282,158,159,160,161,163,164,165,166,168,169,170,172,173,174,285,176,177,286,183,184,185,287,188,189,190,191,192,197,289,204,290,206,207,208,210,274,212,214,215,216,217,218,220,221,222,223,263,225,227,230,231,235,236,241,242,243,245,246,247,248,296,251,253,264,255
26,256,257,258,259,261,265,269,273,276,277,282,27,284,29,31,288,33,34,292,262,38,39,40,43,44,45,47,48,49,50,52,54,55,56,58,59,62,63,68,69,70,72,73,74,77,78,79,81,82,83,86,88,89,90,94,95,97,99,100,101,105,106,110,111,112,113,114,275,116,117,118,119,121,122,123,124,125,129,131,132,133,135,136,138,141,142,143,146,149,151,152,154,155,157,158,278,163,272,168,169,172,173,174,285,176,177,178,180,183,186,287,193,196,198,199,201,202,203,204,290,207,208,210,212,214,289,217,218,220,224,228,229,230,231,232,234,235,236,281,238,239,240,296,243,244,245,246,247,249,250,251,252,253,254,255
27,259,257,264,266,267,272,273,275,278,283,29,286,287,32,33,290,35,294,39,41,42,43,45,46,47,50,51,52,53,58,59,62,63,64,66,67,68,69,256,72,73,258,75,77,78,268,80,81,83,85,88,90,271,92,93,95,96,97,98,99,101,105,107,109,111,112,113,114,115,116,118,270,124,126,127,128,129,130,131,277,133,134,136,137,138,139,140,142,143,282,145,146,269,152,153,155,156,157,159,161,165,166,167,168,169,170,171,177,178,180,181,182,183,184,187,189,193,194,196,197,289,201,202,205,206,288,208,209,291,214,215,216,217,218,220,221,222,223,226,228,229,232,233,234,235,237,239,243,244,246,249,250,253,255
28,262,257,273,259,277,283,265,29,30,261,32,33,35,292,37,38,39,40,41,42,43,44,46,47,48,264,50,52,55,56,59,60,61,63,64,65,66,67,69,72,73,75,76,77,79,80,85,86,88,90,91,93,95,96,97,99,100,101,276,105,106,107,108,274,110,111,112,117,118,121,122,123,124,125,126,263,294,278,134,135,136,279,140,142,143,144,145,148,149,152,153,154,155,157,158,159,160,289,163,165,168,284,170,172,173,269,179,182,183,187,296,268,191,192,193,194,195,196,199,203,204,205,288,208,209,212,213,222,223,224,226,227,228,229,230,234,295,236,237,238,240,241,243,244,245,246,248,293,252,255
29,261,266,258,276,31,32,33,290,35,37,38,39,40,43,44,46,48,264,50,52,55,56,57,58,59,60,61,64,65,67,69,71,72,268,74,75,269,80,82,83,86,88,89,267,92,93,94,95,97,98,101,102,107,108,110,111,112,114,275,116,117,118,119,120,122,124,126,277,128,129,130,131,132,260,137,279,140,141,142,145,146,148,149,151,152,153,156,157,158,160,161,162,164,166,284,172,173,174,178,179,180,182,183,185,188,189,190,191,288,194,195,198,199,200,208,209,210,211,212,213,217,219,280,223,225,226,231,233,236,238,239,240,241,242,244,245,293,251,281,253,255
30,256,261,257,265,272,273,278,285,287,35,292,37,295,40,41,42,44,47,48,264,50,54,56,266,62,64,65,67,68,70,71,73,75,77,78,269,80,82,83,84,85,86,88,89,90,92,93,94,96,99,107,284,111,113,114,115,116,118,119,121,122,123,126,127,130,134,135,136,137,139,140,143,145,149,151,152,153,155,260,161,162,164,165,166,167,169,174,175,176,177,178,181,184,185,188,189,192,193,195,197,198,199,200,201,203,291,207,209,211,214,215,216,218,220,221,293,224,228,230,231,234,236,237,238,242,243,244,246,249,250,252,253,254
31,258,259,257,267,256,277,280,283,286,261,288,272,35,36,262,38,295,40,41,43,44,46,264,273,51,53,54,265,57,59,60,266,62,63,65,66,67,68,70,71,72,73,75,76,77,79,80,82,83,270,86,88,89,90,271,93,97,99,100,101,102,103,105,108,111,112,113,115,118,121,122,125,127,128,129,134,137,138,279,142,145,147,150,151,152,154,155,260,160,161,162,163,164,167,169,170,172,285,178,179,180,181,185,186,287,190,191,275,195,196,197,198,200,202,203,206,207,208,209,211,214,215,216,217,219,222,293,224,226,229,263,231,232,233,234,236,237,238,239,240,296,242,243,245,246,247,249,250,251,276,253,254,255
32,34,38,40,42,45,47,48,49,53,54,56,58,60,61,62,63,65,66,67,69,70,72,73,75,76,78,79,80,81,82,85,86,87,88,92,93,94,96,97,98,99,100,101,102,104,106,109,110,112,113,114,116,121,123,126,127,128,132,133,134,136,139,140,141,143,144,145,146,147,148,149,150,151,152,155,156,157,158,159,160,161,162,163,164,168,169,170,171,172,173,175,176,181,182,183,185,187,188,189,191,194,195,196,197,198,201,202,206,208,209,210,211,213,214,215,216,219,221,223,224,225,229,233,234,235,237,241,243,246,247,248,250,253,254,256,257,258,260,262,263,265,266,267,268,269,271,272,273,274,275,276,277,278,279,280,282,283,284,285,286,288,289,291
33,34,35,38,39,40,44,45,47,49,50,52,53,54,55,56,57,60,61,63,64,66,67,71,72,74,76,77,80,81,82,84,88,89,91,94,98,99,102,103,104,105,106,107,109,110,111,113,115,117,119,120,122,123,124,125,126,128,130,131,134,137,140,141,144,145,146,147,148,149,151,152,155,156,157,159,160,161,163,164,165,166,167,168,170,171,172,173,174,175,176,177,178,179,180,182,185,189,190,191,194,195,196,197,199,200,201,202,203,204,206,207,208,209,211,212,213,214,215,216,220,222,225,226,228,229,234,236,238,241,243,246,248,250,253,255,256,260,261,262,263,264,266,267,268,269,271,272,279,280,281,282,283,284,285,287,288,290,292,294,295
34,256,261,271,272,259,276,279,260,278,287,290,291,36,37,38,40,41,42,43,44,47,48,50,51,52,57,58,59,60,262,65,66,67,68,69,292,76,77,79,81,82,84,270,86,88,89,90,92,94,97,102,273,106,107,108,114,115,118,119,120,121,124,126,127,129,130,131,277,133,134,136,137,141,144,145,146,148,149,151,153,154,156,282,159,162,163,164,165,166,170,172,175,177,178,181,182,183,267,186,188,191,192,194,196,197,198,199,203,204,205,209,210,211,214,215,216,217,219,221,222,293,263,226,231,232,233,234,235,236,281,238,239,296,244,245,247,248,250,251,252,253,254,255
35,39,40,41,42,43,45,46,48,49,50,55,56,57,61,62,63,65,66,67,70,71,72,73,74,76,77,78,81,82,83,85,91,92,94,95,99,100,102,106,107,110,112,114,115,117,118,119,121,124,125,127,130,132,133,135,136,137,138,139,140,141,143,145,146,147,149,150,151,152,155,156,158,159,161,164,166,167,169,170,171,173,174,176,177,179,181,182,188,189,190,192,194,198,199,200,201,202,203,204,205,206,207,208,209,210,211,212,214,215,216,217,218,219,220,221,222,223,224,225,226,227,229,230,231,233,239,240,241,242,243,244,246,247,250,252,254,255,257,258,260,261,262,264,265,266,269,270,271,273,274,275,277,280,283,285,286,289,290,294,295,296
36,258,261,257,279,282,283,260,285,286,288,289,291,294,42,44,45,259,48,50,53,54,60,266,63,65,66,67,68,69,72,74,75,76,77,78,269,81,82,84,270,86,87,88,90,271,96,97,100,102,104,105,108,109,113,275,118,119,120,122,125,277,128,129,130,131,132,134,136,137,138,139,140,142,143,144,145,151,152,155,156,157,158,159,160,163,164,165,272,168,172,173,174,175,287,177,179,181,183,185,186,187,189,190,192,193,194,195,200,201,204,205,208,209,210,211,212,213,214,216,218,220,229,231,234,236,238,240,241,242,243,244,246,248,249,250,251,253,254
37,39,41,43,44,45,46,47,48,49,50,54,56,58,60,62,63,65,66,68,73,78,79,83,84,85,86,87,88,89,90,92,93,94,95,96,98,99,102,103,105,106,107,110,111,112,115,116,117,120,121,122,123,124,125,127,128,129,130,131,132,133,135,136,138,139,142,145,146,147,149,152,153,155,156,157,160,161,163,165,167,170,171,173,174,176,177,179,180,181,186,188,189,190,191,192,194,195,196,199,200,201,204,205,208,209,211,212,214,215,220,226,228,230,234,235,237,238,239,241,242,247,251,252,253,254,256,257,258,261,262,264,265,266,267,268,270,271,272,273,275,277,278,279,280,282,284,285,286,288,292,295,296
38,257,267,259,276,277,279,260,283,286,292,262,39,296,41,42,43,45,46,47,50,51,53,54,55,56,57,58,59,60,61,63,64,65,66,69,72,268,74,75,77,80,82,270,284,88,89,271,93,96,98,99,101,102,103,104,105,288,109,110,111,112,113,116,119,122,123,124,125,126,128,129,130,282,278,136,137,138,139,140,265,144,145,147,148,150,152,153,156,157,159,160,289,163,261,165,167,168,169,172,173,174,285,176,178,179,181,182,187,188,189,190,191,192,193,196,199,202,206,207,209,210,217,218,219,220,221,222,293,225,226,227,228,230,231,273,233,234,295,236,237,238,239,242,243,244,249,251,252,254,255
39,40,42,44,46,47,48,50,51,53,56,57,58,60,62,63,65,66,67,72,74,76,77,78,79,80,81,85,86,87,88,91,94,95,96,97,98,100,101,103,104,106,107,108,109,111,112,113,115,116,117,118,119,120,121,122,123,124,125,127,128,134,135,136,137,139,140,141,142,143,144,145,146,147,148,149,153,155,156,158,160,161,162,164,166,167,168,169,170,171,172,173,174,175,176,177,181,182,183,186,187,188,189,191,193,194,195,200,201,202,203,204,208,209,210,212,213,214,216,217,221,222,223,227,229,232,233,234,235,239,244,246,248,250,252,253,256,257,260,263,268,270,272,275,276,277,280,281,284,291,294,295,296
40,256,263,264,268,258,271,273,265,283,292,262,294,291,45,270,47,49,50,51,53,55,57,58,59,61,62,63,64,65,66,67,68,69,73,75,76,77,79,81,82,83,85,86,88,89,90,91,93,94,95,98,99,100,101,103,104,105,106,107,274,110,112,113,114,118,119,121,123,126,128,130,282,278,134,137,138,141,142,143,146,147,149,152,153,157,158,159,161,164,284,171,285,177,178,181,182,183,267,186,287,189,190,192,193,260,196,198,289,200,201,203,204,290,288,208,211,213,214,217,218,219,221,222,223,225,228,230,234,235,236,238,239,240,241,242,245,246,248,250,251,252,253,254,255
41,46,48,52,54,56,57,58,59,60,62,63,64,65,66,68,69,70,73,75,76,77,80,81,85,87,89,91,92,93,94,96,98,100,104,107,110,111,112,113,115,118,120,121,122,123,125,128,129,131,132,133,134,137,138,139,140,141,142,146,147,150,151,152,153,154,156,157,158,161,164,169,170,172,173,175,176,177,178,179,181,182,183,184,185,186,189,190,191,192,194,195,196,197,198,199,200,201,202,203,204,207,208,209,210,211,212,214,216,217,220,221,222,223,227,229,230,231,232,233,234,239,244,245,246,248,250,251,255,256,257,258,259,261,262,263,264,265,267,271,273,274,277,278,280,281,283,285,287,288,290,294,295,296
42,44,45,49,50,52,53,59,62,63,64,66,67,68,69,71,72,73,74,76,77,78,79,80,81,82,83,87,88,89,90,92,93,95,96,99,101,103,105,107,108,110,112,113,115,116,118,119,120,121,122,123,124,126,127,128,132,133,134,135,136,137,138,139,141,148,149,150,152,154,155,156,157,158,159,161,163,164,165,167,169,174,175,176,177,179,180,181,184,186,189,192,198,199,200,203,204,205,207,211,213,214,215,218,220,221,222,223,226,227,228,229,231,234,235,236,244,245,247,251,252,253,254,256,257,258,260,263,264,265,266,269,270,271,272,276,277,278,279,281,282,283,284,285,286,288,289,291,294,295
43,258,259,260,265,266,274,276,280,286,288,289,292,45,270,48,49,50,51,54,55,283,58,273,64,65,67,69,70,71,75,77,78,79,80,81,84,85,88,89,90,271,92,93,94,96,97,98,99,100,101,102,103,104,105,107,108,110,111,285,117,118,290,121,123,126,127,128,129,282,134,136,138,139,143,294,146,148,150,151,153,157,159,160,162,163,166,169,170,171,172,173,174,175,176,177,178,179,181,182,267,287,188,189,191,193,194,200,202,203,205,208,210,291,212,215,216,219,220,221,222,293,224,227,269,230,236,237,238,240,241,243,244,245,249,252,253,255
44,45,46,47,49,51,52,53,58,59,60,61,67,69,70,71,72,74,75,76,77,78,79,82,83,86,87,88,89,90,91,95,96,97,98,99,100,101,102,103,104,106,109,110,111,112,114,115,117,118,119,120,121,122,123,127,129,132,133,135,137,138,143,145,146,147,148,150,151,153,155,157,160,164,165,166,167,168,170,171,172,173,174,175,180,181,182,185,187,188,189,190,192,195,196,197,201,202,203,205,207,208,213,214,215,216,218,219,222,223,224,225,226,228,232,235,236,238,240,242,243,244,245,247,248,249,254,255,256,257,258,260,262,263,264,267,270,273,274,276,280,282,285,286,287,288,291,292,293,295,296
45,257,277,285,286,290,295,48,49,273,51,52,54,265,56,57,59,60,266,62,65,66,69,70,71,73,74,78,269,82,83,85,86,87,88,91,92,94,95,96,97,98,99,292,293,102,103,104,274,111,112,113,114,115,116,117,118,283,127,129,130,131,132,133,134,135,136,279,141,142,143,144,149,150,151,153,154,155,157,159,160,161,163,165,170,171,172,173,174,271,176,177,178,179,181,184,185,186,187,192,193,194,195,201,206,288,208,282,210,291,212,213,214,216,217,218,221,223,227,294,230,232,236,272,240,296,243,248,250,254
46,260,264,268,258,271,272,277,282,289,290,296,263,47,48,49,51,52,261,54,283,62,63,65,66,68,69,70,71,275,73,75,77,78,269,80,86,88,89,92,93,95,97,99,293,102,103,104,105,107,108,274,111,112,113,114,115,117,118,119,121,122,123,124,126,127,129,294,134,135,136,138,279,142,144,280,148,149,151,152,154,157,158,159,160,161,162,163,164,165,166,168,169,170,175,287,182,183,184,185,186,187,188,189,190,191,192,193,195,196,199,200,201,204,206,207,208,209,210,212,215,217,218,219,220,222,223,225,227,228,229,230,231,232,295,236,238,240,241,242,243,246,247,248,249,276,254,255
47,48,49,50,54,55,58,59,60,62,63,65,69,71,72,75,76,78,79,81,83,85,86,87,88,91,92,93,94,96,97,98,100,101,102,103,104,106,109,110,111,115,116,120,121,122,125,126,129,130,132,133,134,137,138,139,140,143,146,148,149,150,151,154,156,157,161,162,164,166,168,170,171,172,174,175,176,177,179,180,181,184,185,186,188,192,194,195,196,197,198,200,203,208,209,210,212,215,217,218,220,223,224,225,227,229,231,234,235,237,238,241,242,244,245,246,248,249,252,253,254,258,259,261,263,265,267,268,271,272,275,276,277,278,279,280,282,285,286,288,289,290,292,293,295
48,261,266,267,258,259,276,290,289,52,55,56,59,288,62,63,65,66,67,68,69,292,72,268,75,76,78,80,81,82,84,85,87,88,90,91,92,93,96,97,99,100,101,102,103,270,275,106,107,108,109,111,113,115,116,117,118,119,120,121,123,125,126,128,131,132,278,134,135,138,140,141,142,144,145,286,147,148,149,155,156,282,160,161,162,163,165,166,168,171,172,173,175,178,179,180,181,182,184,185,186,188,189,190,191,192,193,285,196,197,198,202,203,204,205,206,207,208,210,212,213,214,216,217,221,222,223,227,229,230,231,295,238,239,240,243,244,247,252,254
49,256,259,262,267,265,286,287,290,292,295,264,50,51,53,55,56,58,59,61,62,67,69,275,74,76,77,79,80,81,82,83,84,270,86,87,91,92,94,98,99,100,101,106,107,109,110,266,114,258,116,120,121,122,123,124,125,126,127,130,282,132,133,260,135,279,140,141,143,144,145,146,147,148,150,151,153,155,156,157,158,159,161,162,163,164,167,168,170,171,175,176,177,179,181,182,186,187,188,190,191,192,193,196,197,198,202,205,288,208,209,210,291,212,213,214,278,217,218,219,221,293,224,225,226,227,231,234,238,239,240,241,243,245,247,248,250,251,252,253,254
50,256,258,269,272,271,277,278,287,257,51,52,53,57,58,266,65,69,70,73,77,79,80,82,84,86,90,91,93,95,97,98,101,102,103,105,106,110,114,116,117,268,119,120,121,122,123,125,127,128,129,130,131,132,133,136,137,138,139,141,142,143,282,280,147,150,151,152,153,154,157,158,159,295,162,163,164,165,166,167,168,284,170,171,173,177,178,180,181,187,189,296,279,193,262,195,197,199,201,203,204,290,207,208,210,213,214,215,216,292,218,219,221,222,223,226,229,232,233,235,236,237,238,239,241,242,243,289,245,246,264,248,250,251,281,254
51,260,263,265,266,270,259,294,283,282,284,285,288,291,292,293,53,54,56,58,60,61,63,64,67,68,71,72,73,74,76,77,78,79,80,81,86,88,89,90,271,92,94,95,296,99,100,103,106,109,110,112,114,115,117,290,120,122,123,124,126,127,130,131,137,138,139,141,142,143,144,280,146,147,148,149,150,151,153,156,157,160,162,163,165,168,169,170,173,175,287,178,181,182,184,185,187,188,189,191,192,193,194,195,196,279,199,200,204,205,206,208,209,210,214,215,217,219,220,221,224,226,269,232,295,236,237,241,242,245,246,264,248,252,253,254,255
52,257,270,273,265,280,286,291,292,262,264,55,283,57,60,62,63,67,68,69,70,72,268,76,78,79,80,82,83,84,284,267,92,93,94,95,96,101,102,103,259,275,106,107,109,111,293,113,115,116,117,118,121,122,123,125,277,128,129,130,134,135,138,139,140,141,142,144,145,148,149,150,281,153,154,155,282,158,159,160,161,162,163,164,165,166,169,170,173,174,285,177,179,181,183,184,186,187,189,190,191,192,279,194,196,199,200,201,203,204,206,209,210,215,217,218,219,220,221,222,223,224,225,226,227,228,229,230,231,232,239,241,242,246,247,260,250,253
53,263,265,267,270,273,280,282,286,290,291,262,261,55,283,58,59,62,64,65,66,67,69,70,71,72,73,258,75,76,79,82,84,86,87,89,95,98,100,101,102,103,105,106,108,274,110,111,112,113,114,115,116,118,119,120,122,123,124,125,127,128,132,133,134,136,138,279,141,143,145,146,148,149,150,281,152,153,156,158,160,163,164,165,167,168,170,171,173,174,175,176,179,180,186,287,296,194,195,197,199,200,201,203,204,205,206,210,212,213,214,215,217,220,221,222,293,225,226,228,229,231,232,277,235,289,241,244,245,246,247,249,251,253,255
54,56,57,59,60,61,65,67,69,70,71,72,75,79,81,83,85,86,87,88,89,90,91,92,93,95,96,99,102,103,104,106,108,110,111,112,113,114,115,116,118,119,120,121,123,125,127,129,130,132,134,137,141,143,144,145,146,149,152,155,156,158,159,160,163,165,169,170,172,173,183,184,185,187,188,189,190,191,192,193,195,196,197,198,200,201,203,204,206,207,209,210,211,212,213,215,216,217,219,221,222,223,224,225,227,228,229,231,232,233,234,235,236,238,239,240,242,243,244,246,247,248,249,250,251,252,253,255,258,260,262,263,264,266,267,268,269,270,273,274,275,276,280,281,282,283,284,285,290,291,292,293,295,296
55,259,262,257,264,272,280,261,288,290,292,273,265,57,58,59,266,62,64,267,70,71,74,75,78,269,80,82,83,84,85,88,89,90,91,92,95,96,97,100,101,102,103,104,106,110,111,116,117,118,120,122,263,128,132,133,134,138,139,140,141,142,144,147,148,149,150,281,153,155,157,158,159,160,161,162,163,168,284,171,172,173,174,285,176,177,179,181,183,184,186,187,296,189,191,192,279,194,199,201,202,203,205,206,207,209,291,212,213,214,216,217,219,220,221,223,224,225,226,229,230,231,232,234,237,238,241,256,246,248,249,250,251,253,254,255
56,256,266,258,270,271,273,275,277,283,287,290,291,296,263,57,58,59,61,63,66,67,68,70,72,74,75,76,77,78,79,80,82,84,85,86,88,89,92,93,94,96,98,293,102,103,104,105,106,107,109,110,111,112,114,115,116,118,121,122,123,124,125,126,128,129,130,131,132,133,134,137,139,140,141,145,269,150,151,152,154,157,158,278,163,165,166,170,172,173,174,285,176,177,179,286,184,188,189,192,194,195,196,197,199,201,202,204,205,206,207,208,211,213,216,292,218,280,223,224,225,226,228,231,235,236,289,239,240,241,242,243,245,247,252,254,276
57,256,259,270,273,275,276,260,282,284,288,292,262,263,58,60,61,63,64,66,267,68,69,73,74,75,76,81,82,83,84,86,87,88,89,91,92,93,94,95,97,98,100,103,104,107,108,109,110,111,112,113,114,116,119,120,122,124,125,126,127,129,130,132,278,134,137,139,140,141,143,145,149,150,151,153,154,156,157,159,162,164,166,173,175,176,177,179,180,181,182,184,186,187,296,190,191,192,279,197,198,199,291,211,213,217,220,221,226,228,229,233,277,238,239,241,243,244,245,246,247,249,252,255
58,257,259,260,267,268,269,270,281,286,261,291,274,61,64,66,68,72,77,79,80,81,82,83,272,88,89,92,93,95,97,98,99,101,103,104,106,107,109,113,114,285,117,118,119,120,276,122,123,124,277,129,130,132,133,134,135,136,138,139,140,141,144,146,148,150,152,153,154,155,156,157,158,161,283,165,166,167,168,169,170,171,172,173,175,178,179,180,181,182,184,186,287,189,190,296,193,194,196,197,199,202,203,204,205,206,208,213,214,215,217,220,221,223,224,225,226,227,229,230,295,237,238,239,241,246,247,262,250,273,253
59,256,267,269,270,278,279,288,291,293,295,266,265,63,64,65,67,71,73,75,287,77,78,80,84,89,90,91,92,93,95,96,99,105,106,108,109,111,112,113,114,115,116,118,290,121,123,124,283,277,128,282,133,134,135,136,137,138,141,143,144,145,150,152,153,156,157,159,160,161,162,163,165,166,170,171,172,285,176,177,178,179,181,182,184,186,187,188,189,296,192,193,194,195,197,198,200,202,203,205,206,208,212,213,214,215,217,219,257,223,224,225,228,230,234,235,236,237,238,239,240,241,242,244,245,247,248,250,252,253,255
60,256,262,263,258,271,274,278,281,283,286,291,259,273,265,266,62,63,64,65,66,67,68,69,73,74,77,78,79,80,81,270,86,87,88,90,91,93,94,95,96,97,98,101,103,104,105,108,109,112,116,268,276,122,123,125,126,127,129,130,132,134,135,136,137,139,140,146,149,153,158,159,161,163,164,167,284,171,285,287,181,182,184,186,187,188,189,190,191,192,288,196,197,199,200,201,204,290,207,208,209,210,211,213,214,215,216,292,218,219,221,222,223,227,228,229,234,295,237,239,242,244,245,248,254,255
61,260,266,288,269,281,261,292,293,295,291,276,62,65,267,69,70,73,75,76,77,79,81,82,83,84,85,86,88,90,91,95,96,100,102,273,105,285,274,112,113,114,116,118,120,121,123,124,125,277,130,131,132,133,137,139,140,142,144,280,146,149,150,151,152,154,155,156,157,158,159,162,164,165,166,169,170,171,173,174,271,287,178,179,182,183,185,186,187,189,190,193,194,195,197,199,200,201,203,206,207,208,210,211,264,213,214,215,216,219,220,225,227,228,294,233,234,235,236,237,239,243,289,245,247,250,251,252,253,254,255
62,256,266,269,272,280,285,295,263,288,63,64,65,66,67,70,71,72,74,75,77,78,79,81,82,84,85,86,88,91,92,95,96,97,98,286,101,102,104,105,106,109,110,111,112,113,117,118,122,124,126,127,128,129,132,135,136,137,138,279,140,143,144,145,146,147,148,259,151,152,153,154,156,157,159,160,161,163,164,165,166,167,168,172,173,174,175,177,270,180,181,184,185,187,188,189,296,192,193,195,197,198,199,200,203,206,207,209,211,212,214,215,219,220,221,223,225,226,227,230,231,232,233,234,235,237,238,239,241,242,243,245,248,293,255
63,266,269,274,294,285,286,290,263,264,288,65,69,72,268,74,75,78,80,82,83,270,280,88,89,90,91,95,96,98,100,101,273,105,106,111,113,114,115,118,119,120,276,283,127,130,131,132,134,135,136,137,138,140,282,145,146,147,148,149,150,151,152,153,154,155,156,157,158,160,161,163,261,165,166,168,284,170,171,174,175,177,180,181,182,183,184,186,187,188,190,191,193,194,196,289,200,202,203,205,206,207,209,211,212,213,214,292,219,221,222,223,229,230,231,233,234,295,236,296,242,243,246,248,249,251,281
64,257,264,267,256,277,261,291,292,295,67,68,69,70,258,75,77,78,79,80,81,83,85,86,87,91,92,93,94,97,99,103,259,108,110,111,112,114,275,116,117,119,276,122,123,124,125,126,127,129,130,131,132,260,135,136,139,140,141,142,144,280,148,149,150,151,152,153,154,155,156,157,159,161,163,164,165,166,272,168,170,172,174,177,270,180,181,182,185,186,187,190,296,192,279,265,198,199,201,204,205,206,208,209,210,213,215,216,218,221,224,226,228,269,263,231,233,234,236,238,239,241,242,243,244,248,251,281,254
65,256,259,273,258,271,276,281,274,257,261,265,290,66,267,69,70,292,77,78,79,81,82,84,284,88,89,90,91,93,95,272,99,103,104,106,108,109,110,111,113,114,118,122,125,126,127,129,294,132,278,134,136,137,139,140,141,142,143,145,147,269,149,151,152,153,154,155,156,157,158,159,161,162,164,166,169,173,174,285,287,286,182,183,186,187,295,191,192,193,262,196,197,200,205,206,288,208,210,291,212,215,216,217,219,220,222,223,225,226,227,229,232,234,235,236,238,239,240,243,246,247,248,249,250,251,253
66,67,68,69,73,75,79,80,84,85,87,88,89,90,92,93,94,98,99,105,106,108,109,110,112,113,115,116,118,119,120,121,122,123,124,126,127,128,130,131,133,134,135,136,137,139,140,141,143,148,149,151,152,153,156,157,158,159,160,161,162,164,165,167,169,170,171,172,173,177,178,179,180,183,184,185,187,188,189,190,191,192,193,194,198,200,201,202,203,204,205,212,217,218,219,220,221,222,223,225,226,228,231,232,233,234,237,238,239,240,241,243,244,247,249,251,252,253,255,256,260,262,263,264,266,268,269,270,271,274,275,281,282,284,288,291,293,294,295,296
67,256,257,269,271,276,277,290,293,294,273,69,70,292,72,75,77,78,79,80,81,82,84,85,87,285,91,94,95,97,103,105,106,274,110,111,113,115,116,117,119,122,123,126,128,130,131,135,136,138,139,140,143,144,145,286,147,149,151,152,154,155,261,157,158,295,283,164,165,167,173,174,175,176,177,280,181,182,183,185,187,188,191,192,193,194,195,198,199,201,202,204,205,206,288,208,210,212,214,216,217,218,219,220,221,222,223,224,226,227,230,232,235,236,237,238,240,296,242,244,246,247,248,249,252,254
68,70,74,75,76,77,78,80,82,83,85,88,89,91,92,96,98,100,102,103,107,108,111,112,114,115,116,119,122,123,124,128,131,132,134,138,139,140,141,142,143,145,146,147,148,150,152,155,156,158,159,161,162,163,165,166,168,170,171,172,174,175,177,180,181,183,184,186,187,188,190,191,192,194,195,196,197,200,201,203,205,206,207,209,210,211,212,214,215,216,217,218,219,220,221,222,228,229,230,231,232,233,234,235,236,237,238,239,240,242,243,244,245,246,249,252,253,254,258,259,260,265,267,268,269,270,272,273,276,281,282,283,286,287,288,289,292,293,296
69,70,71,75,79,82,83,84,85,86,87,88,89,90,92,93,95,96,98,100,101,102,104,105,106,107,108,109,110,111,113,114,116,118,120,121,122,124,127,129,132,133,134,135,136,138,139,141,145,146,147,149,150,151,153,155,159,161,165,167,169,170,172,175,179,181,183,184,187,190,191,192,194,197,198,200,202,203,205,206,211,212,213,214,217,220,228,230,231,232,233,234,235,236,239,241,245,246,249,250,252,253,254,256,257,259,260,261,263,265,267,269,270,271,272,277,282,283,284,285,287,288,289,290,292,295
70,259,260,257,268,274,275,277,279,281,283,284,289,262,294,295,296,261,258,77,78,269,81,83,85,86,267,89,90,91,92,93,95,97,99,101,102,273,104,105,108,113,116,117,119,122,125,126,127,128,129,130,132,133,136,139,140,141,142,143,144,145,146,150,155,156,158,163,164,166,167,168,173,174,271,176,178,179,286,182,187,190,191,192,288,196,197,202,203,204,207,208,209,211,212,214,217,219,220,221,222,293,263,226,227,229,231,232,234,236,237,238,241,242,243,244,247,248,249,250,251,252,255
71,257,259,261,267,268,258,270,276,282,283,288,290,293,294,295,296,291,266,72,73,75,78,81,82,83,87,88,89,90,91,92,94,95,96,98,101,104,275,107,109,110,112,114,115,116,117,119,120,121,124,127,129,130,131,278,260,135,136,137,140,142,143,144,145,147,148,150,156,157,158,160,163,168,170,171,172,174,285,179,183,184,186,188,190,191,195,196,197,198,204,205,207,208,209,211,212,213,216,217,219,263,229,230,231,235,236,239,241,244,246,247,248,249,251,252,255
72,74,75,76,77,82,83,84,85,86,87,88,89,91,96,98,99,100,101,102,104,105,106,107,109,110,111,113,114,116,118,119,120,121,123,125,126,127,128,131,132,133,134,135,137,140,141,148,150,152,154,156,157,158,159,161,163,165,166,167,169,170,171,172,173,174,177,178,179,181,182,183,185,189,191,193,195,196,199,200,201,202,204,205,207,209,211,215,219,220,222,223,224,225,227,230,231,233,235,236,238,239,240,241,242,243,244,245,247,248,250,251,252,253,255,256,258,261,263,264,268,271,274,276,279,283,284,285,286,289,291,294,295,296
73,263,264,267,268,278,279,285,290,292,294,281,265,266,74,75,76,78,79,81,82,83,85,87,88,89,91,95,272,98,99,293,273,107,108,110,112,113,114,115,117,119,121,270,127,128,129,130,133,134,137,138,140,141,142,151,152,154,155,156,157,159,162,163,261,166,167,284,170,172,174,176,178,179,180,181,182,183,184,185,186,287,191,192,260,195,196,198,199,201,202,205,210,291,212,213,214,215,217,219,223,224,227,228,229,230,232,237,238,242,243,246,250,252
74,78,80,82,84,85,86,87,88,89,95,97,98,99,100,101,103,104,105,106,110,112,113,114,115,116,117,118,120,122,124,125,126,127,128,129,131,136,137,138,139,142,145,147,149,150,155,156,159,160,162,163,165,167,168,170,172,173,175,176,178,180,181,184,187,188,189,190,191,194,195,197,199,200,201,203,204,206,207,208,209,210,211,213,214,220,221,223,225,226,227,230,231,232,233,235,236,237,238,239,241,245,248,249,250,252,254,256,257,259,261,262,264,265,266,267,268,269,270,271,272,273,276,278,281,282,284,285,286,287,290,292,293,294,295,296
75,260,264,261,267,269,256,280,282,290,262,295,266,76,77,79,82,83,270,87,88,89,90,91,94,95,97,99,100,103,104,105,107,108,109,110,111,113,268,119,120,125,126,277,128,130,294,132,133,138,279,141,142,143,144,145,146,148,149,151,152,155,157,158,159,160,161,162,164,165,167,169,170,172,173,174,181,183,287,188,189,190,192,288,265,197,201,204,205,206,207,208,211,212,213,214,216,292,218,219,257,222,223,225,226,227,229,233,234,236,237,296,242,278,286,246,248,249,250,251,253,254
76,256,260,267,268,271,272,274,277,282,283,262,289,265,292,258,77,78,269,80,81,83,84,87,88,89,91,92,95,96,98,100,101,273,259,105,106,107,293,113,114,115,119,120,121,123,125,126,127,131,278,137,138,142,143,146,147,148,281,152,153,154,156,158,160,161,162,163,261,165,170,174,175,177,180,182,183,184,185,187,189,191,192,194,199,200,201,202,203,204,290,206,207,208,209,291,212,216,217,218,219,223,225,227,229,230,231,233,295,237,240,245,246,248,249,250,251,252,253,254
77,78,79,80,81,82,84,85,87,88,89,90,93,95,98,99,100,101,102,105,106,109,110,112,113,114,115,118,119,122,123,124,128,130,131,133,134,137,139,140,141,142,143,146,147,148,149,150,151,154,156,158,160,161,163,165,166,167,168,170,172,173,174,175,176,177,180,184,186,190,191,193,194,198,199,200,201,203,206,208,210,212,214,215,216,218,220,221,222,223,224,227,228,229,231,232,234,235,236,242,244,247,249,250,251,252,253,254,255,256,260,261,262,263,265,266,267,270,272,274,276,278,279,283,286,287,288,290,292,293,296
78,80,86,89,90,91,92,96,98,100,101,102,103,104,105,110,113,115,116,124,125,126,127,128,129,132,133,134,135,136,138,140,142,143,146,147,150,151,152,154,155,156,157,158,162,164,165,166,167,168,169,170,172,173,174,175,176,177,179,180,181,183,185,188,189,190,191,193,196,204,208,209,211,212,213,214,218,219,222,223,225,226,227,228,229,230,231,232,235,236,237,238,239,240,242,243,245,246,248,250,252,255,256,258,259,260,261,262,265,266,267,270,271,272,273,274,275,276,277,278,280,282,283,287,288,289,290,291,292,293,294,295,296
79,256,260,261,266,268,259,278,281,285,286,291,282,257,265,269,80,81,82,290,85,284,89,90,271,92,93,94,95,98,100,105,106,107,109,111,112,275,116,117,119,120,122,123,124,125,126,277,128,129,131,135,136,137,138,141,143,144,145,146,148,149,151,154,155,157,158,162,163,165,167,168,169,170,172,174,175,177,270,179,180,181,182,183,185,264,187,296,191,192,288,194,197,199,201,262,204,205,206,208,209,210,212,213,214,219,221,293,225,231,233,234,295,240,241,243,244,247,249,250,251,252,253,254,255
80,257,258,259,266,271,273,277,260,290,291,292,293,261,275,81,82,83,84,85,90,91,93,94,95,97,100,101,102,104,105,106,107,109,110,112,113,114,115,116,118,120,121,122,124,126,129,294,133,134,135,137,138,279,140,145,146,147,150,281,155,157,159,162,283,164,165,166,167,284,171,172,174,285,177,270,286,183,186,188,189,190,192,288,194,195,196,198,199,201,202,203,204,205,211,216,218,220,280,263,226,227,228,229,230,231,234,235,289,239,240,242,244,245,246,264,248,249,252,253,254,276
81,82,83,85,87,90,92,96,98,99,100,101,103,104,105,106,107,108,110,111,112,114,122,124,125,127,128,129,131,132,133,135,136,137,138,139,144,145,146,148,152,154,155,156,157,158,160,163,165,168,169,170,172,173,174,176,177,178,179,180,183,184,186,188,191,192,193,194,195,196,197,199,202,204,205,206,210,211,214,215,217,219,220,221,224,225,226,227,229,231,232,233,234,237,238,241,244,245,247,250,252,254,255,256,257,258,259,261,262,265,267,269,271,274,275,276,277,278,279,280,281,282,283,285,287,290,291,292,293,294,296
82,83,85,87,89,91,92,93,94,97,98,99,101,102,106,107,109,111,113,114,116,117,125,126,127,128,129,132,133,134,135,140,141,142,144,145,147,149,150,151,153,155,157,158,159,160,161,163,165,166,167,168,171,172,173,174,175,178,179,183,184,185,187,188,189,192,193,194,196,198,200,202,204,206,210,211,213,214,216,218,219,221,223,224,225,226,227,228,229,230,231,233,236,237,238,240,241,242,243,244,245,246,247,254,256,258,261,265,268,269,270,272,273,274,277,279,280,284,286,289,290,291,292,294,295
83,87,90,91,92,93,94,97,98,100,101,102,103,104,107,109,110,112,114,115,116,119,120,122,123,124,125,126,130,131,134,136,139,140,141,142,144,146,147,148,149,150,154,156,157,158,162,164,165,166,168,169,170,172,174,176,177,178,179,180,182,186,188,191,192,193,195,196,197,198,200,204,205,209,210,211,213,214,216,217,218,219,220,221,223,224,225,226,227,229,230,231,233,234,235,237,238,239,240,241,245,246,248,250,252,253,254,255,256,260,262,263,264,265,267,268,269,270,271,273,274,275,276,277,278,280,282,284,285,286,289,290,291,292,293,294
84,259,261,262,269,271,277,280,283,265,287,288,291,296,268,85,284,87,88,90,91,279,93,94,95,98,99,101,103,104,105,109,110,111,293,113,118,119,276,122,127,130,131,132,134,135,137,138,139,140,141,143,145,286,149,281,155,156,158,161,162,163,164,165,166,167,169,171,172,173,180,181,184,264,187,188,191,192,193,194,197,198,199,200,201,202,206,207,210,211,212,213,214,215,216,217,219,220,221,222,223,225,226,227,228,231,232,233,236,239,240,241,243,247,249,250,273,252,253,254,255
85,256,259,261,264,271,285,287,290,292,273,86,88,89,90,91,95,97,98,99,100,101,102,103,106,107,108,111,293,113,114,115,116,117,268,119,120,123,124,125,127,129,130,134,135,136,137,138,139,140,141,143,144,145,146,269,150,151,153,155,260,160,161,163,165,167,168,169,170,171,172,174,175,179,180,267,186,187,189,193,265,195,196,197,199,200,201,202,203,205,288,208,210,211,212,213,215,216,218,220,222,223,225,226,227,228,231,232,233,234,235,236,238,239,240,296,242,245,246,249,250,251,281,253
86,87,91,92,93,96,97,98,99,103,104,105,107,109,110,114,115,117,118,119,120,121,122,125,126,127,128,130,132,137,138,140,141,142,143,144,145,147,150,151,152,155,158,161,163,164,165,166,167,168,169,170,171,174,175,176,177,180,181,182,184,186,189,191,193,195,196,197,198,200,201,202,204,205,207,208,210,214,216,217,218,222,224,225,226,229,231,232,233,234,237,238,239,241,242,244,245,247,248,249,251,252,253,254,255,256,257,258,259,263,264,266,268,269,270,271,273,276,278,279,280,282,285,286,287,289,291,292,295
87,89,90,91,92,93,101,103,104,105,106,108,109,111,113,116,117,119,120,123,124,125,130,132,133,137,140,141,143,146,147,148,149,150,153,154,155,157,158,159,162,163,165,166,169,170,171,172,174,175,176,177,178,179,180,181,183,185,189,190,191,192,193,194,195,197,198,200,201,204,205,207,208,209,210,211,212,213,214,218,219,220,221,222,223,225,226,228,229,231,234,235,236,237,238,239,240,241,243,245,247,248,251,252,253,254,255,257,258,259,260,261,262,263,264,266,267,268,274,275,277,279,280,281,282,284,285,286,288,289,291,292,293,294,295,296
88,89,90,92,93,94,95,98,100,102,103,104,109,110,111,112,113,117,118,119,120,125,127,129,132,134,135,136,137,139,141,143,148,150,151,156,157,159,160,161,163,164,165,166,170,172,173,174,176,178,179,181,182,184,187,188,189,191,195,196,197,200,201,202,203,204,205,206,207,211,214,215,216,217,219,221,222,225,228,229,230,232,233,234,235,236,237,238,240,243,245,246,247,248,249,250,254,255,256,260,261,262,263,264,266,268,269,272,274,276,277,278,279,280,285,287,292,295,296
89,93,95,97,98,100,101,105,107,108,109,110,111,112,113,114,116,123,124,125,126,127,128,129,130,131,134,138,139,140,143,145,147,149,150,151,152,153,154,155,156,157,160,162,164,166,169,171,175,176,177,178,182,184,185,189,190,191,192,193,195,197,199,200,202,204,205,206,207,208,209,211,212,215,216,219,222,225,226,227,229,230,232,235,238,239,240,241,242,244,245,246,248,249,252,256,260,261,262,263,264,266,269,270,271,276,278,279,283,286,288,289,291,292,294,296
90,260,257,265,267,268,271,279,295,262,286,258,92,93,95,96,263,98,269,100,103,105,108,109,110,111,112,113,119,121,122,123,124,126,127,128,129,131,132,134,135,137,139,140,144,146,147,148,149,151,152,153,154,155,156,157,158,160,161,283,164,165,170,171,172,173,174,175,177,178,181,183,184,185,186,287,189,190,191,194,198,199,200,202,203,204,290,206,208,282,211,212,214,215,216,217,218,219,220,224,225,228,229,233,237,272,239,240,296,242,243,244,245,246,248,251,281
91,256,257,270,273,260,282,283,285,286,287,288,262,274,263,266,258,92,93,94,96,99,102,103,104,106,109,111,112,113,114,115,117,120,121,122,124,125,128,129,130,278,135,139,140,141,142,145,146,147,148,151,154,156,157,159,295,163,164,165,166,167,168,169,170,171,284,176,179,280,183,184,186,188,296,192,199,200,201,202,204,206,209,210,211,214,217,220,222,224,229,230,235,236,237,240,241,243,244,245,246,264,249,250,253,254,255
92,260,261,265,267,276,277,279,290,287,292,294,257,266,275,258,93,95,96,97,100,293,102,105,106,108,109,110,113,114,115,116,117,119,120,122,123,125,126,127,128,130,132,133,134,138,139,140,141,143,145,147,269,150,151,153,154,155,156,157,158,159,160,161,162,163,166,167,172,173,174,176,177,178,180,182,184,186,187,188,189,190,192,193,194,196,198,199,201,203,204,205,209,210,291,212,214,215,278,219,221,280,223,224,225,227,230,231,235,238,245,248,250,251,252,253,254,255
93,95,97,99,100,101,104,107,108,109,110,111,113,114,115,116,118,121,125,127,129,130,132,133,134,135,138,139,141,142,143,144,145,147,148,149,150,153,155,156,157,158,159,160,161,162,163,164,165,168,169,170,171,173,174,175,176,177,178,180,182,183,185,186,187,188,190,191,192,194,197,199,201,203,209,210,214,215,217,218,220,223,224,227,230,232,233,234,236,238,242,244,245,247,253,254,256,258,259,260,262,263,264,268,269,272,274,277,279,281,282,283,284,286,292,293,295,296
94,256,264,259,258,284,287,292,280,95,96,97,99,100,102,104,109,110,111,113,114,116,117,120,121,122,277,128,131,132,133,135,136,137,139,142,143,144,145,149,150,151,152,153,156,158,159,160,162,164,165,166,167,169,170,171,173,174,175,179,286,182,184,187,190,192,193,194,289,200,201,202,203,205,291,288,271,210,211,213,214,281,217,218,219,220,222,293,224,225,226,227,229,263,234,236,276,238,239,240,296,248,250,251,252,253,255
95,96,97,98,99,102,103,105,109,112,116,117,119,120,121,123,124,125,127,128,129,130,133,135,137,139,140,141,143,144,146,148,150,152,153,154,155,156,159,160,162,163,167,168,170,172,174,177,178,182,183,188,189,190,191,192,194,197,198,199,200,201,202,207,208,211,212,214,215,217,218,219,220,224,226,227,228,229,230,231,232,235,236,238,242,244,245,246,247,249,251,252,253,254,255,256,257,258,259,260,262,265,268,269,270,271,277,279,281,283,284,286,287,288,289,291,293,294,295,296
96,98,99,101,102,103,107,108,109,110,111,113,115,118,121,122,125,126,127,128,129,131,132,133,135,136,137,138,139,143,145,146,149,151,155,158,159,162,163,164,165,167,168,169,170,171,172,173,174,176,177,178,180,181,182,183,187,188,189,190,191,192,193,194,195,196,197,198,199,203,204,205,207,212,214,216,217,218,219,221,223,224,225,228,231,233,235,237,238,240,241,242,247,248,249,250,253,254,258,260,261,263,264,265,266,267,268,270,271,273,274,279,280,282,283,284,286,287,288,289,291,292,295
97,257,270,275,278,260,286,289,291,293,296,264,266,268,269,271,263,98,99,103,108,274,110,111,112,113,114,115,116,117,119,120,121,123,125,126,127,132,133,134,136,137,265,143,144,145,146,147,148,149,151,153,154,155,159,161,162,164,166,167,168,284,170,171,172,173,174,285,287,177,182,183,184,185,187,188,189,190,192,288,195,196,197,198,199,200,290,206,207,208,210,211,212,213,216,217,222,224,226,228,230,232,233,234,295,236,281,272,240,242,243,245,246,248,250,251,252,253
98,260,264,258,270,271,275,276,278,282,261,290,291,292,274,265,266,100,293,102,103,104,105,107,108,109,113,115,285,118,120,121,124,125,129,132,135,136,138,142,145,146,269,151,154,155,156,158,162,283,164,166,167,169,171,172,175,178,179,182,184,185,188,192,193,197,201,202,203,204,206,288,209,211,212,213,214,216,219,221,222,223,225,227,228,231,232,234,236,237,272,241,243,244,245,247,248,249,251,253,255
99,265,266,271,278,292,288,283,273,269,280,100,101,102,103,105,110,111,114,275,116,117,118,119,121,124,126,277,130,132,133,134,137,139,140,142,143,144,145,146,147,148,149,150,155,157,158,159,162,163,165,272,168,169,173,284,176,177,178,179,182,183,184,185,186,287,188,189,190,191,192,193,196,197,198,202,206,207,208,209,210,211,212,213,217,218,219,220,222,223,224,225,227,233,235,237,238,239,240,242,243,244,245,247,248,249,293,251,253
100,260,257,258,270,271,276,277,278,285,289,290,262,294,288,266,267,275,292,101,102,259,105,106,109,110,111,115,116,117,118,119,120,122,123,125,127,131,133,136,137,139,144,145,147,148,149,150,151,152,153,154,155,282,158,159,160,161,164,166,167,171,174,176,177,178,180,181,182,186,190,191,279,193,194,195,197,198,199,200,201,204,205,206,207,209,212,213,215,217,219,221,222,293,224,226,228,229,230,231,232,295,236,237,238,239,296,244,247,248,249,250,251,252,253
101,104,105,106,108,111,112,114,118,119,122,123,125,126,127,128,129,132,133,137,138,140,141,142,143,144,145,146,147,149,150,153,154,157,158,160,161,163,165,166,169,171,172,173,175,176,177,178,179,181,182,183,184,185,186,187,190,193,194,195,196,197,198,199,200,201,202,203,205,208,210,211,213,215,216,218,219,223,225,229,231,232,234,237,239,243,245,249,253,254,256,257,259,260,261,262,263,264,268,270,272,274,275,277,278,279,282,284,285,286,287,288,289,290,291,292,293,294,296
102,258,261,267,273,277,281,282,283,265,296,291,264,268,293,106,109,110,111,112,114,115,117,119,270,124,130,135,136,137,138,139,141,142,143,145,146,148,149,150,151,154,156,157,159,160,162,164,165,166,167,168,284,170,171,172,285,176,177,178,179,180,181,183,184,185,186,287,188,189,190,191,192,193,194,198,289,200,202,203,204,205,206,207,209,210,211,292,219,221,222,223,263,228,231,288,233,234,236,237,238,239,243,246,247,248,250,251,252,253,254,255
103,257,259,266,267,258,272,271,274,278,260,282,265,286,292,264,268,293,104,105,106,107,108,110,111,112,113,275,116,117,119,120,122,123,125,126,127,128,129,294,132,133,134,135,136,137,279,141,142,145,147,148,149,150,281,152,153,155,157,159,161,162,165,169,170,171,172,173,176,177,179,180,184,186,189,192,262,195,196,198,199,201,203,204,205,206,208,209,211,212,213,215,289,218,219,223,224,226,228,229,263,231,234,237,238,239,240,241,242,245,248,250,251,252
104,260,261,265,266,256,272,274,285,286,287,291,293,268,269,275,107,108,109,110,115,117,118,120,123,124,125,127,128,129,131,132,133,135,136,137,139,140,141,143,145,148,150,151,152,153,158,159,161,163,165,170,171,172,173,174,176,177,178,179,181,182,183,184,186,188,189,190,191,194,196,197,198,199,200,203,205,206,207,208,211,212,292,221,222,223,263,225,226,227,228,294,230,232,234,235,281,238,239,240,241,242,244,245,247,248,251,252,253,255
105,256,257,268,273,274,294,286,288,290,291,287,270,267,271,275,106,109,110,111,113,115,117,119,124,125,127,131,132,260,135,138,139,140,141,142,143,144,280,147,149,150,151,152,153,154,157,158,160,161,289,163,166,167,168,169,171,172,173,174,284,176,179,180,181,182,187,188,190,296,192,195,197,198,199,200,201,206,207,208,282,210,211,214,215,216,218,220,222,263,225,226,227,228,229,230,231,277,235,236,237,238,241,242,244,245,248,249,253
106,256,258,260,261,264,268,272,271,278,289,266,267,107,109,110,112,113,114,275,117,118,119,120,121,122,123,124,290,128,132,133,136,140,141,142,143,144,146,149,150,152,153,155,156,282,158,159,160,162,163,164,165,166,168,284,171,172,173,175,176,178,179,180,182,185,187,296,190,191,192,265,196,197,198,199,200,203,204,205,207,208,209,211,215,217,218,219,222,224,225,230,232,233,295,237,238,239,241,243,245,249,252,255
107,264,290,258,272,277,281,294,273,266,262,293,275,110,114,115,117,118,283,122,123,124,126,127,128,129,131,132,133,134,135,136,137,138,139,140,141,143,144,145,286,147,148,149,150,151,152,154,155,158,159,161,163,166,169,170,171,172,173,285,176,270,179,180,181,183,185,186,187,189,190,295,192,279,194,195,197,198,199,202,203,204,205,207,210,212,213,215,217,218,220,280,223,224,225,226,228,229,230,231,232,234,235,289,240,241,244,246,247,248,249,250
108,266,271,276,279,260,282,283,278,289,294,264,265,256,275,287,109,110,111,113,115,116,117,118,122,123,128,129,131,133,134,136,137,139,140,141,142,147,148,150,152,153,158,160,161,162,163,164,165,167,168,284,170,171,172,173,174,285,176,270,179,180,286,182,183,184,186,187,295,190,191,192,194,195,197,200,202,203,290,208,209,210,274,212,213,216,219,221,222,225,226,227,228,229,231,232,234,235,237,238,240,241,243,244,246,251,253,254,255
109,256,258,267,268,269,274,280,282,261,291,262,296,259,265,266,270,110,114,118,119,276,122,124,125,283,127,130,132,278,134,135,137,279,140,143,144,145,146,148,149,150,151,159,161,163,164,169,170,172,173,175,177,178,179,180,181,182,183,186,287,295,189,191,192,193,195,289,202,204,207,211,264,213,214,217,218,219,220,221,222,293,224,225,227,228,232,234,235,236,238,239,242,243,292,247,249,250,252,253,254,255
110,258,261,264,267,269,259,277,281,287,292,295,293,115,116,268,276,122,123,124,125,126,127,129,130,131,134,136,138,139,142,143,144,280,147,148,150,151,153,156,282,158,159,161,165,168,284,170,171,172,174,175,177,178,180,186,187,188,189,191,192,193,194,195,198,289,200,201,202,204,206,207,209,210,291,212,213,216,217,257,279,263,225,226,229,233,235,236,237,238,240,242,243,248,251,252,253,255
111,260,261,262,263,264,268,272,273,259,283,288,291,292,266,258,284,293,113,114,275,116,118,120,121,269,125,126,127,128,294,132,278,134,137,138,139,140,143,145,146,147,148,151,153,155,159,160,162,163,167,169,172,175,176,177,181,184,187,188,189,193,195,196,276,199,200,202,203,204,206,209,214,216,218,220,221,223,225,226,227,228,229,230,233,234,237,238,239,241,243,244,247,250,251,252,253,254,255
112,113,114,118,120,121,122,123,124,126,127,129,131,134,136,139,140,141,142,143,144,150,152,153,154,156,158,160,163,168,169,170,171,172,173,175,176,177,178,180,181,183,186,189,190,191,193,194,195,198,199,200,201,203,208,209,212,213,214,216,217,218,219,221,222,224,225,226,230,233,234,235,237,238,241,244,245,247,248,251,252,253,255,256,258,259,261,264,265,266,272,273,274,276,278,279,280,281,283,285,286,289,290,291,293,294,296
113,114,115,118,119,120,121,123,124,126,127,130,131,132,134,136,137,139,140,141,142,143,145,146,147,148,151,153,154,155,156,157,159,160,161,162,163,164,165,166,167,168,170,171,172,180,181,182,184,186,192,193,194,196,199,200,202,203,204,205,212,214,217,218,219,221,223,224,225,226,227,228,229,232,234,235,237,238,241,243,244,247,248,249,250,251,253,254,255,256,258,261,263,265,266,267,268,271,273,275,276,278,279,282,285,286,287,290,291,292,294,296
114,256,257,260,265,271,272,273,274,259,278,281,261,289,292,262,291,275,115,117,121,122,123,125,126,130,131,132,134,135,136,137,138,143,144,146,148,149,151,153,155,157,159,283,165,169,171,172,173,174,287,179,180,181,182,183,184,185,186,187,189,190,192,193,195,198,199,200,201,203,206,207,282,211,212,213,215,218,221,223,224,226,227,228,231,233,236,240,242,245,293,248,249,250,254,255
115,262,256,271,274,277,282,284,285,288,291,294,296,263,266,117,118,123,125,283,127,128,129,131,132,133,134,135,137,140,141,145,147,148,149,281,153,154,155,156,157,159,162,163,261,165,167,168,169,170,171,175,176,177,178,180,181,182,183,184,287,188,189,191,192,195,196,197,198,199,202,203,204,290,206,207,208,210,211,213,214,219,257,293,224,225,226,227,228,230,231,233,236,237,238,240,242,243,247,248,249,254,255
116,256,259,261,272,275,280,265,287,289,291,296,263,257,267,271,270,285,120,121,269,123,283,127,130,294,132,134,140,141,143,144,145,286,147,148,149,150,151,152,153,154,158,159,160,281,163,165,168,169,172,173,175,176,177,178,181,186,187,188,189,196,197,198,200,202,203,204,205,206,207,209,210,213,214,216,217,218,219,220,277,229,230,231,232,234,236,237,239,240,243,245,246,247,249,250,252,254,255
117,256,264,265,268,269,276,260,286,261,288,290,292,294,291,273,275,274,285,119,121,122,123,125,126,127,131,134,135,136,137,138,279,140,141,142,143,144,145,146,147,149,150,151,152,153,154,155,156,282,158,159,160,161,162,165,166,168,169,171,295,174,284,177,180,181,184,186,287,188,190,191,192,194,197,199,200,201,203,204,206,207,208,209,211,213,214,215,216,218,219,220,222,223,225,228,233,235,236,238,239,240,242,243,248,249,251,281,253,254
118,256,259,260,265,266,267,273,274,275,278,288,294,264,258,270,271,263,285,276,122,123,124,125,126,127,129,130,131,277,133,134,135,136,138,279,140,141,142,282,145,146,147,149,281,153,154,155,157,159,283,164,165,272,169,170,171,284,176,179,180,182,184,189,190,192,193,194,198,199,201,202,205,206,207,209,291,212,216,292,257,222,223,224,226,228,229,231,233,236,237,238,239,241,243,244,245,247,249,250,252,253,254,255
119,256,258,259,262,257,266,267,269,270,273,274,278,281,283,261,293,263,264,265,271,275,285,120,276,130,131,132,133,134,137,140,143,144,145,146,147,148,150,153,154,155,156,158,164,166,168,169,170,172,173,175,180,181,182,183,185,187,188,189,191,192,193,194,196,197,198,200,202,205,206,207,208,294,211,216,217,218,219,221,222,223,224,225,229,230,231,232,233,234,295,237,238,243,244,286,246,249,250,251,252,253,254,255
120,121,123,125,126,127,128,131,132,136,139,140,141,143,144,145,146,147,149,150,151,153,155,156,157,158,159,160,161,162,163,164,166,168,169,170,171,172,173,174,176,177,179,180,181,183,184,185,186,187,190,191,193,194,195,196,197,200,201,202,203,205,206,208,210,211,214,215,217,219,220,221,222,226,228,230,231,232,233,235,237,238,240,241,242,248,249,251,256,258,260,263,268,269,271,273,274,275,277,278,281,282,284,285,286,287,289,294,296
121,260,261,262,263,269,283,285,289,292,267,286,274,268,123,127,128,129,130,282,277,133,134,135,279,280,146,147,148,151,152,153,156,157,159,160,161,278,163,164,165,272,170,172,173,174,176,177,180,181,185,186,187,296,190,191,192,193,195,197,198,199,200,201,204,290,288,209,210,211,212,213,214,215,218,219,224,225,226,227,228,229,230,231,232,233,234,235,236,237,238,241,242,243,244,247,248,249,250,252
122,257,258,263,264,265,268,273,275,282,283,290,296,266,270,267,272,294,126,127,128,131,277,136,137,279,140,141,144,146,147,148,150,151,153,155,157,158,160,161,163,261,167,168,169,171,173,174,175,176,177,182,183,185,287,188,190,191,192,193,195,197,198,289,200,202,203,204,207,209,210,211,212,213,214,216,217,218,224,225,226,227,228,229,230,232,233,234,235,237,238,239,240,242,244,245,247,248,250,255
123,124,126,129,131,132,133,134,135,137,138,139,140,141,142,143,144,145,147,148,150,154,155,158,159,163,164,167,168,170,171,172,174,176,177,178,179,180,182,183,184,187,190,191,192,193,194,195,199,200,201,202,207,208,212,213,215,216,217,220,222,224,225,226,227,230,231,232,233,234,235,238,242,244,248,249,251,252,253,254,255,257,258,261,262,263,264,265,268,278,279,281,282,284,285,287,289,290,292,293,294,296
124,256,258,259,257,264,269,277,280,286,261,288,296,291,265,271,272,285,276,125,126,128,129,130,131,132,278,135,137,138,141,142,294,147,148,270,150,151,152,153,156,158,159,163,165,166,167,168,284,170,173,174,175,266,178,182,183,184,188,189,191,192,197,203,205,206,208,209,210,211,212,215,217,218,223,224,225,226,227,229,230,231,232,233,234,237,238,239,240,242,243,244,245,246,248,250,251,281,253,254,255
125,258,259,257,267,273,271,281,283,286,290,296,263,266,256,284,276,126,130,131,136,138,140,144,146,269,149,150,151,153,155,157,158,161,162,163,261,167,168,169,170,172,174,175,176,270,179,181,184,264,295,189,190,191,192,292,194,197,198,200,201,202,203,210,291,212,213,214,215,217,218,219,220,222,293,224,225,226,227,228,233,234,235,236,240,241,243,244,245,247,248,249,250,251,253,254
126,256,260,257,264,265,290,268,274,275,276,278,279,282,261,291,293,273,270,296,285,127,129,130,277,134,135,136,138,139,140,142,144,146,147,150,152,155,157,159,160,162,163,164,165,170,171,173,174,175,287,177,178,179,181,182,186,187,188,189,191,193,194,195,197,289,200,201,202,203,204,205,206,288,208,209,210,211,212,213,214,215,217,218,219,220,222,223,224,226,227,228,237,240,241,242,243,249,251,252,254,255
127,129,132,134,138,139,144,145,147,148,149,151,152,153,156,157,158,160,165,167,168,170,171,173,175,177,179,181,182,183,184,186,187,188,191,192,193,194,195,196,199,202,203,205,206,207,208,209,213,214,215,218,219,220,221,222,223,227,228,229,230,231,232,233,235,236,237,238,242,243,245,246,249,252,254,256,257,259,260,261,263,264,267,268,269,270,271,273,276,278,280,281,282,283,284,285,286,288,290,292,294
128,256,257,259,262,263,258,273,275,276,260,286,290,264,270,280,272,285,129,131,133,134,135,136,138,139,140,141,145,147,269,149,150,155,156,157,158,159,160,161,278,261,165,166,167,168,169,172,295,174,175,178,180,181,183,184,185,187,188,189,191,265,198,289,200,201,202,203,205,206,208,209,210,211,212,213,214,216,292,219,222,223,231,232,233,235,237,238,242,243,246,248,249,250,255
129,130,133,134,137,139,143,148,149,150,151,152,153,154,156,157,159,160,163,165,167,168,169,172,173,175,176,178,180,181,184,187,188,190,191,192,194,195,196,198,199,200,201,202,205,209,210,214,215,219,220,221,222,223,224,225,226,227,229,231,232,236,237,238,239,240,242,244,246,247,248,249,251,252,253,254,258,260,261,262,263,264,266,267,269,270,273,274,275,277,278,279,283,284,285,286,287,288,291,293,295
130,131,132,133,134,135,137,138,141,142,143,144,145,146,147,150,151,152,154,155,158,160,161,162,165,167,171,177,178,179,180,181,185,187,189,192,193,194,195,196,197,198,199,203,204,205,206,208,209,210,211,212,213,214,215,218,220,221,222,223,225,229,230,231,232,233,235,237,240,241,242,247,248,249,250,251,252,253,255,256,257,259,262,263,264,265,267,269,271,273,274,278,280,281,282,283,286,287,289,290,291,293,294,296
131,259,261,269,273,275,276,260,287,294,295,257,266,271,274,285,283,134,135,136,137,138,279,141,145,146,147,150,154,155,156,159,160,161,162,163,166,168,170,171,172,173,175,177,178,179,180,181,182,183,184,186,190,262,196,197,199,202,204,206,216,218,219,221,280,223,224,225,226,227,228,229,232,233,238,239,241,243,245,247,248,254,255
132,133,136,137,140,142,146,147,148,150,151,152,153,158,160,162,163,164,167,170,171,173,175,176,177,178,179,180,181,186,188,190,191,192,194,195,197,198,199,200,202,203,205,208,210,211,217,220,221,223,226,228,230,233,234,235,236,237,238,240,241,242,243,244,247,248,249,250,252,253,256,259,260,261,262,263,265,267,268,269,271,272,273,274,276,278,279,281,282,283,285,286,287,290,293
133,256,260,262,257,288,271,272,273,276,280,281,285,287,289,291,295,263,266,290,277,134,137,138,139,143,145,146,147,148,150,151,155,282,158,159,162,163,164,166,168,170,171,173,174,176,177,178,179,183,186,187,188,190,191,192,193,194,196,197,199,200,202,203,204,205,206,207,208,210,211,213,214,216,292,220,221,223,226,227,228,230,235,236,240,241,243,246,247,248,249,252,253,254
134,135,136,137,139,141,144,146,150,151,155,156,159,160,161,162,164,165,167,170,171,172,174,176,177,179,180,182,183,184,187,189,190,192,194,197,198,199,200,201,202,203,205,207,210,211,213,214,216,217,221,223,225,228,231,232,233,235,237,238,243,249,250,251,253,254,255,256,257,259,260,267,268,270,273,275,277,278,280,283,284,285,287,292,293,294,295
135,256,258,259,257,266,267,268,270,260,261,288,290,292,296,263,265,271,275,277,137,138,139,140,141,143,145,146,147,148,150,151,155,157,158,159,160,161,162,164,166,167,169,173,175,287,177,179,180,181,182,184,185,264,187,188,189,190,194,195,198,199,200,201,204,205,206,207,208,209,291,212,213,215,216,217,219,221,293,225,227,228,229,230,232,234,295,238,241,244,246,247,249,250,251,281,254,255
136,257,262,259,273,277,279,285,261,289,264,287,268,280,271,274,260,143,144,145,146,147,150,151,152,153,154,157,267,159,160,295,162,283,165,166,284,170,172,173,175,176,178,180,181,185,186,187,189,190,193,194,195,196,199,201,205,206,208,213,215,217,218,286,221,222,293,226,228,229,230,231,232,233,234,235,236,237,241,244,292,246,247,249,252
137,256,263,264,267,287,274,275,294,283,282,284,293,265,258,268,277,291,141,144,146,148,153,155,157,158,159,160,162,163,164,169,171,172,173,174,176,177,179,180,181,182,184,185,187,188,189,191,192,194,195,196,197,198,199,200,205,206,209,211,213,215,217,218,219,224,225,226,227,228,269,230,273,233,234,235,236,237,239,240,241,292,246,248,251,252,253,255
138,260,262,257,265,269,271,272,273,277,279,284,286,288,290,264,283,256,267,274,287,275,139,141,144,146,148,149,281,152,154,155,156,159,160,161,162,163,164,169,171,172,173,174,175,176,177,179,181,182,183,184,187,188,189,191,194,195,197,200,201,202,203,204,206,208,209,210,212,214,278,292,220,222,293,225,232,233,235,236,238,239,240,296,242,243,247,249,252,253
139,142,145,146,147,148,149,150,151,154,155,156,158,160,162,163,164,167,168,169,170,172,173,175,178,179,180,184,186,190,192,193,194,195,196,198,199,200,202,203,204,205,206,210,213,214,215,216,217,219,220,221,222,223,224,227,228,229,230,231,232,233,236,237,238,240,241,244,245,247,249,251,252,253,254,255,257,258,259,263,264,266,267,269,271,272,274,275,277,287,288,289,290,293,294,296
140,141,144,145,146,147,149,150,153,155,156,157,159,161,163,166,167,170,171,172,173,176,178,179,184,185,190,192,193,196,197,198,199,200,201,202,204,205,206,207,208,210,211,212,213,215,217,218,219,221,223,224,225,227,229,230,231,232,233,234,235,236,237,238,240,242,243,245,246,247,249,250,251,254,255,256,257,260,261,263,266,269,270,271,272,273,275,277,279,280,281,284,285,286,288,289,291,294,295,296
141,258,260,257,266,271,276,281,286,293,263,273,275,272,290,277,142,145,147,269,149,150,151,153,154,156,282,159,160,163,164,165,288,175,177,270,180,181,184,185,186,268,193,194,195,196,198,289,200,201,202,205,206,207,208,209,210,211,213,214,216,280,226,228,230,231,232,234,295,236,238,239,241,243,246,247,250,251,254,255
142,259,265,266,273,269,271,274,277,286,288,289,290,294,257,267,270,272,275,285,278,143,145,146,149,151,155,156,282,159,161,162,164,165,167,168,169,170,174,175,287,177,178,179,180,181,182,183,184,185,186,187,188,189,192,193,262,196,197,279,200,206,207,208,209,211,213,214,216,292,284,220,221,223,225,227,228,230,233,295,236,237,238,239,240,241,243,245,247,250,252,253
143,256,258,260,262,266,270,276,281,285,261,289,293,294,274,268,296,275,269,282,279,144,280,146,147,148,151,153,155,157,160,278,163,165,166,167,168,169,170,173,177,179,180,182,185,186,187,188,190,191,192,288,195,197,198,203,204,205,208,210,212,216,218,219,221,223,263,225,227,228,229,230,231,232,237,238,239,240,241,242,245,264,252,253,254,255
144,256,260,257,265,267,269,271,273,282,266,262,291,274,290,268,275,294,277,278,279,145,146,147,148,149,151,155,156,159,160,161,289,163,165,166,167,168,284,170,173,174,178,180,181,183,184,185,186,187,295,190,191,192,193,196,197,198,199,200,202,205,288,208,209,211,212,213,216,292,221,222,223,226,227,229,230,233,235,236,237,272,239,243,244,245,246,249,250,252,253,264,255
145,146,148,149,150,151,152,154,155,156,158,159,161,162,163,164,165,167,168,170,173,174,175,176,177,178,179,181,183,185,186,189,192,196,197,198,199,200,201,203,204,206,214,218,223,225,227,231,232,234,235,237,240,242,243,245,246,247,248,250,251,253,254,255,256,257,258,259,260,262,263,264,265,266,267,268,270,272,273,274,276,279,280,282,284,288,289,290,292,293,294,296
146,147,148,149,150,152,153,154,157,158,159,160,165,167,169,170,171,172,174,176,177,178,179,180,182,184,186,188,191,197,200,201,204,205,206,208,209,211,216,217,219,220,221,224,225,226,227,230,231,232,234,236,237,238,239,243,244,245,246,248,249,250,253,254,258,259,260,261,262,264,265,269,271,273,276,277,280,281,283,284,286,288,289,290,293,294,296
147,261,264,270,274,275,276,277,280,281,283,284,285,290,292,149,150,151,152,154,155,156,157,160,161,162,163,164,167,169,171,172,173,176,177,178,179,181,182,183,185,186,187,295,189,191,279,193,194,195,196,198,202,203,204,206,288,208,209,211,214,215,217,219,294,224,225,226,227,228,229,230,232,234,235,238,239,296,242,244,246,247,248,249,250,251,252,253,254,255
148,259,263,273,258,277,282,283,292,262,296,290,288,267,270,275,294,269,149,150,151,153,154,156,158,160,295,162,163,164,165,284,172,173,174,175,180,184,185,186,187,189,190,191,192,193,194,195,196,198,200,202,203,204,205,207,274,212,214,215,218,220,221,222,223,227,229,230,232,234,235,236,281,238,239,241,242,244,248,250,251,252,253,254,276
149,150,152,154,157,158,159,160,161,163,164,168,171,172,173,177,180,182,183,184,187,188,189,190,192,195,196,198,199,200,201,202,203,204,205,206,207,208,209,215,216,217,219,220,222,224,225,226,228,229,230,232,234,236,237,238,241,243,245,247,248,251,253,254,255,258,259,261,263,264,265,267,268,271,272,273,277,282,284,285,286,287,288,290,291,293,296
150,151,153,154,156,158,159,162,163,165,167,168,169,170,171,173,176,177,178,179,180,181,182,183,185,186,187,189,191,193,195,196,197,198,200,201,202,203,204,206,207,210,211,215,218,219,220,221,223,225,229,230,231,232,233,234,236,239,240,242,243,245,246,247,248,251,253,257,259,260,261,262,264,267,269,271,272,273,275,276,278,279,280,281,283,284,289,292,293,294,296
151,152,153,154,155,158,159,160,164,166,167,168,169,174,175,176,179,180,181,184,187,189,190,191,192,194,198,199,202,203,204,207,208,211,212,214,215,216,217,218,220,224,225,226,227,230,231,232,233,234,235,236,237,238,239,240,243,244,245,246,247,248,249,250,252,253,255,256,259,260,265,267,271,272,279,280,281,282,284,286,287,288,290,292,294
152,263,264,267,268,272,273,274,278,290,265,258,269,271,279,154,156,282,158,161,162,163,261,165,166,169,171,172,173,175,176,178,181,183,186,187,296,191,192,193,195,198,202,204,206,207,208,210,212,213,214,215,216,218,221,259,229,230,231,232,234,238,239,241,243,245,248,249,250,251,254,255
153,155,156,157,158,160,161,163,164,166,167,169,170,171,172,173,174,178,179,182,183,184,187,188,191,192,193,194,195,196,197,198,201,202,203,206,207,208,211,212,213,215,218,219,220,223,224,225,226,228,230,231,233,235,236,237,240,242,244,245,246,247,249,250,251,252,255,258,259,261,262,263,265,266,267,268,271,272,275,276,277,278,287,289,290,291,292,295
154,262,271,276,260,285,286,288,289,292,293,294,257,272,256,258,270,273,269,290,280,268,155,282,159,161,162,164,165,167,172,173,174,180,181,183,185,186,187,188,192,193,194,196,197,198,199,202,203,204,279,206,207,208,210,211,214,215,219,220,221,222,223,224,226,228,229,230,231,236,237,238,240,242,244,275,246,247,251,252,253,254
155,156,157,158,159,163,165,166,167,168,170,171,172,174,175,176,178,179,180,181,183,184,185,186,188,190,191,193,194,197,198,200,201,202,209,210,215,218,219,220,221,222,223,225,228,229,231,233,234,235,236,237,238,239,244,247,248,250,251,252,254,255,256,259,260,264,268,270,271,273,275,276,279,280,283,286,288,291,293,294,295
156,157,158,159,160,162,163,164,166,168,169,170,172,175,176,178,183,184,185,186,190,191,192,196,200,203,205,208,210,211,212,215,217,225,226,228,229,230,231,232,237,240,241,242,244,245,246,247,248,252,253,256,257,261,263,264,265,266,267,270,271,272,273,274,275,276,277,278,279,281,283,284,285,286,288,289,290,291,292,293,294
157,257,267,274,278,279,280,289,287,285,268,277,269,282,159,160,162,283,164,167,169,171,172,173,175,176,177,178,180,181,184,185,187,188,189,192,193,262,195,196,199,200,201,202,205,206,288,209,210,213,214,216,220,221,223,224,225,230,232,237,238,239,240,241,242,244,247,248,253,264,276
158,160,164,166,169,170,172,177,178,179,180,183,184,186,188,189,190,192,193,194,196,197,201,202,203,204,205,206,208,210,212,213,216,218,220,221,223,224,226,229,232,233,234,236,238,240,241,242,243,244,245,246,247,248,250,251,254,255,256,257,261,262,263,265,266,267,269,272,273,274,275,276,277,280,281,285,286,289,291,292,293,294,295,296
159,160,162,165,166,167,170,175,179,180,181,182,183,184,185,186,188,189,191,194,195,198,199,201,204,205,209,210,212,213,214,215,216,217,218,219,220,221,222,225,229,230,232,233,236,237,239,240,242,244,246,248,249,250,251,252,253,255,256,257,259,261,262,265,266,267,268,270,271,273,275,277,278,281,286,287,288,289,290,292,293,294,296
160,161,162,165,166,167,168,169,175,177,179,180,183,184,185,186,188,191,193,196,197,198,199,200,201,203,206,207,208,209,211,212,214,215,216,218,219,220,221,223,225,226,227,228,230,231,234,235,239,240,241,243,244,246,250,253,255,256,257,262,263,265,266,267,268,270,271,274,275,276,277,280,281,283,284,285,287,289,290,292,293
161,257,260,261,274,259,282,265,290,292,294,283,267,268,258,269,277,279,286,281,163,165,166,272,284,171,172,174,175,178,180,181,183,184,185,287,188,189,191,193,195,197,289,200,201,204,205,288,209,210,211,212,216,217,221,280,293,224,226,229,230,231,233,295,237,238,241,243,244,246,248,250,252,253,254,255
162,256,266,258,275,260,283,265,289,292,262,294,257,290,267,284,274,268,276,277,286,281,295,163,261,166,167,168,169,170,171,176,179,280,181,183,185,187,188,190,279,288,195,196,198,199,202,203,204,205,207,209,210,211,213,215,216,217,218,219,221,222,293,224,225,226,230,232,235,236,272,241,242,243,244,246,247,251,252,264
163,165,168,170,171,174,176,182,183,185,191,192,193,195,196,197,198,200,201,202,203,206,207,208,209,210,218,219,220,221,222,223,224,226,227,229,230,231,232,235,236,237,238,240,241,242,245,246,247,250,251,253,254,255,259,264,265,266,268,269,270,271,272,274,276,278,281,284,286,287,288,289,290,291,293,294
164,262,266,258,270,276,277,284,293,294,263,292,257,279,274,261,167,168,170,172,285,177,180,182,184,267,186,287,189,190,191,192,193,194,195,198,200,204,291,288,210,211,212,217,218,219,220,221,223,224,227,229,230,231,232,233,235,237,239,241,242,243,244,247,248,249,250,264
165,259,265,267,273,280,285,288,291,296,263,268,286,283,269,270,294,277,284,173,178,180,181,182,193,195,198,199,200,201,203,204,290,206,271,209,210,211,212,213,292,219,222,225,226,227,228,229,230,231,232,234,235,236,289,239,240,242,244,245,252,253,254
166,266,274,275,277,288,262,294,257,267,256,269,270,273,268,279,283,272,167,169,170,171,172,173,174,175,177,178,179,186,187,295,189,190,191,192,193,195,196,197,198,199,200,201,202,203,204,290,291,207,209,211,214,215,216,219,221,293,263,226,227,228,229,231,232,235,237,238,239,240,241,242,244,246,247,249,250,281,254,255
167,257,267,268,273,260,282,284,288,296,291,266,256,293,274,276,294,278,269,295,168,170,171,172,173,174,177,270,179,181,183,184,185,287,189,191,262,195,197,198,199,200,201,275,203,205,207,208,209,210,211,212,213,216,217,218,219,222,223,225,226,229,230,231,233,235,236,289,239,243,244,245,246,247,248,249,251,253,255
168,262,266,271,274,285,286,261,291,293,263,275,268,292,273,277,260,269,169,171,173,174,284,177,178,179,180,181,183,184,186,287,189,190,279,193,194,197,198,289,200,201,203,204,205,212,213,215,216,217,221,225,228,229,230,231,232,233,234,235,272,240,242,244,245,246,247,249,250,252,253
169,258,270,277,280,285,291,293,296,257,267,286,279,272,292,282,295,173,174,176,178,181,182,183,184,187,192,193,194,195,197,198,199,200,201,202,203,204,206,207,271,211,212,213,214,215,217,218,219,223,263,225,229,230,232,233,234,235,238,240,241,248,250,251,252
170,173,174,175,176,178,179,182,188,189,191,192,193,194,195,199,201,203,204,206,207,209,211,212,215,217,218,220,221,222,228,230,232,234,235,240,241,242,243,245,246,247,249,250,251,252,253,254,255,257,258,260,262,263,264,265,267,268,269,270,273,277,278,279,280,281,283,284,286,287,289,290,291,293,294,295,296
171,258,275,272,276,277,265,285,287,290,292,294,259,283,278,268,269,274,279,264,284,172,173,174,266,178,179,182,186,188,189,190,191,192,194,195,289,202,203,206,271,209,210,211,212,213,214,215,216,217,218,219,222,224,225,226,227,228,229,230,235,239,241,243,244,247,248,295,251,252,254,255
172,173,174,175,176,177,179,181,184,185,186,188,190,192,193,195,196,197,199,200,201,202,203,204,206,207,208,209,210,211,214,215,216,217,219,220,221,222,223,224,230,231,233,234,235,237,238,246,247,248,249,255,257,260,264,265,266,267,269,270,272,273,274,279,282,284,286,288,291,293,294,296
173,174,175,176,180,181,185,188,189,190,191,192,194,195,199,205,206,207,208,209,212,213,215,216,217,220,221,222,224,226,227,230,232,234,235,237,238,239,240,244,245,246,247,248,249,251,253,255,256,257,258,259,261,262,263,264,265,267,269,270,271,274,276,278,279,280,281,282,284,285,286,287,289,291,293,295
174,175,176,178,179,180,182,184,186,191,192,195,196,199,201,202,203,207,208,209,210,211,213,214,215,217,222,223,224,230,231,232,233,234,235,237,238,242,243,245,246,247,248,250,251,252,253,254,256,259,261,267,269,270,272,273,277,278,279,280,281,284,285,286,287,288,290,292,295
175,260,261,262,266,267,274,259,278,281,282,283,284,287,294,265,256,275,268,271,269,276,277,179,186,187,188,189,190,191,279,193,194,196,197,198,289,200,206,209,213,214,215,221,222,263,225,226,228,229,230,234,295,237,238,240,245,246,248,250,251,252,253,264
176,256,259,271,274,279,283,285,287,290,288,273,258,286,269,282,294,295,177,178,181,184,267,186,187,190,193,194,196,197,198,199,201,262,204,205,206,207,208,210,211,212,213,215,216,217,219,221,222,223,224,226,227,229,230,232,233,235,289,238,239,240,241,242,264,293,281,254,255
177,178,181,182,183,185,186,188,190,191,193,194,195,196,197,198,199,202,203,204,205,206,207,208,210,213,217,218,219,221,223,224,225,228,229,231,232,235,237,238,239,240,242,243,244,246,251,253,254,255,256,259,260,261,262,263,264,266,267,269,270,271,272,274,275,277,279,280,282,283,284,286,287,289,290,293,295,296
178,264,265,267,258,271,273,259,278,281,284,266,295,294,269,270,282,276,283,179,180,182,183,185,287,190,279,193,195,196,198,289,201,202,203,290,209,210,291,212,213,216,217,218,219,220,221,222,224,225,226,227,228,229,231,232,233,234,235,236,237,238,239,240,296,242,246,248,249,250,251,254,255
179,180,181,182,183,185,187,188,189,190,191,194,195,196,197,199,200,201,205,207,209,210,213,214,215,217,218,220,221,222,226,227,229,230,231,232,233,234,236,237,238,239,240,241,242,244,245,247,248,251,253,254,255,257,258,259,260,264,267,268,269,270,271,275,276,277,278,284,287,288,291,293,294,295,296
180,259,260,266,271,280,284,286,288,290,291,295,264,283,182,287,188,189,192,193,194,195,198,199,200,202,204,206,207,208,209,274,218,225,227,228,269,230,231,232,233,235,236,237,238,239,240,241,242,243,245,246,247,248,249,250,251,253,254,255
181,182,183,185,186,187,188,189,190,191,192,193,197,199,200,204,208,209,211,213,215,216,217,219,220,221,223,224,225,227,229,231,232,233,237,239,241,242,243,244,245,246,247,253,254,255,256,257,258,260,261,262,265,266,271,273,277,278,284,287,288,289,290,291,292,296
182,257,264,290,271,272,278,282,287,292,262,288,275,270,273,279,268,269,295,263,186,187,296,189,190,191,192,193,194,195,197,198,289,204,205,207,208,209,210,291,214,215,218,219,220,221,223,224,226,293,228,294,230,231,232,233,234,235,236,237,239,240,241,243,246,247,248,250,252,253,255
183,256,258,259,260,257,268,272,277,279,261,293,294,263,264,278,284,292,275,281,282,287,185,186,187,190,191,192,196,198,204,205,207,208,209,212,213,215,216,217,219,220,225,226,228,229,231,233,236,237,238,242,243,244,246,247,248,250,251,254
184,256,268,274,259,278,284,261,290,291,262,296,276,286,186,187,189,190,191,192,193,194,196,197,199,201,203,207,208,209,211,212,213,217,218,219,222,223,293,228,229,231,236,281,272,239,243,244,245,246,247,248,249,250,251,252,254
185,258,260,257,267,268,277,278,279,290,291,294,295,296,263,266,271,259,275,286,281,261,186,188,191,192,193,197,198,201,202,203,205,206,288,208,210,211,212,213,214,215,216,217,220,221,223,225,228,230,235,236,239,240,244,246,247,248,251,252,254,255
186,262,261,271,274,276,277,279,283,284,285,286,288,294,257,273,268,282,296,270,188,190,191,194,195,201,204,290,207,208,210,211,212,214,215,216,218,221,280,223,224,229,230,232,295,237,238,240,241,243,244,248,249,293,255
187,256,258,257,264,265,271,259,279,280,261,289,290,291,262,296,266,268,284,273,269,295,283,272,287,189,191,193,195,196,198,200,205,288,211,212,214,217,218,221,222,224,227,228,229,230,235,236,237,238,239,240,241,243,245,247,248,249,251,254
188,257,267,271,273,278,279,280,282,283,284,296,265,285,275,268,269,286,293,274,276,294,260,290,190,192,193,194,196,198,199,200,203,205,206,288,208,209,210,291,212,215,216,217,218,219,220,221,223,263,229,259,232,234,295,237,238,239,242,243,245,246,247,248,249,252,255
189,257,260,264,258,272,259,276,278,279,287,290,267,285,269,271,275,283,266,274,192,193,194,196,289,200,262,204,206,207,209,211,214,215,216,292,218,219,221,222,263,226,227,228,229,230,231,232,235,239,296,242,244,245,288,252,253,254
190,259,270,275,276,277,282,283,284,286,290,263,269,257,274,258,260,287,296,279,193,194,197,199,200,262,204,205,208,211,212,213,215,217,219,221,222,223,225,227,228,229,231,232,234,235,236,289,241,242,243,293,264,248,250,281,253,254,255
191,195,196,197,198,201,202,203,204,205,207,208,210,211,212,213,214,215,216,217,218,222,223,224,225,228,231,233,236,237,239,240,242,245,246,247,248,250,252,256,257,258,259,261,262,264,265,266,268,269,275,276,277,280,281,282,286,287,288,289,290,291,294,295,296
192,193,194,195,196,197,199,202,205,206,208,211,212,215,221,222,224,226,227,232,235,236,237,238,239,240,241,243,248,249,252,257,260,261,264,266,267,270,274,275,276,279,280,284,285,286,288,290,291,292,294
193,256,257,264,266,274,281,288,289,290,268,258,269,267,273,259,282,277,286,278,195,196,199,200,201,205,206,207,210,211,215,217,218,219,221,226,228,230,270,233,234,236,276,239,240,242,244,245,246,249,252,254,255
194,262,266,267,256,271,273,260,287,294,270,285,276,269,278,283,288,198,199,202,204,206,209,210,211,212,214,292,218,220,222,293,224,225,227,228,229,230,232,233,235,236,237,240,241,242,245,248,249,250,252,255
195,258,260,269,273,281,290,294,274,263,265,270,268,284,287,286,262,198,289,200,202,203,204,205,206,288,208,210,212,213,214,217,257,293,224,225,226,229,277,231,233,234,235,237,238,239,241,245,246,247,248,251,253,255
196,256,257,290,258,271,272,273,259,281,291,263,288,265,266,287,269,274,276,283,277,282,284,289,200,201,204,205,206,207,209,211,278,218,220,221,293,224,226,228,229,230,231,232,233,234,236,240,241,244,245,246,247,248,251,253,254
197,199,201,203,204,209,210,211,212,213,214,215,216,217,220,222,223,224,226,229,231,233,234,236,238,239,240,243,246,247,251,252,253,254,259,261,262,263,265,266,267,268,270,271,272,273,274,277,278,279,280,281,282,284,285,287,288,289,290,291,292,294
198,267,269,271,273,259,277,281,283,284,262,295,263,257,290,266,275,285,274,282,286,279,288,199,201,204,205,206,208,209,210,291,212,214,215,216,217,219,222,223,224,227,228,229,231,232,239,240,296,244,245,246,247,248,249,250,251,252,253,254,255
199,200,201,203,208,209,211,212,214,216,217,219,220,221,226,227,228,229,231,233,234,235,236,237,238,239,241,242,243,244,245,246,247,248,249,250,251,253,254,256,258,261,263,264,265,268,270,271,273,274,275,277,279,281,285,292,293,294,296
200,256,260,261,271,274,276,278,281,284,294,257,264,265,268,269,287,262,201,202,205,206,210,291,212,213,214,215,292,221,280,293,225,226,227,230,231,232,233,235,237,238,240,241,243,249,253,254,255
201,257,265,268,272,287,290,294,256,270,275,277,282,278,269,291,295,262,204,206,288,208,209,211,212,213,214,216,218,219,220,222,225,226,227,228,229,230,232,233,234,235,236,289,239,241,242,243,244,245,248,249,250,252,253
202,262,257,265,267,274,259,278,281,284,285,291,264,296,268,275,276,280,283,271,287,269,288,205,206,207,208,282,211,212,213,216,217,294,222,223,224,225,226,228,229,230,231,232,236,237,240,241,247,249,293,254,255
203,264,265,268,270,279,280,260,283,285,288,292,262,294,267,275,269,272,261,266,207,208,210,211,214,216,218,220,257,263,228,229,230,232,233,234,237,239,240,241,242,243,245,246,247,248,249,251,253,254,255
204,256,257,258,261,267,269,270,274,283,281,287,294,263,264,278,273,293,259,275,290,284,205,206,209,212,213,214,216,217,218,220,221,223,225,226,228,230,233,234,237,240,296,242,243,245,247,248,249,251,252,253,276
205,258,257,269,273,274,276,281,287,288,296,290,271,263,283,265,279,207,210,264,213,214,278,223,224,231,233,236,237,238,240,242,243,244,247,251,252,253,254
206,207,208,210,211,212,213,215,216,217,224,226,228,229,230,231,232,233,234,236,237,238,241,242,245,246,247,250,251,252,254,255,258,259,264,266,268,269,272,275,276,277,278,279,280,282,283,286,287,289,291,292,296
207,256,259,261,264,266,275,276,283,265,285,288,290,291,293,296,263,271,279,280,282,260,286,287,289,209,211,212,213,215,216,292,219,220,221,223,224,225,226,229,230,231,233,234,235,236,239,240,246,248,251,252,255
208,210,212,214,215,219,221,223,224,225,227,228,229,230,231,233,234,237,239,241,243,244,245,248,249,250,251,254,255,256,258,260,262,263,264,266,267,269,271,273,274,275,276,280,286,288,292,293,296
209,258,265,268,278,280,296,263,283,266,270,259,284,291,210,211,214,215,216,292,219,221,293,224,225,226,227,228,229,234,237,238,239,240,244,256,247,250,251,264,255
210,256,262,257,266,268,269,270,271,274,278,279,284,287,289,293,265,290,292,275,267,263,282,277,281,295,285,288,211,212,213,216,217,218,219,220,224,227,228,230,231,233,234,235,236,238,240,241,242,243,244,249,253
211,212,213,215,217,218,220,221,223,224,225,226,228,229,230,232,234,235,236,237,238,240,243,246,247,248,251,252,253,254,255,256,261,262,263,264,265,267,270,271,275,276,277,278,282,283,284,287,288,290,292,296
212,214,215,216,217,218,220,222,226,227,228,232,233,234,236,237,242,244,245,246,248,249,251,252,253,255,258,259,261,262,263,264,266,268,269,271,272,274,275,276,278,281,282,283,285,286,287,290,292,293,294,295
213,256,257,259,261,262,265,258,271,273,279,260,282,290,266,294,291,278,267,275,284,276,270,268,280,289,292,219,221,222,223,224,229,230,231,232,234,235,237,272,243,245,247,248,249,250,251,253,255
214,215,216,217,218,221,222,224,225,226,228,229,233,234,239,240,241,242,243,247,249,250,255,257,261,266,267,269,271,272,274,275,276,277,278,281,284,285,286,287,290,291,292,295,296
215,259,261,257,256,272,276,282,284,285,292,295,296,265,267,269,288,275,277,260,286,283,270,287,262,289,216,218,221,222,223,225,226,293,230,231,273,234,236,238,240,241,242,244,246,249,250,251,281,253,254,255
216,256,261,262,265,266,274,276,267,282,260,293,294,264,271,275,284,287,279,291,289,217,218,219,257,224,225,227,228,231,232,237,239,240,241,243,244,246,248,251,253,254
217,257,263,272,278,279,265,291,262,269,295,287,294,282,283,271,218,220,223,224,225,226,227,228,229,230,233,234,235,236,238,241,243,245,247,249,251,252,264
218,256,257,267,284,287,289,293,291,263,265,273,292,258,269,272,270,278,282,296,286,221,222,223,225,226,227,228,231,232,235,236,281,238,241,242,244,245,246,247,249,250,252,255
219,220,222,223,225,226,228,230,231,232,233,235,236,237,241,242,243,249,250,251,252,255,256,257,258,259,260,266,268,269,270,272,273,275,276,279,280,281,282,283,284,285,286,288,289,291,292,293,295
220,262,257,267,272,275,277,279,265,285,287,290,283,286,269,292,273,270,294,260,280,289,221,226,227,228,229,234,236,281,241,243,244,245,251,252,254
221,258,257,259,270,276,267,265,287,289,292,262,283,266,271,293,275,280,281,279,290,278,223,224,226,227,228,294,230,232,235,239,296,243,244,246,248,249,252,255
222,257,258,272,274,280,285,286,288,293,264,256,273,275,277,278,281,296,279,289,290,223,229,232,233,234,295,236,237,238,240,241,243,245,246,247,249,251,252,255
223,262,267,269,270,272,273,259,289,292,266,268,265,281,260,295,280,288,291,224,225,226,227,229,230,231,232,233,234,235,237,238,239,242,243,247,251,252,253,255
224,256,257,260,261,268,285,289,290,293,294,296,291,273,266,287,269,270,267,259,275,282,271,288,225,227,229,230,232,233,234,236,239,240,241,242,243,245,247,250,251,253,254,255
225,226,227,228,229,230,231,233,237,238,239,240,243,246,247,248,250,253,254,255,259,260,263,264,266,267,268,269,272,274,276,277,278,280,283,284,285,286,287,288,289,291,293,295
226,233,235,236,237,239,240,242,243,244,245,246,248,250,251,253,254,255,256,257,258,260,261,264,265,267,270,271,274,278,281,284,285,286,287,288,290,291,293
227,256,257,259,262,258,274,276,282,261,288,289,290,292,296,294,281,269,267,271,260,278,284,280,228,229,233,234,295,236,237,238,240,242,246,248,252,253,254
228,229,230,231,235,236,238,240,241,242,243,246,247,250,251,255,256,258,260,263,264,265,266,270,271,272,273,274,280,281,282,283,284,285,286,288,289,290,293,294,295
229,230,232,234,239,240,241,243,245,247,248,249,252,253,255,256,257,258,259,262,263,267,268,270,271,272,273,276,279,280,281,282,283,284,285,289,292,294,295
230,234,235,238,239,243,244,245,247,251,253,254,257,258,261,262,263,264,266,267,270,271,272,273,275,276,277,278,279,280,281,283,287,288,290,292,293,294,295
231,233,235,237,238,239,240,242,243,244,245,248,249,251,258,259,260,261,265,266,267,268,269,271,277,278,282,283,285,286,287,288,291,295
232,234,235,236,238,239,240,242,244,245,246,248,251,252,253,255,257,258,262,263,265,266,267,269,271,272,273,274,275,276,277,279,282,283,287,288,290,291,292,296
233,258,262,264,275,293,296,263,257,261,290,266,273,280,283,287,279,291,294,239,243,248,249,250,252,253,254,255
234,261,266,273,258,256,277,284,257,288,267,275,294,274,289,283,280,290,295,237,238,240,296,242,243,244,246,250,293,252,254,255
235,258,260,262,264,266,269,259,278,280,284,285,287,289,291,263,293,276,283,277,282,274,288,271,236,237,238,240,241,243,245,246,248,250,251,281
236,261,262,263,264,267,269,271,272,274,276,278,283,288,291,295,265,273,270,284,285,287,286,279,289,277,237,238,240,296,243,244,275,246,247,248,250,281,254
237,239,241,242,243,244,246,249,250,251,254,255,256,258,259,260,261,263,266,267,269,275,276,279,282,283,284,285,286,287,288,290,291,292,295
238,239,240,241,242,243,244,246,247,248,249,252,253,254,255,259,261,262,263,264,265,269,271,274,275,276,278,280,281,282,283,284,285,288,289,291,292,293,294,295,296
239,256,265,271,275,279,281,284,289,292,263,257,261,269,294,296,287,278,285,262,291,295,240,241,242,243,244,246,247,248,250,251,252,264,255
240,263,272,279,283,288,289,290,293,265,285,268,280,284,274,282,269,271,241,243,244,245,246,247,249,250,251,255
241,259,261,264,269,272,275,277,280,282,283,278,290,294,273,268,270,263,292,285,260,284,289,271,291,296,242,243,244,245,247,265,250,251,252,253,254
242,259,260,262,256,273,278,282,283,289,295,263,264,261,258,269,267,293,268,286,277,281,272,296,285,287,292,257,280,244,245,248,249,250,252,253,254
243,245,247,249,250,253,255,257,258,259,263,264,266,268,269,270,272,274,275,276,277,278,279,284,285,286,287,289,290,291,292,293,295,296
244,261,262,257,265,267,270,271,272,273,276,277,278,287,288,289,293,268,274,275,282,284,285,291,292,286,263,294,295,246,247,248,251,252,253,254,255
245,256,258,264,259,269,283,286,288,289,293,294,295,268,285,263,275,276,280,273,274,257,246,247,248,296,250,251,252,253,255
246,256,262,264,265,278,279,285,293,281,283,272,288,280,273,259,275,291,282,289,296,247,248,250,252,253,254,255
247,257,261,290,268,270,272,275,277,278,285,286,289,292,265,293,282,274,287,288,262,251,253,255
248,256,271,272,280,285,287,293,294,266,268,257,284,265,288,292,289,249,251,252,253,264
249,259,261,264,266,258,273,274,284,285,288,289,291,262,275,268,276,270,269,277,282,292,250,251,252,253
250,256,258,261,273,270,272,271,278,279,260,293,295,274,283,267,275,277,282,286,287,296,288,290,292,269,251,276,253,255
251,261,263,270,269,272,274,276,278,279,260,286,288,295,290,267,271,285,280,284,281,296,262,294,252,264,255
252,257,264,269,256,271,272,273,274,260,283,287,288,289,291,259,265,290,270,267,275,296,286,262,263,281,254,255
253,254,256,258,263,267,269,270,271,276,280,281,282,286,287,288,289,290,291,292,293,295,296
254,266,268,271,275,279,280,260,265,285,289,295,291,263,270,272,273,281,282,278,274,262,288,286,294,255
255,257,259,260,263,265,267,269,270,271,272,273,274,277,278,284,286,288,289,292,293,295
256,257,258,262,265,267,270,274,279,260,291,294,263,287,275,280,272,282,284,289,290,293,296,281
257,258,259,260,261,263,264,265,267,268,269,270,272,273,274,276,278,279,280,287,288,289,290,291,295
258,259,269,287,274,276,279,290,295,261,268,270,275,282,288,291,292,293,263,296,264
259,260,267,270,272,274,281,285,286,288,293,283,266,263,294,282,261,284,279,290,277,264
260,265,267,273,279,280,281,282,293,286,275,285,269,261,296,270,295,289,290,263,272,264
261,270,273,274,276,278,283,288,289,285,271,272,275,265,282,287,291,286
262,264,269,275,278,281,283,286,292,274,266,267,272,276,287,277,284,288,291,296,293
263,268,271,277,285,286,291,292,293,270,284,272,287,296,265
264,265,266,267,268,271,273,274,276,278,279,283,284,285,286,287,288,289,292,294,295
265,268,278,283,285,289,295,266,293,275,277,279,288,291,286,294,281
266,269,270,274,277,279,282,290,294,295,296,267,275,293,286,276,268,283,288,271,284,287,292,273
267,268,270,271,274,275,276,277,278,279,280,284,285,286,288,289,290,294,295,296
268,270,271,274,279,286,290,291,294,278,269,284,288,276
269,270,283,287,290,292,285,277,272,284,288
270,271,272,274,275,278,280,281,282,283,284,285,286,288,289,291,292,293,295,296
271,272,273,274,276,277,280,284,285,289,290,291,294,296
272,273,276,278,285,291,294,280,275,277,282,288,290,281
273,289,292,293,274,279,277,281,282,278,283,284,296,294,291
274,276,278,283,285,290,292,294,293,275,277,284,287,288,291,279,296
275,277,284,289,290,291,288,280,281,282,287,279,292,293,295
276,278,283,286,292,288,279,282,277,290,284,287,280
277,289,296,284,281,283,295,279,288,292,293
278,281,285,291,292,279,280,286,287,296,293
279,291,295,296,290,292,280,288,281
280,282,283,290,294,295,287,288,289,291,292
281,283,286,288,291,294,296,285,284
282,285,286,287,291,295,294,283,289,290
283,291,286,290,293,292,287,289
284,285,287,292,294,295,296
285,290,295,296,288,294,289,293
286,296,288,291,294
287,293,295
288,292,293,294,296
289,290,295,296
290,293,294,295,296
291,293,294,295,296
292,294
293,294,295,296
294,296,295
295
296
