n_nodes:31
n_edges:416
density:0.89462
0,1,2,3,4,5,6,7,8,9,10,11,12,13,14,15,16,17,18,19,20,22,23,24,25,26,27,28,29,30
1,3,4,5,6,7,8,9,10,11,12,13,14,15,16,17,18,19,20,21,22,23,24,25,26,27,28,29,30
2,3,4,5,6,7,9,12,13,14,15,16,17,18,19,20,21,22,23,24,25,26,27,28,29,30
3,4,5,6,7,9,10,11,13,14,15,16,17,18,19,21,22,24,25,26,27,28,29,30
4,5,6,7,8,9,10,11,12,14,15,16,17,18,19,20,21,22,23,24,25,26,27
5,6,7,8,9,10,11,12,13,14,15,16,17,18,19,20,21,22,23,24,25,26,27,28,29,30
6,7,8,9,10,11,14,15,16,17,18,19,20,22,23,24,27,28,29,30
7,8,9,10,11,12,13,14,16,17,18,19,20,21,22,24,25,27,28,29,30
8,9,10,11,12,13,14,15,16,17,18,19,20,21,23,24,25,26,27,28,29
9,12,13,14,15,16,17,18,19,20,21,22,23,24,25,26,27,28,29,30
10,11,12,13,14,15,16,17,18,19,20,22,23,24,25,26,27,28,29,30
11,12,13,14,15,16,17,18,19,20,21,23,24,25,26,28,29
12,13,14,15,16,17,18,19,20,22,23,24,25,26,28,30
13,14,15,16,17,18,19,20,21,22,23,24,25,26,27,29,30
14,15,16,18,19,20,21,22,23,24,25,26,27,28,29
15,16,17,18,19,20,21,22,23,24,25,26,27,28,29,30
16,17,18,19,20,21,23,24,25,26,27,28,29,30
17,18,19,20,21,22,23,25,26,27,28,29,30
18,19,20,21,22,23,24,26,27,28,29,30
19,20,21,22,24,25,26,27,28,29,30
20,21,23,24,25,27,28,29,30
21,22,23,25,26,28,29,30
22,23,24,25,27,29,30
23,24,25,26,27,28,29,30
24,25,26,27,28,29,30
25,26,27,28,30
26,27,28,30
27,28
28,29,30
29,30
30
