n_nodes:220
n_edges:3729
density:0.15479
0,192,131,132,179,70,135,9,11,83,139,203,87,196,91,158,161,98,99,164,198,176,45,48,51,118,23,186,124,125,190
1,64,131,7,200,137,139,140,77,80,145,18,19,20,21,151,27,29,176,148,163,209,107,175,48,51,116,201,120,57,58,126,85
2,66,3,70,7,11,13,143,16,146,148,21,151,152,158,31,161,163,100,177,40,105,108,47,113,180,212,169,57,61,126
3,64,128,4,74,11,192,142,79,144,216,150,217,88,25,154,159,43,108,178,116,118,58,187,202
4,160,132,197,70,73,75,78,79,184,82,67,86,196,219,32,97,98,35,198,102,106,107,110,47,51,170,56,186,191,214,61,63
5,64,65,66,69,149,200,9,202,151,192,194,16,18,83,212,85,86,23,137,91,158,214,39,40,167,44,45,177,49,172,55,186,59,61,62,63
6,192,67,198,137,76,205,28,208,85,150,152,90,27,92,95,155,31,169,172,47,53,105,120,58,59
7,69,135,72,9,11,76,78,24,146,147,85,88,90,29,94,97,39,168,44,210,111,211,116,117,218,186,60,63
8,65,69,71,12,139,76,13,21,214,87,153,29,30,32,59,103,129,135,108,177,157,180,168,115,116,53,137,57,122,123,183,190
9,128,130,134,210,13,78,79,18,163,142,154,143,156,29,158,69,96,133,35,103,104,43,109,111,177,116,117,119,56,52,187,60,149
10,149,130,203,132,200,74,11,13,60,216,146,83,148,85,24,90,156,28,93,94,159,36,167,92,178,44,45,47,157,50,53,121,186,123,124,202,126,127
11,51,45,17,131,20,26,35,36,198,167,42,199,172,173,174,175,177,179,53,219,184,187,190,64,69,70,71,72,209,210,83,85,87,49,91,95,96,98,101,103,110,114,118,121,170
12,64,192,131,70,71,108,75,13,112,109,16,146,19,212,206,24,25,218,27,94,193,97,165,166,40,41,42,44,45,174,48,72,147,183,122,125
13,67,132,76,78,80,164,84,215,89,186,31,33,99,36,41,144,171,110,111,136,180,54,57,58,187,138
14,192,129,68,204,198,193,201,76,143,144,81,18,212,21,87,132,27,156,95,32,33,219,38,40,108,113,179,180,181,58,168,124
15,69,70,135,215,204,205,120,149,185,152,217,29,37,160,100,166,102,170,111,178,51,116,56,121,122,188,125
16,129,199,76,141,78,143,18,83,150,185,89,90,155,92,93,69,95,96,97,162,39,105,103,44,177,172,190,182,183,184,121,187,189,62
17,160,131,200,141,80,146,211,85,22,87,89,75,28,158,96,98,155,165,39,107,108,175,177,114,54,186,151,213
18,66,43,196,65,202,151,79,209,82,149,57,218,154,27,92,186,208,155,101,168,156,193,107,44,173,121,58,123,189,63
19,128,133,134,71,136,137,74,141,79,82,85,152,90,28,93,95,36,156,199,108,110,50,115,52,181,201,57,60,192
20,130,75,204,207,210,195,150,25,153,218,92,30,162,35,36,166,171,108,46,112,49,50,182,60
21,131,196,162,73,204,141,77,184,146,188,150,152,26,143,28,93,34,164,38,210,156,193,173,48,113,211,180,118,56,121,58,60,189,62,191
22,65,130,67,196,198,129,219,131,85,86,23,217,26,155,93,158,96,98,163,164,101,38,209,40,135,154,173,47,176,189,114,51,116,54,183,188,61,62
23,65,181,195,134,129,64,160,192,77,158,79,215,150,91,92,93,30,31,32,102,169,106,199,109,29,112,136,114,117,119,184,186,123,190,127
24,64,131,132,179,134,71,136,75,77,206,173,85,199,88,26,207,157,94,95,103,190,50,174,47,49,114,115,30,189,119,183,61,126,127
25,192,193,132,133,199,201,74,139,80,146,131,85,86,197,153,91,159,97,98,165,166,41,196,171,47,176,50,179,148,58,189
26,130,68,71,137,75,78,144,81,211,148,132,219,98,35,209,104,171,172,206,179,181,119,88,187,189
27,195,129,202,139,141,144,209,99,212,28,94,31,32,97,35,102,169,171,109,46,175,114,179,30,187,189
28,128,147,69,71,205,83,151,88,153,156,93,185,99,102,178,108,45,29,50,57,122,59
29,67,69,134,202,139,204,98,142,145,131,84,149,216,154,218,199,31,97,34,215,167,171,71,172,176,50,179,54,73,60,61,190,63
30,193,66,201,140,206,79,208,211,86,156,185,97,35,39,169,172,109,46,116,184,121,186,191
31,128,129,133,194,75,80,83,149,87,217,93,33,38,103,40,170,125,112,177,115,180,118,119,185,58,124,61,62
32,194,131,150,81,84,86,153,158,165,214,187,101,38,209,105,171,44,109,174,48,115,116,181,219,169,59,188
33,193,196,70,203,80,209,211,213,156,93,101,102,167,168,110,112,180,181,63,124,62,127
34,128,65,66,67,132,133,51,135,202,183,77,206,80,216,195,88,179,182,96,100,101,102,103,106,172,45,46,175,112,115,52,54,119,213,187,127
35,65,133,199,200,138,77,144,147,84,87,68,156,154,162,180,166,39,104,42,172,45,112,113,116,119,58,59,189,127
36,71,76,141,84,149,89,218,93,159,97,101,161,45,110,175,123,60,109,190,127
37,64,66,68,182,134,71,136,216,209,210,87,152,196,156,157,158,165,96,197,70,39,40,111,48,49,118,120,58,124,189,63
38,131,178,197,135,72,138,204,141,143,144,212,217,196,90,155,208,162,99,39,40,42,44,109,174,48,50,51,180,182,55,188,219
39,192,65,70,137,203,204,206,146,211,88,90,91,216,158,161,162,102,167,169,197,172,179,116,94,58,126,166
40,64,195,198,205,137,74,182,143,208,82,211,153,91,86,69,97,155,169,171,111,49,140,118,57,124,219
41,64,129,66,67,72,142,205,210,131,84,206,88,154,219,218,94,97,195,166,168,109,115,117,182,183,120,59,60,62,127
42,128,192,194,67,68,71,204,74,75,77,78,216,211,196,86,152,89,156,160,100,167,170,171,172,47,187,55,122,119,188
43,192,66,134,136,77,143,209,82,85,217,153,218,95,97,165,166,210,47,178,116,117,56,124
44,96,66,70,200,160,194,206,173,146,211,212,215,217,90,218,158,97,102,167,210,170,108,112,177,52,54,183,180,122,124,202
45,65,67,78,211,212,85,151,197,100,218,155,157,158,95,133,103,104,156,167,109,46,176,206,178,52,54,119,185,159,202
46,66,67,132,54,135,139,77,206,205,216,211,149,150,152,196,90,218,95,155,167,168,106,174,111,113,118,212,58,123,190,127
47,149,204,76,130,184,146,211,148,122,86,153,175,156,93,150,95,219,212,104,111,114,51,186,120,57,58,189,62,127
48,194,67,132,69,70,199,74,142,79,80,81,211,84,214,217,154,91,165,162,168,171,172,173,111,55,202,190,63
49,66,195,132,135,194,142,146,211,206,86,151,68,155,94,160,162,170,171,108,173,168,116,89,55,185,87,187,60,191
50,66,164,133,71,200,137,76,182,81,146,150,215,90,159,176,98,100,165,210,156,106,107,178,111,112,140,138,119,121,217,187,125,191
51,130,67,86,70,204,192,209,83,152,68,156,150,182,103,106,171,173,174,147,116,54,56,122,60
52,193,66,135,74,76,209,85,186,154,92,93,163,164,102,178,104,156,170,111,114,190,122,123,124,62
53,128,67,196,71,72,205,79,80,209,147,212,87,89,218,94,95,217,110,176,136,179,117,55,57,122,159,189,62
54,130,132,134,135,194,108,138,75,77,142,205,84,85,199,176,164,155,94,161,100,105,171,157,112,181,119,184,187,189,190
55,195,137,207,80,83,214,215,156,93,159,176,197,163,101,103,104,169,167,113,116,201,121,123,124,125,190
56,66,73,138,210,153,201,156,58,158,160,164,106,114,181,121,186,189
57,69,134,65,138,142,79,184,151,88,91,157,199,165,207,101,177,107,108,110,104,209,72,60,62
58,140,142,131,153,156,169,170,174,176,178,115,181,182,184,62,193,73,202,76,82,211,212,86,88,89,218,92,147,204,120,123
59,193,194,68,77,145,188,148,150,217,152,89,154,158,98,70,102,106,111,178,115,169,187,60,189
60,128,132,154,156,159,162,163,164,166,170,171,172,181,138,137,185,189,64,195,202,77,78,79,81,210,83,92,96,109,61,211,121,122,124
61,128,192,195,70,193,74,76,194,142,173,80,209,146,83,212,219,159,163,166,188,107,172,109,111,179,184
62,64,128,194,161,72,74,215,205,142,146,217,218,86,93,133,164,167,199,174,111,177,120,121,126,127
63,194,72,138,203,206,81,146,148,196,87,132,165,98,99,212,102,177,105,199,172,136,183,213,84,215,166
64,194,132,199,73,205,78,207,75,67,84,85,203,201,91,156,218,155,167,106,146,111,215,140,119,185,87,125,149
65,128,160,195,70,203,76,209,147,219,86,157,133,96,164,102,106,172,111,180,117,183,187,192
66,133,200,138,203,143,212,110,215,218,91,117,185,186
67,130,136,151,209,146,147,84,87,88,93,211,176,163,101,210,200,172,109,110,113,116,118,119,180,124,213
68,196,70,201,138,78,214,215,153,92,158,159,96,162,112,182,121,124,149
69,192,194,196,133,76,77,206,144,141,82,148,185,216,89,155,160,187,166,171,146,136,180,95,188,189,190
70,201,74,75,194,80,115,146,131,147,151,89,184,208,94,209,100,195,112,110,192,181,153,186
71,192,197,138,75,76,79,201,84,87,93,163,102,107,108,116,119,185,186,191,127
72,193,194,75,214,136,76,80,184,82,147,86,216,89,154,219,94,96,161,162,209,104,106,108,195,174,177,178,172,180,73,120,183,124,170
73,195,108,139,144,209,210,152,157,159,96,178,171,172,173,112,114,185,125,190,85
74,192,198,78,207,80,210,84,121,91,92,93,158,95,144,155,100,166,102,113,212,116,124,195
75,195,172,138,203,77,79,155,163,100,165,169,135,108,179,120,191
76,139,145,146,152,155,158,160,161,164,165,167,173,174,176,179,182,188,134,192,194,196,201,203,80,83,214,96,99,116,122
77,192,134,129,137,162,78,152,171,84,150,93,160,183,169,107,110,174,176,178,180,170,184,121,106
78,128,197,198,203,192,80,145,205,83,150,153,193,98,164,129,199,174,173,178,120,186,202
79,129,132,179,139,143,131,203,216,93,162,165,195,104,199,113,121,217,191
80,194,150,201,143,208,82,83,212,86,215,186,97,188,170,197,108,110,113,211,116,118,185,136,187,124
81,195,199,202,139,205,173,82,147,206,214,151,88,156,93,218,95,162,164,106,109,110,117,182,121,125
82,199,212,85,179,92,218,94,159,133,162,163,166,169,115,185,123
83,129,139,207,195,142,150,217,154,159,197,164,208,206,178,191
84,96,137,139,204,145,205,195,171,151,216,201,91,133,97,98,135,111,219,128,181,118,169,202,121,187,188,125,215
85,140,144,154,163,166,173,175,177,179,183,184,180,189,190,191,197,200,204,209,214,216,90,93,111,120,124,125,126
86,192,175,193,168,140,162,217,211,185,216,111,133,176,98,99,165,103,197,173,136,187,189,121,159,200,106
87,134,128,205,150,89,157,94,165,191,100,145,129,170,200,109,175,179,118,119,184,121,123,188,189
88,132,182,138,203,206,146,151,217,96,176,167,210,112,113,209,117,118,215,122,190,127
89,128,193,131,199,201,202,139,144,212,214,218,219,156,93,96,97,113,104,109,211,116,120,151,125,126
90,193,194,133,213,174,218,199,95,101,169,103,179,118,183,191
91,139,178,129,201,130,143,209,146,216,218,92,161,100,172,173,168,114,116,212,118,183,217,188,126,191
92,131,213,151,218,161,162,163,104,188,144,107,174,112,114,187
93,100,214,136,215,165,156,193,171,208,109,190,202,191
94,198,129,195,196,151,162,206,205,152,146,150,153,218,97,98,165,193,167,115,126,181
95,196,135,136,148,214,219,159,133,208,209,169,107,200,212,190,181
96,132,133,134,140,154,155,156,158,170,173,174,177,172,180,183,184,191,198,202,206,207,97,98,100,101,111,120,126
97,128,129,139,151,159,160,167,170,171,176,179,180,185,190,195,197,199,202,205,206,209,144,100,103,109,113,118
98,139,144,195,150,214,99,101,169,191,175,176,177,187,119
99,128,131,133,136,203,141,216,148,149,151,152,154,167,104,188,171,108,179,187,124,126
100,129,179,143,194,145,147,149,150,152,134,151,113,114,115,124
101,133,134,193,136,147,216,175,154,150,159,104,157,176,168,190,127
102,198,204,208,132,187,165,166,105,127,111,115,118,121,126
103,192,131,179,198,135,162,205,201,146,170,151,207,157,106,199,200,178,115,116,120,122,123,125,215
104,132,138,204,208,196,150,217,216,218,188,162,167,105,200,136,117,124,202
105,192,160,203,130,211,213,152,219,173,168,126,186,123,189,190
106,209,129,137,128,211,148,174,216,132,155,178,109,113,116,219,180,186,123,125
107,136,207,144,211,214,159,160,163,113,109,111,177,181,200,125,190
108,192,182,130,218,155,160,156,111,176,178,147,137
109,197,134,206,131,139,124,170,177,113,178,211,116,181,169,184,121,215,126
110,134,137,138,215,217,207,158,165,167,168,209,119,187,190
111,194,136,128,203,140,206,141,147,121,155,165,144,219,117,182,137,116,122,149
112,135,142,213,214,152,196,154,160,209,161,217,177,179,137,186,125,190,127
113,135,136,137,140,205,146,158,160,166,187,181,121,123,188,213
114,134,184,143,150,152,155,198,173,200,115,181,182,201,123,189
115,192,129,194,201,203,204,206,212,149,215,219,156,198,167,172,200,180,118,184,121,188
116,130,214,215,207,209,156,149,151,135,129,174,185,121,187,189
117,198,140,142,211,212,152,219,161,164,174,177,179,182,124
118,129,192,141,143,152,217,164,175,182,212,188,215
119,192,196,202,140,150,152,155,156,209,168,169,135,172,177,204,186
120,131,132,197,193,201,141,139,217,216,218,155,157,166,171,160,187
121,207,190,158,196,156,162,202,165,168,125,206,126,138,122,215
122,172,192,193,215,205,144,146,151,185,164,166,201,187
123,128,193,130,132,197,204,141,148,213,153,156,200,163,165,167,172,189,176,180,188,183,190
124,132,135,136,146,195,158,162,166,169,173,177,181,183,190,161,204,210,211,213,216,218,127
125,130,171,196,202,213,144,147,154,157,166,172,177,159,190,191
126,196,133,210,145,146,150,185,158,166,168,171,174,177,183,213
127,193,131,134,136,203,162,145,212,164,218,182,169,184
128,134,138,140,190,209,146,206,150,216,163,195,168,177,204,189
129,192,179,150,137,154,162,208,200,158,191,151,149
130,197,203,195,216,155,163,174,176,137,212
131,196,137,216,156,158,149,166,170,167,173,217,153
132,195,182,136,168,189,196,148,142,155,163,200,191,175,219,181,169,170
133,179,198,194,202,141,142,190,207,158,212,195,176,148
134,160,193,173,208,209,150,217,155,161,163,167,168,157,177,181,201,189
135,194,214,137,204,205,208,185,216,153,219,157,176,212,169,187,183
136,199,138,203,140,210,175,188,145,169,200,179,180,183,215
137,172,210,151,216,217,219,167,195,181
138,203,205,210,185,159,167,200,176,168,181
139,195,206,216,218,159,168,217,212,186,187,143
140,209,190,178,207,216,205
141,192,198,207,210,148,217,152,164,161,171,188,213
142,192,203,206,143,151,216,154,156,185,197,176,211,169,187
143,196,146,217,154,165,167,208,174,176,187
144,198,200,145,147,150,216,189,178,219,202,188,213
145,213,197,215,206,164,219,156,166,170,171,175,184,190
146,203,194,154,149,172,180,190
147,197,172,210,150,154,156,157,160,208,200,178,180,184
148,199,200,201,216,149,215,152,219,168,179,202
149,213,198,207,208,163,196,215,216,166,157,178,191
150,179,161,201,207,214,164,219,215,178,167,158,182
151,196,173,219,157,165,176,179,161,187
152,196,182,194,213,158,219,156,159,161,178,188,181
153,160,203,175,205,155,164,167,169,168,188
154,214,198,161,202,160,204,212,216,211,199,165,166,176,172,181,201,163
155,200,172,217,218,219,165,214,178,171,166
156,159,160,186,187,188,200,204,219
157,194,210,217,185,165,162,199,174,189
158,179,162,172,204,183,192
159,207,196,201,163
160,194,202,213,216,207,167,165,174,201
161,202,206,207,209,164,194,170,189
162,181,215,216,166,175,178,169
163,202,205,219,171,203,175,213
164,196,210,174,185,190
165,203,214,205,169,170,180,217,201
166,213,204,186,179,182,212
167,206,216,211,207,199,175,177
168,203,204,219,199,175,215,188,213
169,196,217,181,189,190
170,197,202,188,178,182,187,189
171,196,202,203,205,213,218,173,181,201
172,199,205,216,212,218,211,208,188,182,185
173,194,202,188,174,182,184
174,195,196,197,205,212,194,178,187,188
175,195,178,184,217,190
176,204,208,219,184,189
177,197,201,218,180,182
178,189,183,190
179,196,198,195,197,180,212,217,191
180,198,208,209,212,214,216,207,197,200,189
181,205,196,219,212,188,185
182,192,194,195,198,196,212
183,186,187,193,190,185
184,213
185,198,194,213,199,208,197,191
186,200,214,210,188
187,219,212,213
188,204,190,191
189,192,215,209,214,217,190
190,193,208
191,195,211,219
192,203,216,215
193,213,204,206,211
194,196,204,216,210,199
195,208,213,203
196,197,199,202,203,209,213,214
197,200,201,205,210,216
198,202
199,206,208,216,200,215
200
201,209,213
202,203,204,206
203,209
204,213,216,219
205,210
206,210,215
207,215,211
208,213
209,217,219
210,219,212,213
211,216
212,213
213,217
214,216
215,216
216
217,219
218
219
