n_nodes:87
n_edges:3371
density:0.9011
0,1,2,3,4,5,6,7,8,9,10,11,12,13,14,15,16,17,19,20,21,22,23,24,25,26,27,30,31,32,33,34,35,36,37,38,39,40,41,42,43,44,45,46,47,48,49,50,51,52,54,55,57,58,59,60,62,63,64,65,66,67,68,69,70,71,72,73,74,75,77,78,79,80,81,82,83,84,85,86
1,2,3,4,6,8,10,11,12,13,14,15,16,17,18,19,20,21,22,23,25,26,27,28,29,30,31,32,33,34,35,36,38,39,40,41,42,43,44,45,46,47,48,49,50,51,52,53,54,55,56,57,59,60,61,62,63,64,65,66,68,70,72,73,74,75,76,79,80,81,82,83,84,86
2,3,4,5,6,7,8,9,10,12,13,14,15,16,17,18,19,20,21,22,23,24,25,26,27,28,29,31,32,33,34,35,36,37,38,39,40,42,43,44,45,47,48,49,50,51,52,53,54,55,56,57,58,59,61,62,63,64,65,66,67,68,69,70,71,72,73,74,75,76,77,78,79,80,83,84,85,86
3,4,5,6,8,9,10,11,12,13,14,15,16,17,18,19,20,21,22,23,24,25,26,27,29,30,31,33,34,35,36,37,39,40,41,42,43,44,45,46,47,48,49,50,53,54,55,56,57,58,59,60,63,64,65,66,67,68,70,72,73,74,75,77,78,79,80,81,82,83,84,85,86
4,5,6,7,8,9,11,12,13,14,15,16,17,18,19,20,21,22,23,24,25,26,27,28,29,30,31,32,33,34,35,36,37,38,40,41,43,44,45,46,47,48,49,50,51,52,53,54,55,56,57,58,59,60,61,62,63,64,65,66,67,68,69,70,72,73,74,75,76,77,78,79,80,81,82,83,84,85,86
5,6,7,8,9,10,11,12,13,14,15,16,17,18,19,20,21,23,24,25,26,27,28,29,30,31,32,33,34,36,37,38,39,40,41,42,43,44,45,46,48,49,50,51,52,53,54,55,56,58,59,60,61,62,63,64,65,67,68,69,70,72,73,74,75,76,77,78,79,80,81,82,83,84,86
6,7,8,9,10,11,12,13,14,15,16,17,18,19,20,21,22,23,24,25,26,27,28,29,30,31,34,35,36,37,38,39,40,41,42,43,44,45,46,47,49,50,52,53,54,55,56,57,58,59,60,62,63,64,65,66,68,69,70,72,73,74,75,76,77,78,79,80,81,82,83,85,86
7,8,9,10,11,12,13,14,15,16,17,19,20,21,23,24,25,27,28,29,30,31,32,33,34,35,36,37,38,39,40,43,44,45,46,47,48,49,50,51,52,53,54,55,56,57,59,60,61,62,63,64,65,66,67,68,70,71,72,74,75,76,78,79,80,81,82,84,85,86
8,9,11,12,13,14,15,16,17,18,19,20,21,22,23,24,25,26,27,28,29,30,31,32,33,34,35,36,37,38,39,41,42,43,44,45,46,47,49,50,51,53,54,55,56,57,58,59,60,62,63,65,66,67,69,70,71,73,74,76,77,78,79,80,81,82,83,84,85,86
9,10,11,12,13,14,15,16,17,18,19,20,21,22,23,24,25,26,28,30,31,32,33,34,35,36,37,38,39,40,41,42,43,44,45,46,47,48,49,51,52,53,54,56,57,60,61,62,64,65,66,67,68,69,70,71,72,73,74,75,76,77,78,79,80,81,82,83,84,85,86
10,12,13,14,15,16,17,18,19,20,21,22,24,26,27,28,29,30,31,32,33,34,35,36,38,39,40,42,43,44,45,46,47,48,49,50,52,53,54,55,56,57,58,59,60,62,63,64,66,67,68,69,70,72,73,74,75,76,77,78,79,80,81,83,84,86
11,12,13,14,15,16,17,18,19,20,21,22,23,24,25,26,27,28,29,30,31,32,33,34,35,36,37,38,39,40,41,42,43,44,46,47,48,49,50,51,52,53,54,55,56,57,58,59,60,63,64,65,66,67,69,71,72,73,74,75,76,77,78,79,80,81,82,83,84,85,86
12,13,14,15,16,17,19,21,22,23,24,26,27,28,29,31,32,33,34,35,36,37,38,39,41,42,43,44,45,46,47,48,49,50,51,52,53,54,56,57,58,60,61,62,63,64,65,66,67,68,69,70,71,73,74,75,76,77,78,79,80,81,82,83,84,85,86
13,14,15,16,17,18,20,21,22,23,24,25,26,27,28,29,30,31,32,33,34,35,36,37,38,39,40,41,42,43,44,45,46,47,48,49,50,51,52,53,54,55,56,57,58,59,61,62,63,64,65,66,67,68,69,70,71,72,73,74,75,76,77,78,79,80,81,82,83,84,85
14,15,16,17,18,20,21,22,24,25,26,27,28,30,31,32,33,34,35,38,39,40,41,42,43,45,46,47,48,49,50,51,52,53,54,55,56,57,59,60,61,62,63,64,65,66,67,68,69,70,71,72,73,74,75,77,78,79,80,82,83,85,86
15,16,17,18,19,20,21,22,23,24,25,27,28,30,31,32,33,34,35,36,37,38,39,40,41,42,43,44,45,46,47,48,49,50,51,52,53,54,55,56,57,58,59,60,61,62,63,64,65,66,67,68,69,70,71,72,73,74,75,76,77,79,80,81,82,83,84,85,86
16,17,18,19,20,21,22,23,25,26,27,29,30,32,35,36,37,38,39,40,41,42,44,45,46,48,49,50,51,52,53,54,55,56,57,58,59,60,61,62,63,64,65,66,67,68,69,70,71,72,73,75,76,77,78,79,80,82,83,84,86
17,18,19,20,21,22,23,24,25,26,27,28,29,30,31,32,33,34,35,36,38,39,40,42,43,44,45,46,47,48,49,50,52,55,56,59,60,61,62,63,64,65,66,67,68,69,70,71,72,73,74,75,76,77,78,79,80,81,82,83,84,85,86
18,19,20,21,22,23,24,25,26,27,28,31,32,33,34,35,36,37,38,39,40,41,42,43,44,45,46,48,49,50,51,52,53,54,55,56,57,58,59,60,61,62,63,64,65,66,67,68,69,70,71,72,73,75,76,77,78,79,80,81,82,83,84,85,86
19,21,22,23,24,25,26,27,28,29,31,32,33,34,35,36,37,38,39,40,41,42,43,44,45,46,47,48,49,50,51,52,53,54,55,57,58,59,60,61,62,63,64,65,66,68,69,70,71,72,73,74,75,76,77,78,79,80,81,82,83,84,85,86
20,21,22,23,25,26,27,28,29,30,31,32,33,34,35,36,37,38,39,40,41,42,43,44,45,46,47,48,49,50,51,52,53,55,56,57,58,59,60,61,62,63,64,65,66,67,68,69,70,71,72,73,74,75,76,77,79,80,81,82,83,84,85,86
21,22,23,25,26,27,28,29,30,31,32,33,34,35,36,37,38,39,40,41,42,43,44,45,46,47,48,49,50,51,52,53,54,55,58,59,60,61,62,63,64,65,66,67,69,70,71,72,74,75,76,77,78,79,80,82,83,84,85
22,23,24,25,26,27,28,29,30,31,32,33,34,35,36,37,39,40,41,42,43,44,45,46,47,48,49,50,51,52,53,54,55,56,57,58,59,61,62,63,64,65,66,67,68,69,70,71,72,73,74,76,77,78,79,82,83,84,85,86
23,24,25,26,27,28,29,30,31,32,33,34,35,36,37,39,40,41,44,45,46,47,48,49,50,51,52,53,54,55,57,58,59,60,62,63,65,66,67,68,70,71,72,73,74,75,76,79,80,81,82,83,85
24,25,26,27,28,29,30,31,32,33,34,36,37,39,40,41,42,43,44,45,47,48,49,50,51,52,53,55,56,57,58,59,60,61,62,64,65,66,67,68,69,70,71,72,73,74,75,76,77,78,79,80,81,82,83,84,85,86
25,26,27,29,30,31,32,33,34,35,36,37,40,42,43,44,45,47,48,49,51,52,53,54,55,56,57,58,59,60,61,62,63,64,65,66,67,68,69,71,72,73,74,75,76,77,79,80,81,82,84,86
26,27,28,29,30,31,34,35,36,37,39,40,42,43,45,46,47,48,49,50,51,52,53,54,55,56,57,59,60,61,62,64,66,71,72,73,74,75,77,79,80,81,82,83,84,85,86
27,28,29,30,31,32,33,34,35,36,37,38,39,40,42,43,44,46,47,48,49,50,52,53,54,55,56,58,59,60,61,63,64,65,66,67,68,69,70,71,72,73,74,75,76,77,78,79,80,81,82,83,84,85,86
28,29,31,32,33,34,35,36,37,38,39,40,41,42,43,44,45,46,47,48,49,50,51,52,53,54,55,56,57,58,59,60,61,62,63,64,65,66,67,68,69,70,71,72,73,74,75,76,77,78,79,80,81,82,83,84,85,86
29,30,31,32,33,34,35,36,37,38,39,40,41,42,43,44,45,46,47,48,49,50,52,54,55,56,57,58,59,60,61,62,63,64,65,67,68,69,70,71,72,73,74,75,76,77,78,80,81,82,84,85,86
30,31,32,33,34,35,36,37,40,41,42,43,44,45,46,48,49,50,51,52,53,54,55,56,57,58,59,60,63,64,65,66,67,68,69,70,71,72,73,74,75,76,77,78,79,80,81,82,84,85,86
31,32,33,34,35,36,37,38,39,40,41,42,43,44,45,46,48,49,50,51,52,53,54,55,56,57,59,60,62,63,64,65,66,67,68,69,71,72,73,74,75,77,79,80,81,82,83,84,85,86
32,33,34,36,37,38,39,40,41,42,44,45,46,48,49,50,51,52,53,54,56,57,58,59,60,61,62,65,66,67,68,70,71,72,73,74,75,76,77,78,79,80,81,82,83,84,85,86
33,34,35,37,38,39,41,42,43,46,47,48,49,50,51,52,53,54,55,56,57,58,59,60,61,62,63,64,65,66,67,69,70,71,72,73,74,75,76,77,78,79,81,82,83,85,86
34,35,37,38,39,40,41,42,43,44,45,47,48,50,51,52,53,54,55,56,57,58,59,60,61,62,63,64,65,66,67,69,70,71,72,73,74,75,76,77,79,80,81,82,83,85,86
35,36,37,38,39,40,41,42,43,45,46,47,48,49,50,51,52,53,54,55,56,57,58,59,60,61,63,64,65,68,69,70,71,72,73,74,75,76,77,78,79,80,81,82,83,84,85
36,37,38,39,40,41,42,43,44,45,46,47,48,49,50,51,52,54,55,57,58,59,60,61,62,63,64,65,66,67,68,69,70,72,73,74,76,77,78,79,80,81,82,83,84,85,86
37,38,39,40,41,42,44,45,46,48,50,52,53,54,55,56,57,58,59,60,61,62,63,64,66,67,68,69,70,72,73,74,75,76,78,79,80,81,82,83,84,85,86
38,39,40,41,42,43,44,45,47,48,49,50,51,52,53,54,55,56,57,59,60,61,62,64,65,66,67,68,69,70,71,73,74,75,76,77,78,79,80,81,82,83,84,85,86
39,40,41,42,43,44,45,46,48,49,51,52,54,55,56,57,58,59,60,61,62,63,64,65,66,67,69,70,71,72,73,74,75,76,77,79,80,81,82,83,84,85,86
40,41,42,43,45,46,47,48,49,50,51,52,53,54,55,56,57,58,59,60,61,62,63,65,66,67,68,69,70,72,74,75,76,77,78,79,80,81,82,83,84,85,86
41,42,43,44,45,46,47,48,49,50,51,52,53,54,56,57,58,59,60,61,62,63,64,65,66,67,68,69,70,71,73,74,75,76,77,78,79,80,81,82,83,84,85
42,43,44,45,46,47,48,49,50,51,52,53,55,57,58,59,60,61,62,63,64,65,66,67,68,69,70,72,73,75,76,79,80,81,82,83,84
43,44,45,46,47,48,50,51,52,53,54,56,57,58,59,60,61,62,63,64,65,66,67,68,69,70,71,72,73,74,75,76,77,78,79,80,81,82,83,84,85,86
44,45,46,47,48,49,50,51,52,53,54,55,57,58,59,60,61,62,63,64,65,66,67,69,71,72,73,74,75,76,77,78,79,80,81,82,83,84,85,86
45,46,49,50,51,52,53,54,55,56,57,58,59,60,61,63,64,65,66,67,68,69,70,71,72,74,76,77,78,79,80,81,83,84,85,86
46,47,48,49,50,51,52,53,54,56,57,58,59,61,62,63,64,65,66,67,68,69,70,71,72,73,74,75,76,77,78,79,80,81,82,83,84,86
47,48,49,50,51,52,53,54,55,56,57,58,59,60,61,62,63,64,65,67,69,70,71,72,73,74,75,76,77,78,79,80,81,82,83,84,85,86
48,49,50,51,52,53,54,56,57,58,59,60,61,62,63,64,65,67,68,70,71,72,75,76,78,79,80,81,82,83,84,85,86
49,50,51,52,53,54,55,56,58,60,61,62,64,65,66,67,68,69,70,71,72,73,74,75,76,77,79,80,81,83,84,85,86
50,51,52,53,54,55,56,57,58,59,60,61,62,63,64,65,66,68,69,71,72,73,74,75,76,77,78,79,80,81,82,83,85,86
51,52,53,54,55,56,57,58,59,60,61,62,63,64,66,67,68,69,70,71,72,73,74,75,76,77,78,79,80,81,82,84,85,86
52,53,55,56,57,59,60,61,62,64,65,66,67,68,69,70,71,72,73,74,75,76,77,78,79,80,81,82,83,84,85
53,54,55,56,57,58,59,60,61,62,63,64,65,66,67,68,69,70,71,72,73,74,75,77,78,79,80,81,83,84,85,86
54,55,56,57,59,60,61,62,63,64,65,66,68,69,70,71,72,73,74,75,76,78,79,80,81,82,83,85,86
55,56,57,59,60,62,64,65,66,67,68,69,70,71,72,73,74,75,76,78,79,80,81,82,83,84,85
56,57,58,59,61,62,63,64,65,66,67,68,69,70,71,72,73,74,75,76,77,78,79,80,81,82,83,85,86
57,58,59,60,61,62,63,64,65,66,67,68,69,70,71,72,73,74,75,76,77,78,79,80,81,82,83,84,85,86
58,59,60,61,62,63,64,65,66,67,69,70,71,72,73,74,75,76,77,78,79,80,81,82,83,84,86
59,60,61,62,63,64,65,66,68,69,70,71,72,73,74,75,77,78,79,80,81,82,83,85,86
60,61,62,63,64,65,66,68,69,71,72,73,74,75,76,77,78,79,80,81,82,83,84,85,86
61,62,63,64,65,66,67,68,69,70,71,72,73,74,75,76,77,78,79,81,82,83,84,85,86
62,63,64,65,66,67,68,69,70,71,72,73,74,75,76,77,78,79,80,81,82,83,84,86
63,64,65,66,67,68,69,71,72,73,74,75,76,77,78,79,80,81,82,83,85
64,65,66,67,69,70,72,73,74,75,76,78,79,81,82,83,84,85,86
65,66,67,68,69,70,71,72,73,74,75,77,78,79,81,82,83,84,85,86
66,67,68,69,70,71,73,74,75,76,77,78,79,80,81,82,83,84,85,86
67,68,69,71,72,73,74,75,76,78,79,80,81,82,83,84,86
68,69,70,71,72,73,74,75,76,78,80,81,83,84,85,86
69,70,71,73,74,75,76,77,78,79,80,81,82,83,85,86
70,71,72,73,74,75,76,77,78,80,81,82,83,84,85,86
71,72,73,74,75,76,77,78,79,80,81,83,84,86
72,73,74,75,76,77,78,79,81,82,84,85,86
73,74,75,76,77,78,79,80,81,82,83,84,85
74,75,76,77,78,79,80,81,82,83,84,85,86
75,76,77,78,80,81,82,83,84,85,86
76,77,78,79,80,81,82,84,85,86
77,78,79,80,81,82,83,84,85,86
78,79,80,81,82,83,84,85,86
79,80,81,82,83,84,85,86
80,81,82,83,84,85,86
81,82,84,85,86
82,83,84,85,86
83,84,85,86
84,85,86
85,86
86
