n_nodes:213
n_edges:20537
density:0.9096
0,1,2,3,4,5,6,7,8,9,10,11,12,13,14,15,16,17,18,19,20,21,23,24,27,28,29,30,31,32,33,34,36,37,38,40,41,42,43,44,45,46,47,48,49,50,51,53,54,55,56,57,58,59,60,61,62,63,64,65,66,67,68,69,70,71,72,73,74,75,76,77,78,79,80,81,82,83,84,86,87,88,89,90,91,92,93,94,95,96,97,98,99,100,102,103,105,106,109,110,111,112,113,114,115,117,118,120,121,122,123,124,125,126,127,128,129,130,131,132,133,134,135,136,137,138,139,141,142,143,144,145,147,150,151,152,153,154,155,157,160,161,162,163,164,165,166,167,168,169,170,171,172,173,174,175,176,177,178,180,181,182,183,184,185,186,187,188,190,191,192,193,194,195,197,198,199,200,201,202,203,204,205,206,207,209,210,211,212
1,2,3,4,6,7,8,9,10,11,12,13,14,15,16,17,18,20,21,23,25,26,27,28,29,30,31,32,33,34,35,36,38,39,40,41,42,43,44,45,46,47,48,49,50,52,53,54,55,56,57,58,59,60,61,62,63,64,65,66,67,68,69,71,72,73,74,75,76,77,78,79,80,81,82,83,84,85,87,88,89,90,91,92,93,94,95,96,97,98,100,101,102,103,104,105,106,107,108,109,110,111,112,113,114,116,117,118,119,120,121,122,124,126,127,128,129,130,131,132,133,134,135,136,137,138,139,140,141,142,143,144,145,146,147,148,149,150,151,152,153,154,155,156,158,159,160,162,163,164,165,166,167,168,170,171,173,174,175,177,178,179,180,181,182,183,185,186,187,188,189,190,191,192,193,195,196,197,198,199,200,201,202,203,204,205,206,207,208,209,210,211,212
2,3,4,5,6,7,8,9,10,11,12,13,14,15,16,17,18,19,20,21,22,23,24,26,27,28,29,30,31,33,35,36,37,38,39,40,41,42,43,44,45,46,47,48,50,51,52,53,54,55,56,57,58,59,60,61,63,64,66,67,68,70,71,72,73,74,75,76,77,78,79,80,81,82,83,84,85,86,88,89,90,91,92,93,94,95,96,97,99,100,101,102,103,104,105,106,107,108,110,111,112,113,114,115,116,117,118,119,120,121,123,124,125,126,127,128,129,130,131,132,133,134,135,137,138,140,141,142,143,144,145,146,147,148,149,150,152,153,154,155,156,157,158,159,160,161,162,163,164,165,166,167,168,170,171,173,174,175,177,178,179,180,181,182,183,184,185,186,187,188,189,190,191,192,193,194,196,197,199,200,202,203,204,205,206,207,208,209,210,211,212
3,4,5,6,7,8,9,10,11,12,13,14,15,16,17,18,19,20,21,22,23,24,25,26,27,28,29,31,32,33,34,35,37,38,39,40,42,43,44,45,46,47,48,49,51,52,53,54,55,57,58,59,60,61,62,63,64,65,66,67,68,70,71,72,74,75,76,77,78,79,80,81,82,83,84,85,86,87,88,89,90,91,92,93,94,96,97,98,100,101,102,103,104,105,106,107,108,109,110,111,112,113,114,115,116,117,118,119,120,121,122,123,124,126,127,128,129,130,131,132,133,134,135,136,138,139,140,141,143,144,145,146,147,148,149,151,152,153,154,155,156,157,159,160,162,163,164,166,167,168,170,171,172,173,174,175,177,178,179,180,181,182,183,184,185,186,187,188,189,190,191,192,193,195,196,197,198,199,200,201,202,203,204,206,207,208,209,210,211,212
4,5,6,7,8,9,10,11,12,13,14,16,17,18,19,20,21,22,23,24,25,26,29,30,31,33,34,35,36,37,38,39,40,41,42,43,44,45,46,47,48,49,50,51,52,53,54,55,56,57,58,59,60,61,62,63,64,65,66,67,68,69,70,72,73,74,75,76,77,78,80,81,82,83,84,85,86,87,89,90,91,92,93,94,95,96,97,98,99,100,101,103,104,105,106,107,108,109,110,111,112,113,114,115,116,117,118,119,120,121,122,123,124,125,126,127,128,129,130,131,132,133,134,135,136,137,138,139,140,141,143,145,146,148,149,150,152,153,154,155,156,157,158,159,160,161,162,163,164,165,166,167,168,169,170,171,172,173,174,175,176,177,178,179,181,182,183,184,185,186,187,188,189,190,191,192,193,194,196,197,198,199,200,201,202,203,204,205,206,207,208,210,211,212
5,6,7,8,9,10,11,12,13,14,15,16,17,18,19,20,21,22,23,24,25,26,27,28,29,30,31,32,33,34,35,36,37,38,39,40,41,42,43,46,47,48,49,50,51,52,53,54,55,56,57,58,59,60,62,63,64,65,66,67,68,69,70,72,73,74,75,76,77,78,79,80,81,82,83,85,86,87,88,89,90,91,92,93,94,96,97,98,99,101,102,103,104,105,106,107,108,110,111,112,113,114,115,116,117,119,120,121,122,123,124,125,126,127,128,129,130,131,132,133,134,135,136,137,138,139,140,141,142,143,144,145,146,147,148,149,150,151,152,153,154,155,156,157,158,159,160,161,162,163,164,165,167,168,169,170,171,172,173,174,175,176,177,178,179,180,181,182,183,184,185,186,187,188,189,190,191,192,193,194,195,196,197,198,200,201,202,203,204,205,206,207,208,209,210,211,212
6,7,8,9,10,11,12,13,14,15,16,17,18,19,20,21,22,24,25,26,27,28,29,30,31,32,33,34,35,36,38,39,40,41,42,43,44,45,46,48,49,50,51,52,53,54,55,56,57,58,59,60,61,62,63,64,65,66,67,68,69,70,72,73,74,75,76,77,78,79,80,81,82,83,84,85,86,87,88,89,90,92,93,94,95,96,97,98,99,100,101,102,103,104,105,106,107,108,109,111,112,113,114,115,116,117,118,120,121,122,123,124,125,126,128,129,130,131,132,133,134,136,137,138,139,141,142,143,144,145,146,147,148,149,150,151,152,153,154,155,156,157,159,160,161,162,163,164,165,166,167,168,169,170,171,172,173,174,175,176,177,178,179,180,181,182,183,185,186,187,188,189,190,191,193,194,195,196,197,198,199,200,201,202,203,204,205,206,207,208,209,211,212
7,8,9,10,11,12,13,14,15,16,17,18,19,20,21,22,23,24,25,26,27,28,29,31,32,33,34,35,36,37,39,40,41,42,43,44,45,46,47,48,49,50,52,53,54,55,56,57,58,59,60,61,62,63,64,65,66,67,70,71,72,73,74,75,76,77,78,79,80,81,82,83,85,86,87,88,89,90,91,93,94,95,96,97,98,100,101,102,103,106,107,108,109,110,111,112,113,114,115,116,117,118,119,120,121,122,123,124,125,126,127,128,129,130,131,132,133,134,136,137,138,139,140,141,142,143,144,145,146,147,148,149,150,151,152,153,154,155,156,157,158,159,160,161,162,163,164,165,166,169,171,172,173,174,175,176,177,178,179,180,181,182,183,184,186,187,188,189,190,191,192,193,194,195,196,197,198,199,200,201,202,203,204,205,206,208,209,211,212
8,9,10,11,12,14,15,16,17,18,19,20,21,22,23,24,25,26,27,28,30,31,32,33,34,35,36,37,38,39,40,41,42,43,44,45,46,47,48,49,50,52,53,54,55,56,57,58,59,60,61,62,63,64,65,66,67,68,70,71,72,73,74,75,76,77,79,80,81,82,83,85,86,87,88,89,91,92,93,94,95,96,97,98,99,100,101,102,103,104,105,106,107,108,109,110,111,112,113,114,115,116,117,120,121,122,123,124,125,127,128,129,130,131,132,133,135,136,137,138,139,140,141,142,143,144,145,146,147,148,149,150,151,152,153,154,155,156,157,158,159,160,161,162,163,164,165,166,167,168,169,170,171,172,173,174,175,177,178,179,180,181,182,184,185,187,188,189,190,191,192,193,194,195,196,197,198,199,200,201,202,203,204,205,207,208,209,210,212
9,10,11,12,13,14,15,16,17,18,19,20,22,23,24,26,27,28,29,30,31,32,33,35,36,37,38,39,40,42,43,44,45,46,47,48,49,50,51,52,53,54,55,56,57,58,59,60,61,62,63,64,66,67,68,69,70,71,72,74,75,76,77,78,79,80,81,82,83,84,85,86,87,88,89,90,91,92,93,94,95,96,97,98,99,100,101,102,103,104,105,106,107,108,111,112,113,114,117,118,119,121,122,123,124,125,126,127,128,129,130,131,132,133,134,135,136,137,138,139,140,141,142,143,144,145,146,147,149,150,151,152,153,154,155,156,157,158,159,160,161,162,163,164,165,166,167,168,169,170,171,172,173,174,175,176,177,178,180,181,182,183,184,185,186,187,188,189,190,191,192,193,194,195,196,197,198,199,200,201,202,204,205,207,208,209,212
10,11,12,13,14,16,17,19,20,21,22,24,25,26,27,28,29,30,31,32,33,34,35,36,38,39,40,41,42,43,44,45,46,48,49,50,51,52,54,55,56,57,58,59,60,61,62,63,64,65,67,68,69,70,72,73,74,75,76,77,78,79,80,81,82,83,84,85,86,87,88,89,90,91,92,93,95,96,97,98,99,100,101,102,104,105,106,107,108,109,110,111,112,114,115,116,117,118,119,120,121,122,123,124,125,127,128,129,130,131,132,133,134,135,137,138,139,140,141,142,143,144,147,148,149,150,151,152,153,154,155,156,157,158,159,160,161,162,163,164,166,167,168,169,170,171,172,173,174,175,176,177,178,179,180,181,182,183,184,185,186,187,188,189,190,191,192,193,194,195,196,197,198,199,201,202,203,204,205,206,207,208,209,210,212
11,12,13,15,17,18,19,20,21,22,23,24,25,26,27,28,29,31,32,33,34,35,36,37,38,39,40,41,42,43,44,45,46,47,48,49,50,51,52,53,54,55,56,57,58,59,60,61,62,63,64,65,66,69,70,71,72,73,75,76,77,78,79,80,81,82,84,85,86,88,89,90,91,92,93,94,95,96,97,98,99,101,102,103,106,107,108,109,110,111,112,114,115,116,117,119,120,121,122,123,124,125,126,127,128,129,130,131,132,133,134,135,136,137,138,139,140,141,142,143,144,145,146,148,149,150,151,152,153,154,155,156,157,158,160,161,162,163,164,166,168,169,170,171,172,173,174,175,177,178,179,180,183,185,186,187,188,189,190,191,192,193,194,195,196,197,198,199,200,201,202,203,204,205,206,207,208,209,210,211
12,13,14,15,16,18,19,20,21,22,23,24,25,26,28,30,32,33,34,35,36,37,38,39,40,41,42,43,44,45,46,47,48,49,50,51,52,53,54,55,56,57,58,59,60,61,62,63,64,65,66,67,68,69,71,72,73,74,75,76,77,80,81,82,83,84,85,86,87,88,89,90,91,92,93,94,95,96,97,98,99,100,101,102,103,104,105,106,107,108,109,110,111,112,113,114,115,116,117,119,120,121,122,123,124,126,127,128,129,130,132,133,134,135,136,137,138,139,140,141,142,143,144,145,148,149,150,151,153,154,155,156,158,159,160,161,162,163,164,165,166,169,170,171,172,173,175,176,177,178,179,180,181,182,183,184,185,186,187,188,189,190,191,192,193,194,195,196,197,198,199,201,202,203,204,205,208,209,210,211,212
13,14,15,16,17,18,19,20,21,22,23,24,25,26,27,28,29,30,31,32,33,34,35,36,37,38,39,40,41,42,43,45,46,47,48,50,51,52,53,54,55,56,57,59,60,61,62,63,64,65,66,67,68,69,71,72,73,74,75,76,77,78,79,80,81,82,83,84,85,86,87,88,89,90,91,92,93,94,95,96,97,98,99,100,101,102,103,104,105,106,107,108,109,110,111,112,113,114,116,117,118,119,120,121,122,123,124,125,126,127,128,129,130,131,132,133,134,135,136,137,138,139,141,142,143,144,146,147,148,149,151,152,153,154,156,157,158,159,161,162,163,164,165,166,167,168,169,170,171,172,173,174,175,177,180,181,182,183,184,185,186,187,188,189,190,192,193,195,196,198,199,200,201,202,203,204,205,206,207,208,209,210,211,212
14,15,16,17,18,19,20,21,22,23,24,25,26,28,29,30,31,32,34,35,36,37,38,39,40,41,42,43,45,46,47,49,50,52,53,54,55,56,57,58,59,60,61,62,63,64,65,66,67,68,69,70,71,72,74,75,76,77,78,80,81,82,83,84,85,86,87,88,89,90,91,92,93,94,95,96,97,98,99,100,101,102,104,106,107,109,111,112,113,114,115,116,117,118,119,120,121,122,123,125,126,127,128,129,130,131,132,133,134,135,136,137,138,139,140,141,142,143,144,145,146,147,148,149,150,151,152,153,154,156,157,158,159,160,161,162,163,164,165,166,167,168,169,170,171,172,173,174,175,176,177,179,180,181,182,183,184,185,186,187,188,189,190,191,192,193,194,195,196,197,198,199,200,201,202,204,205,206,207,208,209,210,211,212
15,16,17,18,19,20,21,22,23,24,25,26,27,28,29,30,31,32,33,34,35,36,37,38,40,41,42,43,44,45,46,47,48,49,51,52,53,54,55,56,57,58,59,60,62,63,64,65,66,67,68,69,70,71,72,73,74,75,76,77,78,79,80,82,83,84,85,86,87,88,89,90,91,92,94,95,96,97,98,99,100,101,102,103,104,105,106,107,108,109,110,111,112,113,114,115,116,117,118,119,120,121,122,123,124,125,126,128,129,130,131,132,133,134,135,136,137,138,139,140,141,142,143,144,146,148,149,150,151,153,154,155,158,159,160,161,162,163,164,165,166,167,168,169,170,171,172,173,174,175,176,177,178,179,180,182,183,184,185,186,187,189,190,191,192,193,194,195,196,197,198,199,200,201,202,203,204,205,206,207,208,209,210,211,212
16,17,18,19,20,21,22,23,24,25,26,27,28,29,30,31,32,33,34,35,36,37,38,39,40,41,42,43,44,45,46,47,48,50,51,52,53,54,55,56,57,58,59,60,61,63,64,65,66,67,68,69,71,72,73,74,75,76,77,79,80,81,82,83,84,85,86,87,88,89,90,91,92,93,94,95,97,98,99,100,101,102,103,104,105,106,107,108,109,110,111,112,113,114,115,116,117,119,120,121,122,123,124,126,127,128,129,130,131,132,134,135,136,137,138,139,140,141,142,143,144,145,146,147,148,149,150,151,153,154,155,156,157,158,160,161,163,164,165,166,167,168,169,170,171,172,173,174,175,176,177,178,179,180,181,183,184,185,186,187,188,189,190,191,192,194,195,196,197,198,199,200,201,202,204,205,206,207,208,210,211,212
17,18,19,20,21,22,23,24,25,26,27,28,29,30,31,33,34,35,36,37,39,40,41,42,43,44,45,46,47,48,49,50,51,52,53,54,55,56,57,58,59,60,61,62,63,64,66,67,68,69,70,71,72,73,75,76,77,78,80,82,83,85,86,87,88,89,90,91,92,93,95,96,97,98,99,100,101,102,103,104,105,106,107,108,110,111,112,113,114,115,116,117,118,119,120,123,124,125,126,127,130,131,132,133,134,136,138,139,140,141,142,143,144,145,146,147,148,149,150,151,152,153,154,155,156,157,158,159,160,161,162,163,164,165,166,167,168,170,171,173,174,175,176,177,178,179,180,181,182,183,185,186,187,188,190,191,192,193,194,195,197,198,199,200,201,202,203,204,205,206,207,208,209,210,211
18,19,20,22,23,24,25,26,27,28,29,30,31,33,34,35,36,37,38,39,40,41,42,43,44,45,46,47,48,49,50,51,52,54,55,56,57,58,59,60,61,62,63,64,65,67,69,70,71,72,73,74,76,77,78,79,80,81,82,83,84,85,86,87,88,89,90,91,92,93,94,95,97,98,99,100,102,103,104,105,106,108,109,111,112,114,115,116,117,118,119,120,121,122,123,124,125,126,127,128,129,130,131,132,133,134,135,136,137,138,140,141,142,143,144,145,146,147,148,149,150,151,152,153,154,155,156,157,158,159,160,161,162,163,164,165,166,167,168,169,170,171,172,173,174,175,176,177,178,179,180,181,182,183,184,185,186,187,188,189,190,191,192,193,195,197,198,199,200,201,203,204,205,206,208,209,212
19,20,21,22,23,24,25,26,27,28,29,30,32,33,35,36,37,38,39,40,41,42,43,44,45,46,47,48,49,50,52,54,55,56,57,58,59,61,64,65,67,68,69,70,71,72,74,75,76,77,78,79,80,81,82,83,84,85,86,87,88,89,90,91,92,93,94,95,96,97,98,99,100,101,102,103,104,105,106,107,108,109,110,111,112,113,114,115,116,117,118,121,122,123,124,125,128,129,130,131,132,133,134,135,136,137,139,140,141,142,143,144,145,146,147,148,149,151,152,153,154,155,156,157,158,159,160,161,163,164,165,166,167,168,169,170,171,172,174,175,176,177,178,179,180,181,182,184,185,186,187,188,189,190,191,192,193,194,195,196,198,199,201,202,203,204,205,206,207,208,209,210,211,212
20,21,22,23,24,25,26,27,28,29,30,31,32,33,34,35,36,37,38,39,40,41,42,43,44,45,46,47,48,49,50,51,52,53,54,55,56,58,59,61,62,63,64,65,66,67,68,69,70,71,72,73,74,75,77,78,79,80,81,84,85,86,87,88,89,90,91,92,94,96,97,98,99,100,101,102,103,104,105,107,108,109,110,111,112,113,114,115,116,118,119,120,121,122,124,125,126,127,128,129,130,131,132,133,134,135,136,137,138,139,140,141,142,143,144,145,146,147,148,150,151,152,153,155,157,158,159,160,161,162,163,164,165,166,167,168,169,170,171,172,173,174,175,176,177,178,179,180,181,182,183,185,187,188,189,190,191,192,193,194,195,197,198,199,200,201,202,203,205,206,207,208,209,210,211,212
21,22,23,24,25,26,27,28,31,32,33,34,35,36,37,38,39,40,41,42,43,44,45,46,47,48,49,51,52,53,54,55,56,57,58,59,61,62,63,64,65,66,67,68,69,70,71,72,73,74,75,76,77,78,79,80,81,82,83,85,86,87,88,89,90,91,92,94,95,96,97,98,99,100,101,102,103,105,106,107,108,110,111,112,113,114,115,116,117,119,120,121,122,123,124,125,126,127,128,129,130,131,132,133,135,136,137,138,139,140,141,143,144,145,146,147,149,150,151,152,153,154,155,156,157,158,159,161,162,163,164,165,166,167,168,169,170,171,172,173,174,175,176,177,178,179,181,182,183,184,185,186,187,188,189,190,191,192,193,194,195,196,197,198,199,200,201,202,203,204,205,206,207,208,209,210,211,212
22,23,24,25,26,27,28,29,30,32,33,34,35,36,37,39,40,41,42,43,44,45,46,47,48,49,50,51,52,55,56,57,58,59,60,61,62,63,64,65,66,67,68,69,70,71,72,73,74,75,76,77,78,79,80,81,82,83,84,85,87,88,89,90,91,92,93,94,95,96,98,99,100,101,102,103,105,106,107,108,109,110,111,112,113,114,115,116,117,118,120,122,123,124,126,127,128,130,132,133,134,135,136,137,138,139,141,142,143,144,145,146,147,148,149,150,151,152,153,154,155,156,157,158,159,160,161,162,164,165,166,168,169,170,171,172,173,174,175,176,177,178,179,180,181,182,183,184,185,186,187,188,189,190,192,193,194,196,197,198,199,200,201,203,205,206,207,208,209,210,211,212
23,25,26,27,28,29,30,31,32,33,35,36,37,38,39,40,41,42,44,45,46,47,49,50,51,52,53,54,55,56,57,58,59,60,61,63,64,65,66,67,68,69,71,73,74,75,77,78,79,80,81,82,83,84,85,86,87,88,89,90,91,92,93,94,95,96,97,98,99,100,102,103,104,105,106,107,108,109,110,112,113,114,115,117,118,119,120,121,122,124,125,126,127,128,129,130,131,132,133,134,135,137,138,140,141,142,143,144,145,146,147,148,149,151,152,153,154,155,156,158,159,160,161,162,164,165,166,167,168,169,170,171,172,174,175,176,177,178,179,180,182,183,184,185,186,187,188,189,190,191,192,193,194,195,196,197,198,199,200,201,202,203,204,205,207,208,209,210,211,212
24,25,26,27,28,29,30,31,32,33,34,35,36,37,38,39,40,41,44,45,47,48,49,50,51,52,53,54,55,56,58,59,60,61,62,63,64,66,67,68,69,70,71,72,73,75,76,77,78,79,80,81,82,83,84,85,86,87,88,90,91,92,93,94,95,97,98,99,100,101,102,103,104,106,107,108,109,110,111,112,113,114,115,116,117,118,119,120,121,123,124,125,126,127,128,130,131,132,133,134,135,136,137,138,139,140,141,142,143,144,145,146,147,148,149,150,151,152,153,154,155,156,157,158,160,161,162,163,164,166,168,169,170,171,172,173,174,175,176,177,179,181,182,183,184,185,186,187,188,189,191,192,194,195,196,197,198,199,201,202,204,205,206,207,208,209,210,211,212
25,26,27,28,29,30,31,32,33,34,35,36,37,38,39,40,41,42,43,44,45,46,47,48,49,50,51,52,53,54,55,56,57,59,60,61,62,63,64,65,66,67,68,69,70,71,72,74,76,77,78,79,80,81,82,83,85,86,87,88,89,91,92,93,94,95,96,97,98,99,100,101,102,103,104,105,106,107,108,110,111,112,113,115,116,117,118,119,120,121,122,123,124,125,126,127,128,130,131,132,133,134,135,136,137,138,139,140,141,142,143,144,145,146,147,148,149,150,151,152,153,154,155,156,158,159,160,161,162,163,165,166,167,168,169,170,171,172,173,174,175,176,177,179,180,181,182,183,184,185,186,187,188,189,190,192,193,194,195,196,197,198,199,200,201,202,203,204,205,206,207,208,209,211,212
26,27,28,29,30,31,32,33,34,35,36,37,38,39,40,41,42,43,45,46,47,48,49,50,51,52,53,54,55,56,57,59,60,61,63,64,65,68,69,70,72,73,74,75,77,78,79,80,81,82,83,84,85,86,87,88,89,90,91,94,95,97,98,99,100,101,102,103,104,105,106,107,108,109,110,111,112,113,114,115,116,119,124,125,126,127,128,129,130,131,132,133,134,135,136,137,138,139,140,141,142,143,144,145,146,147,149,150,151,152,153,154,156,157,158,159,160,161,162,163,164,165,166,167,169,170,171,173,174,175,176,177,178,179,180,182,183,184,185,186,187,188,189,190,191,192,193,194,195,197,198,200,201,202,203,204,205,206,207,208,209,210,211,212
27,28,29,31,32,33,34,35,37,38,39,40,41,42,43,44,45,46,47,49,51,52,53,54,55,58,59,60,61,62,63,64,65,66,67,68,70,71,72,73,74,77,78,79,80,81,82,83,85,86,87,88,89,91,93,94,95,96,97,98,99,100,101,102,103,104,105,106,107,108,109,110,111,113,114,115,116,117,118,120,121,122,123,124,125,128,129,130,131,132,133,135,136,138,140,141,142,143,144,145,146,147,148,149,150,151,152,153,155,156,158,159,160,161,162,163,164,165,166,167,168,169,170,171,172,173,174,175,176,177,178,179,180,181,182,183,184,185,186,187,188,190,191,192,193,194,195,196,197,198,199,200,201,202,203,204,205,206,207,208,209,210,211,212
28,29,30,32,33,35,36,37,38,40,41,42,43,45,47,48,49,50,51,52,53,54,55,57,58,59,61,62,63,64,65,66,67,68,69,70,71,72,73,74,75,76,77,78,79,80,81,82,83,84,85,86,87,88,89,90,91,92,93,94,95,96,97,98,99,100,101,102,103,104,105,106,107,109,110,111,112,113,114,115,116,118,120,121,122,123,124,125,126,127,128,129,131,132,133,134,135,136,138,139,140,142,143,144,145,146,147,148,149,150,151,152,153,154,155,156,157,158,159,160,161,162,163,164,165,166,167,168,169,170,171,173,174,175,176,177,178,179,180,181,182,183,184,185,187,188,189,190,191,192,193,194,195,196,197,199,200,201,202,204,205,206,207,208,209,211,212
29,30,31,32,33,34,35,36,37,38,39,40,41,42,43,44,45,46,47,48,49,50,51,53,54,57,58,59,61,62,63,64,65,66,67,68,69,70,71,72,73,74,75,76,77,78,79,80,81,82,83,84,85,86,87,88,89,90,91,92,93,94,97,98,99,100,101,102,103,104,105,106,107,108,110,111,112,113,114,115,116,117,118,119,120,121,122,123,125,126,127,128,129,130,131,134,135,136,137,138,139,140,141,143,144,145,146,147,148,150,151,152,153,154,155,156,157,158,159,160,161,163,164,165,166,167,168,169,170,171,172,173,174,175,176,177,178,181,182,183,185,186,187,188,189,190,191,192,193,195,196,197,198,199,201,202,203,204,205,208,209,210,211,212
30,31,32,33,34,35,36,37,38,39,40,42,43,44,45,46,47,48,49,51,52,53,54,55,56,58,59,60,61,62,64,65,66,67,68,69,70,71,72,73,74,75,76,77,78,79,80,81,82,83,84,85,86,87,89,90,91,92,93,94,95,96,97,98,99,100,101,102,103,104,105,106,107,108,109,110,111,112,113,114,115,116,117,118,119,120,122,123,124,125,126,127,128,129,130,131,132,134,135,136,138,139,140,141,142,143,144,145,146,147,148,149,150,151,152,153,154,155,156,157,158,159,161,162,163,164,165,166,167,168,169,170,171,172,174,176,177,178,180,181,182,184,185,186,187,188,189,190,191,192,193,194,196,197,198,199,200,201,202,204,205,207,208,209,210,211,212
31,32,33,35,36,37,38,39,41,43,44,45,46,47,48,49,50,51,53,54,55,56,57,58,59,60,61,62,63,64,65,66,67,68,69,71,72,73,74,75,76,78,79,80,83,84,85,86,87,88,89,91,92,93,94,95,97,98,99,100,102,103,104,105,106,107,108,110,111,112,113,114,115,116,118,119,120,121,122,123,124,125,126,127,128,129,130,131,136,137,138,139,140,141,142,143,144,145,146,147,148,149,150,151,152,153,154,155,156,157,158,159,160,161,162,163,164,165,166,167,168,169,170,171,172,173,174,175,176,177,178,179,180,181,183,184,185,186,187,188,189,190,191,192,193,194,195,196,197,198,199,200,201,202,203,204,205,206,207,208,209,210,211,212
32,34,35,36,37,39,40,41,42,43,44,45,46,47,48,49,51,52,53,54,55,56,57,59,60,61,62,63,64,65,66,67,68,69,70,72,73,74,75,76,77,78,79,80,81,82,83,84,85,89,90,91,92,93,94,95,97,98,99,100,101,102,103,104,105,107,108,109,110,111,112,113,114,115,116,117,118,119,120,121,122,123,124,125,126,127,128,129,130,132,133,134,136,137,138,139,140,141,142,143,144,145,146,147,148,149,150,151,152,153,154,155,156,157,159,160,161,162,163,164,165,167,168,169,170,171,172,173,174,176,177,178,179,180,181,183,185,186,187,188,190,191,192,193,194,195,196,197,198,199,200,201,202,204,205,206,207,209,210,211,212
33,34,36,37,38,39,40,41,43,44,45,46,47,48,49,50,51,52,53,55,56,57,58,59,60,61,62,63,64,65,66,67,68,69,70,71,72,73,74,75,76,77,78,79,80,81,82,83,84,85,86,87,88,89,90,91,92,93,94,95,96,97,98,100,102,103,104,105,106,107,109,110,111,112,113,114,115,116,117,118,120,121,122,123,124,125,126,127,129,130,131,132,134,135,136,137,138,139,140,141,142,143,144,145,146,147,148,149,150,151,152,153,154,155,156,157,158,159,160,161,162,163,164,166,167,168,169,170,172,173,174,176,177,178,179,180,182,183,184,185,186,187,188,189,190,191,192,193,195,196,197,198,199,200,201,202,203,204,206,207,208,209,210,211,212
34,35,36,37,38,40,41,42,43,44,45,46,47,48,49,50,51,52,55,56,57,58,59,60,62,63,64,65,66,67,68,69,70,71,72,73,75,76,77,78,79,80,81,82,83,84,85,86,87,88,89,90,91,92,93,94,95,96,97,99,100,101,102,103,104,106,108,109,110,111,112,114,116,119,121,122,123,125,126,127,128,129,130,131,132,133,134,135,136,137,138,139,140,141,142,143,144,146,147,148,149,150,151,152,153,155,156,157,158,159,160,161,162,163,164,165,166,167,168,169,170,171,172,173,174,175,176,177,178,179,180,181,183,184,185,186,187,188,189,190,191,192,194,195,198,199,200,201,203,204,205,206,207,208,209,210,211,212
35,36,37,38,39,40,41,42,43,44,45,47,48,49,50,51,52,53,54,56,57,58,59,60,61,62,63,64,65,67,68,69,71,72,73,74,75,76,77,78,79,80,81,83,84,85,87,88,89,91,93,94,95,96,97,98,99,100,101,102,103,104,105,106,107,108,109,110,111,112,113,114,115,116,117,118,119,120,121,122,124,125,126,127,128,129,130,131,132,133,134,135,136,137,138,139,141,142,144,145,146,147,148,149,150,151,152,153,154,155,156,157,158,159,160,161,162,163,164,165,166,167,168,169,170,171,172,174,175,176,177,178,180,181,182,183,184,185,186,187,188,189,190,191,192,193,194,195,196,197,198,199,200,203,204,205,206,207,208,211,212
36,37,38,40,41,42,44,45,46,47,48,49,51,52,53,54,55,56,57,58,59,60,61,62,63,64,65,66,67,68,69,71,72,73,74,75,76,77,78,79,80,81,82,83,84,85,86,87,88,89,90,91,92,93,94,95,96,98,99,100,101,102,104,105,106,107,108,109,110,111,113,114,115,116,117,118,119,120,121,122,123,124,125,127,128,129,130,131,132,133,134,135,136,137,138,139,140,141,142,143,144,145,146,147,148,149,150,152,153,154,155,156,157,158,159,160,161,163,164,166,167,168,169,170,171,172,173,175,176,178,179,180,181,182,184,185,186,187,188,189,191,192,193,194,195,196,198,199,200,201,202,203,204,205,206,207,208,209,210,211,212
37,38,40,41,42,43,44,45,46,47,48,49,50,51,52,55,56,57,58,59,60,61,62,63,64,65,66,67,69,70,71,72,73,74,75,76,77,78,79,80,81,82,83,84,85,86,87,88,90,91,92,93,94,95,96,97,100,102,103,104,105,106,107,108,109,110,111,112,113,114,115,116,117,118,119,120,121,122,123,125,126,127,128,129,130,131,132,133,134,135,136,137,138,139,140,141,142,143,144,145,146,147,148,149,150,152,153,154,155,156,158,159,160,161,163,164,165,166,167,168,169,170,171,172,173,174,175,176,177,178,179,180,181,182,184,185,186,187,188,189,190,191,192,194,195,196,197,198,199,200,201,202,203,204,205,208,209,210,211,212
38,39,40,41,42,43,44,45,46,47,49,50,51,53,56,57,58,59,60,61,62,63,65,66,67,68,70,71,72,73,75,76,77,78,79,80,81,82,83,84,85,86,87,88,89,90,91,92,93,95,96,97,98,99,100,101,102,104,105,106,108,109,110,111,112,113,114,115,116,117,119,120,121,122,123,124,125,126,127,129,130,131,132,133,134,136,137,138,139,140,142,143,144,146,149,151,152,153,154,155,156,157,159,161,162,163,164,165,166,167,168,169,170,172,173,174,175,176,177,178,179,180,181,182,183,184,185,186,187,188,189,191,192,193,194,195,196,197,198,199,200,201,202,203,204,205,206,207,208,209,210,212
39,40,41,42,43,44,45,46,47,48,49,50,51,52,53,54,55,56,57,58,59,60,61,62,63,64,65,66,67,68,69,70,71,72,74,75,76,77,78,79,80,81,82,83,84,85,86,87,88,89,90,91,92,93,94,95,96,97,98,99,100,101,102,103,104,105,107,108,109,110,111,112,113,114,115,116,117,119,120,121,122,123,124,125,126,127,128,129,130,131,132,133,134,135,136,137,138,139,140,141,142,143,144,145,146,148,150,152,153,154,155,156,157,158,159,160,161,162,163,164,165,166,168,169,170,171,172,174,175,176,177,178,180,181,182,183,184,185,186,187,188,189,190,191,192,193,194,195,196,197,198,199,200,201,202,203,204,205,207,208,209,210,211
40,41,42,43,44,46,47,48,49,50,51,52,54,55,56,57,58,59,61,62,63,64,65,66,67,68,69,70,71,72,73,74,76,77,78,79,80,81,82,83,85,86,87,88,89,90,91,92,93,94,95,96,97,98,99,100,101,102,103,104,105,106,107,108,109,110,111,112,113,114,115,116,117,118,119,120,121,122,123,124,126,127,128,129,130,132,133,134,135,136,137,139,140,141,142,143,144,145,146,147,148,149,151,152,153,154,155,156,157,158,159,160,161,163,164,165,166,167,168,169,170,171,173,174,175,176,177,178,179,181,182,183,184,185,186,187,188,190,191,192,193,194,195,196,197,198,199,200,201,202,203,204,205,206,207,208,209,210,211
41,42,43,44,45,46,47,48,49,50,51,52,53,55,56,57,58,60,61,62,63,64,65,66,67,68,69,70,71,72,73,74,75,76,77,78,79,80,81,82,83,85,86,87,88,89,90,91,93,94,95,96,97,98,99,100,101,102,103,104,105,106,108,109,110,111,113,114,115,116,117,120,121,122,123,126,127,128,129,130,131,132,133,134,135,136,137,138,139,140,141,142,143,145,146,147,148,149,150,151,152,154,155,156,157,158,159,160,161,162,163,164,165,167,169,170,171,172,174,175,176,177,178,180,181,182,183,184,185,186,188,189,190,191,192,193,194,195,196,197,198,199,200,201,202,203,204,205,206,208,209,210,211,212
42,43,44,45,46,47,48,49,50,51,52,53,54,55,58,60,61,62,63,64,65,66,67,68,69,70,71,72,73,74,75,76,77,78,79,80,81,82,83,84,85,86,87,88,89,90,91,93,94,95,96,97,98,99,100,101,102,103,104,105,106,108,109,110,111,112,113,114,115,116,117,118,119,120,121,122,123,124,125,126,127,128,129,130,131,132,133,134,135,136,137,138,139,140,142,143,144,145,146,147,148,149,150,152,153,154,155,156,157,158,159,160,161,163,164,165,166,167,168,169,170,171,172,173,175,176,177,178,179,180,181,182,183,184,185,186,187,188,189,190,191,192,193,194,195,196,197,198,199,200,201,202,203,204,205,206,208,209,210,212
43,44,45,46,47,48,49,50,51,52,54,55,56,57,58,59,60,62,63,64,65,66,67,68,69,72,73,74,75,76,77,78,79,80,83,85,86,87,88,89,91,92,93,94,95,96,97,98,99,100,101,102,103,104,105,107,108,109,110,111,112,114,115,116,117,118,119,120,121,123,124,126,127,128,129,130,131,132,133,134,135,136,137,138,139,140,142,143,144,145,146,149,150,151,152,153,154,155,156,157,159,161,162,163,164,165,166,168,169,170,171,172,173,174,175,176,177,178,179,181,182,183,184,185,186,187,188,190,191,192,193,194,195,196,198,199,200,201,202,203,204,205,206,207,208,209,210,211,212
44,45,46,47,48,49,50,51,52,53,54,55,56,57,58,59,60,61,63,64,65,66,67,68,69,70,71,72,73,74,76,77,78,79,80,81,82,83,84,85,86,87,88,89,90,91,92,93,94,95,96,97,98,99,100,101,102,103,104,105,106,107,108,109,110,111,112,113,114,115,116,117,118,119,120,121,122,123,125,126,127,128,129,130,131,132,134,135,137,139,140,141,142,143,144,145,146,147,148,150,151,152,153,155,156,157,159,160,161,162,163,164,165,166,167,168,169,171,172,173,174,175,176,177,178,179,181,182,183,184,185,186,187,188,190,191,192,193,194,195,196,197,198,199,200,201,202,203,204,205,206,207,208,209,210,211,212
45,46,47,48,49,50,51,52,54,55,57,58,59,60,61,62,63,64,65,66,67,68,69,70,71,72,74,75,76,77,78,79,80,81,82,83,84,85,87,88,89,90,91,92,93,94,95,96,97,98,99,100,101,102,103,104,105,106,107,108,109,110,111,112,113,114,115,116,117,118,119,120,121,122,123,124,125,126,127,128,129,131,132,134,135,136,137,139,140,141,142,143,144,145,146,147,149,150,151,152,153,154,155,156,157,159,161,162,163,164,167,168,169,170,171,172,173,174,175,176,177,178,180,181,182,183,184,185,186,187,188,189,190,191,192,193,194,195,196,197,199,200,201,202,203,204,205,206,207,208,209,210,211,212
46,47,48,49,50,52,53,54,55,56,57,58,60,61,62,63,64,65,67,68,69,70,71,72,73,74,75,76,77,78,79,80,82,83,84,85,86,87,88,89,90,91,92,93,94,95,96,97,98,99,100,101,102,103,104,105,106,108,109,110,112,113,114,115,116,117,118,119,120,121,122,123,124,125,126,127,128,129,130,131,132,133,134,135,136,137,138,139,141,142,143,144,145,146,147,148,149,151,152,153,154,155,156,157,158,159,160,161,162,163,164,165,166,167,168,169,170,171,172,173,174,175,176,177,178,179,180,181,182,183,185,186,187,188,189,190,191,192,193,194,195,196,197,198,199,200,201,202,203,204,205,206,207,208,209,210,211,212
47,48,49,50,51,52,54,55,56,57,58,59,60,61,62,63,64,65,66,67,68,69,70,71,72,73,74,75,76,77,78,79,80,81,82,83,84,85,88,89,90,91,92,93,95,96,97,98,100,101,102,103,104,105,106,109,111,112,113,114,115,116,117,118,119,120,122,123,125,127,128,129,130,131,132,133,134,135,136,137,139,140,142,144,145,146,147,149,150,151,152,153,154,155,156,157,159,162,163,164,165,166,167,168,169,170,171,173,174,175,176,177,178,179,180,181,182,184,185,186,187,188,189,190,191,192,193,194,195,196,197,198,199,200,201,202,203,204,205,206,207,208,210,211,212
48,50,51,52,53,54,55,56,57,58,59,60,61,62,63,64,65,66,67,69,71,72,73,74,75,76,77,78,79,80,81,82,83,86,87,88,89,90,91,92,94,95,96,97,98,99,100,101,102,103,104,106,107,108,109,110,111,114,115,116,117,118,119,120,121,122,123,124,125,126,127,128,129,130,131,132,133,134,135,136,137,138,139,140,141,142,144,145,146,147,148,149,150,151,152,153,154,155,156,157,158,159,160,161,162,163,164,165,166,169,170,172,173,174,175,176,177,178,179,180,181,182,183,184,185,186,187,188,189,190,191,192,193,194,195,196,197,198,199,200,201,202,203,204,205,206,207,208,209,210,211,212
49,50,51,52,53,54,55,56,57,58,59,60,61,62,63,64,65,66,67,68,69,70,71,72,73,74,75,76,80,81,82,83,84,85,86,87,88,90,91,92,93,94,95,96,97,98,99,100,101,102,103,104,105,106,107,108,109,110,111,112,113,114,115,116,118,119,120,121,122,123,125,126,127,128,129,130,131,132,133,134,135,136,137,138,139,140,141,142,143,144,145,146,147,148,149,150,151,152,153,154,155,156,157,158,159,160,162,163,164,165,168,169,170,171,172,173,174,175,176,177,178,179,180,181,182,183,184,185,186,187,188,190,191,192,193,194,195,197,198,199,200,201,202,203,204,205,206,207,208,209,210,211
50,51,52,53,54,55,56,57,58,59,61,62,63,64,65,66,67,68,69,70,71,72,73,74,75,76,77,78,79,80,81,83,84,85,87,88,89,90,91,92,93,95,96,97,98,99,101,102,104,105,106,107,108,109,110,111,112,113,114,115,116,117,118,119,120,121,122,123,124,125,126,127,128,129,130,131,133,134,136,138,139,140,141,142,143,144,145,146,147,148,149,150,151,152,153,154,155,156,157,158,160,162,163,165,166,167,168,169,170,171,173,174,176,177,178,179,180,181,182,183,184,185,186,187,188,189,190,191,192,193,194,195,196,197,199,200,201,202,204,205,206,208,209,211,212
51,52,53,54,55,56,57,59,60,61,62,63,65,66,67,68,69,70,72,74,75,76,77,78,79,80,81,82,83,84,85,86,87,88,89,90,91,92,93,94,95,96,97,99,100,101,102,103,104,105,106,107,108,109,110,111,112,113,114,115,116,117,118,119,120,121,122,123,124,125,126,127,128,129,130,131,132,133,134,135,136,137,138,139,140,141,142,143,145,146,147,148,149,152,153,154,155,156,157,158,159,160,161,162,163,165,166,167,169,170,171,172,173,174,175,176,177,178,179,180,181,182,183,184,185,186,187,189,190,191,193,194,195,196,197,198,199,200,201,202,203,204,205,206,207,208,209,210,211,212
52,54,55,56,57,58,59,60,61,62,64,65,66,67,68,69,70,71,72,73,74,75,76,77,78,79,80,81,83,84,85,86,87,88,89,91,92,93,94,95,97,98,99,100,101,102,103,104,105,106,107,108,109,110,111,112,113,114,115,116,117,118,119,120,121,122,123,124,125,126,127,128,130,131,132,133,134,136,138,139,140,142,143,145,146,147,148,149,150,151,152,153,154,155,156,157,159,160,161,163,164,165,166,167,169,170,171,172,173,175,176,177,178,179,180,181,182,183,185,186,187,188,189,190,191,192,193,194,195,196,197,198,199,200,201,202,203,204,206,207,208,209,210,211,212
53,54,55,56,57,59,60,61,62,64,65,66,67,68,69,70,71,72,73,74,77,78,79,80,81,82,83,84,85,86,87,88,90,91,92,93,94,96,97,98,99,100,101,102,103,104,106,107,108,109,110,111,112,113,115,117,118,119,120,121,122,123,124,125,126,127,128,129,132,133,134,135,136,138,139,140,141,142,143,144,145,146,147,148,149,150,151,152,153,154,155,156,157,158,160,161,162,163,164,166,167,168,169,170,171,172,173,174,175,176,177,178,179,180,181,183,184,185,186,188,189,190,191,192,193,194,195,197,198,199,200,201,202,203,204,205,206,207,208,209,210,211,212
54,55,56,57,58,59,60,61,62,63,64,65,66,67,68,69,70,71,72,73,74,75,76,77,78,79,80,81,82,83,84,86,87,88,89,90,91,92,93,94,95,96,97,98,99,100,101,102,103,105,107,108,109,110,111,112,113,114,115,116,117,118,119,120,121,123,125,126,127,128,129,130,131,132,133,134,135,136,137,138,139,140,141,142,143,144,145,146,147,148,149,150,151,153,154,155,156,157,158,159,160,162,163,164,165,167,168,169,170,171,172,173,174,175,176,177,178,179,181,182,183,184,185,186,187,188,189,190,191,193,194,195,196,197,198,199,200,201,202,203,204,205,206,207,208,209,210,211,212
55,57,58,59,60,61,62,63,64,65,66,67,68,69,70,71,72,73,74,75,76,77,78,79,80,81,82,83,84,85,86,87,89,90,91,92,93,94,95,96,97,98,99,100,101,102,103,104,105,106,107,108,109,110,111,112,115,116,117,118,119,120,121,122,123,124,126,127,128,129,130,132,133,134,135,136,138,139,140,142,143,144,145,146,147,148,149,150,151,152,154,155,156,157,158,162,163,164,165,166,167,168,169,170,171,172,173,174,175,176,177,178,180,181,182,183,184,185,186,187,188,189,190,191,193,194,195,196,198,199,200,201,202,203,204,205,206,207,208,209,210,211
56,57,58,59,60,61,62,63,64,65,66,67,68,69,70,72,73,74,75,77,78,79,80,81,82,83,84,86,87,88,89,93,95,96,97,98,100,101,102,103,104,105,106,108,109,110,111,112,113,114,115,116,117,118,119,120,121,122,123,124,125,126,127,128,129,130,131,132,133,134,135,136,137,138,139,140,141,142,143,144,145,146,147,149,150,151,152,153,154,156,157,158,159,160,161,162,163,164,165,166,168,170,172,173,174,176,177,178,179,181,182,184,185,186,187,188,189,190,191,192,193,194,195,196,197,198,199,200,201,202,203,204,205,206,207,208,209,210,212
57,59,61,64,65,66,67,68,69,71,72,73,74,75,76,77,78,79,80,81,82,83,84,86,87,88,90,91,92,93,94,95,96,97,98,100,101,102,103,104,106,107,108,109,110,111,112,113,114,115,116,117,118,119,120,121,122,123,124,125,126,127,128,129,130,131,132,133,134,135,137,138,139,140,141,142,143,144,145,146,147,148,149,150,151,152,154,155,156,157,158,159,160,161,162,163,164,165,166,167,170,171,172,173,174,175,177,178,179,180,181,182,183,184,185,187,188,189,190,191,193,194,195,196,197,198,199,200,201,202,203,204,205,206,207,208,210,211,212
58,59,60,61,62,63,64,65,66,67,69,70,71,72,73,74,75,76,77,78,80,81,82,83,85,87,88,89,90,91,92,93,94,95,96,97,98,99,100,101,102,103,104,105,106,107,108,109,110,111,112,113,114,115,116,117,118,120,121,122,123,124,125,126,127,129,130,131,132,133,134,136,137,138,139,140,141,142,143,144,145,146,147,148,149,150,151,152,154,155,156,157,158,159,160,161,163,164,165,166,167,168,169,170,171,172,173,174,175,176,177,178,179,180,181,182,183,184,185,186,188,189,191,192,193,194,195,196,197,198,199,200,201,202,203,204,205,206,207,208,209,210,211,212
59,61,62,63,64,65,66,67,68,69,70,71,73,74,75,76,77,78,79,80,81,83,84,85,86,87,88,89,90,91,92,95,96,97,98,99,101,102,103,104,105,106,107,108,109,110,111,112,113,114,115,116,117,118,120,121,122,123,124,125,126,127,128,129,130,131,132,133,134,135,136,137,138,139,140,142,143,144,145,146,147,148,149,150,151,152,153,154,155,156,157,158,159,160,161,162,163,164,165,167,168,169,170,171,172,173,174,175,176,177,178,180,181,183,184,186,188,189,190,191,192,193,194,195,196,197,198,199,200,201,202,203,204,205,207,208,209,210,211,212
60,61,62,63,64,65,66,67,68,69,70,71,72,73,74,75,76,77,78,80,82,83,84,85,86,87,88,89,90,91,92,93,94,95,96,97,98,99,100,101,103,104,105,106,107,108,109,110,111,112,114,115,116,118,119,120,121,122,124,125,126,127,128,129,130,131,132,133,134,135,136,137,138,139,140,141,142,143,144,145,146,147,148,149,150,151,152,153,154,155,156,157,158,159,160,161,162,163,164,165,166,167,168,169,170,172,173,174,175,176,177,178,179,181,182,183,184,185,186,187,190,192,193,195,197,198,199,200,201,202,203,204,205,206,207,208,209,210,211,212
61,62,63,64,65,66,68,69,70,71,72,73,75,76,77,78,79,80,81,83,84,87,88,90,92,93,94,95,96,97,98,99,100,101,102,103,104,105,107,108,109,110,111,112,113,114,115,116,118,119,120,121,122,123,124,125,126,127,128,129,130,131,132,133,134,135,136,137,138,139,140,141,142,143,144,145,146,147,148,149,150,151,152,153,154,156,158,159,160,161,162,163,164,165,166,167,168,169,170,171,172,173,175,176,177,178,179,180,181,182,183,184,185,186,187,188,190,191,192,193,194,195,196,197,198,199,200,201,202,203,204,206,207,208,209,210,211,212
62,63,64,65,66,67,68,69,70,71,72,73,74,75,77,78,79,80,81,82,83,85,86,87,88,89,90,91,92,93,94,95,96,98,100,101,102,103,104,105,106,107,108,110,111,112,113,114,115,116,117,118,119,121,123,125,126,127,128,129,130,131,132,133,134,135,136,137,138,139,140,141,142,143,145,146,147,148,149,150,151,152,153,154,155,156,157,158,159,160,162,163,164,165,166,167,168,169,170,171,172,173,175,176,178,179,180,181,183,184,185,186,188,189,190,192,193,194,195,197,198,199,201,202,203,204,205,206,208,209,210,211,212
63,64,65,66,67,68,69,70,71,72,73,74,75,77,78,79,81,82,83,84,85,86,87,88,89,90,92,93,95,96,97,98,99,100,101,102,103,104,105,106,107,108,110,111,112,113,114,116,117,119,120,121,122,123,124,126,127,128,129,130,131,132,133,134,135,136,137,138,139,140,141,142,143,145,146,147,148,149,150,151,152,153,154,155,156,157,159,160,161,162,163,164,165,166,167,169,170,171,172,173,174,175,176,177,178,180,181,183,184,185,186,187,188,189,191,192,193,194,195,196,197,198,199,200,201,202,203,204,205,206,207,208,209,210,211,212
64,66,67,68,69,71,72,73,74,75,76,77,78,80,81,82,83,84,85,86,87,88,89,90,91,92,93,94,95,96,97,98,99,100,101,102,103,104,105,106,107,109,110,111,112,113,114,115,117,118,119,120,121,123,124,125,126,127,128,129,130,131,132,133,134,135,136,137,138,139,140,141,142,143,144,145,146,147,148,149,150,151,152,153,154,155,156,157,158,159,160,161,162,163,165,166,167,168,169,170,171,172,173,174,175,177,178,179,180,181,182,183,184,185,186,187,188,189,190,191,192,193,194,195,196,197,198,199,201,202,203,204,205,206,207,208,209,210,211,212
65,66,67,68,69,70,71,72,73,75,76,77,78,79,80,81,82,83,85,86,87,88,89,90,91,92,93,94,95,96,97,98,99,100,101,105,106,107,108,109,110,111,112,113,114,115,116,117,118,119,120,122,123,124,125,126,127,128,129,130,131,132,133,134,135,136,137,138,141,142,143,144,145,146,147,149,150,151,152,153,154,155,156,157,158,160,161,162,163,164,165,166,167,168,169,170,171,172,173,174,176,177,179,180,181,182,183,184,185,186,187,188,189,190,191,192,193,194,195,196,197,198,199,200,201,202,203,204,205,206,207,209,210,211,212
66,67,68,69,70,71,72,73,74,75,76,77,78,79,80,81,82,83,84,85,86,87,88,89,90,91,92,93,94,95,97,99,100,101,102,103,104,105,106,107,108,109,110,111,112,113,114,117,118,119,120,121,122,123,124,126,127,128,129,131,132,133,134,135,136,137,138,139,140,141,142,143,144,145,146,147,148,149,150,151,152,153,154,155,156,158,159,161,162,163,165,167,168,169,170,171,172,173,174,175,176,177,178,179,180,181,182,183,184,185,186,187,188,189,191,192,193,194,195,196,197,198,199,200,201,202,203,204,205,206,207,208,209,211
67,68,69,70,72,73,74,75,76,77,78,79,80,81,82,83,85,86,87,88,89,91,92,93,94,95,96,97,98,99,100,101,102,103,104,105,106,107,108,109,112,113,114,115,116,117,118,119,120,121,122,123,125,126,127,128,129,130,131,134,135,136,137,138,139,140,141,142,144,145,146,147,148,149,150,151,152,153,156,157,158,159,160,161,163,165,166,167,168,169,170,172,173,174,175,176,177,178,179,181,182,183,184,185,186,187,188,189,190,191,192,193,194,195,196,197,198,199,201,202,203,204,205,206,207,208,209,211,212
68,69,71,72,73,74,75,76,77,78,79,80,81,82,83,84,85,86,87,89,90,91,92,93,95,96,97,98,99,100,101,102,103,104,105,106,107,108,109,110,111,112,113,114,115,116,117,118,119,120,121,122,123,124,125,126,127,128,129,130,131,132,133,134,135,136,137,138,139,140,141,142,144,145,146,148,149,150,151,152,153,154,155,156,157,158,159,160,161,162,163,164,165,166,167,168,169,170,171,172,173,174,175,176,177,178,179,180,181,182,183,184,185,187,189,191,192,193,194,195,196,198,199,200,201,202,203,204,205,206,207,208,209,210,211
69,70,71,72,73,75,76,77,78,79,80,81,82,83,84,85,86,87,88,89,90,91,92,93,94,95,96,97,98,99,100,101,102,103,104,105,106,107,108,109,110,112,114,115,116,117,118,119,120,121,122,123,124,125,126,128,129,131,133,134,135,136,138,139,140,141,142,143,144,145,146,147,148,149,150,151,152,153,155,156,158,159,160,161,162,163,164,165,166,167,168,169,170,171,172,173,174,175,176,177,178,179,180,181,182,183,184,185,186,187,188,189,191,192,193,194,195,196,197,198,199,200,201,202,203,204,205,207,208,209,211,212
70,71,72,73,74,76,77,78,79,80,81,82,83,84,85,86,87,88,89,91,92,93,94,95,96,97,98,99,100,101,102,103,104,105,106,107,108,109,110,111,112,114,115,116,117,118,119,121,122,123,124,125,126,127,128,129,130,132,133,134,135,136,137,138,139,140,141,142,143,144,145,146,147,148,149,150,151,152,153,154,155,156,157,158,160,161,162,163,164,165,166,167,168,169,170,171,172,173,174,175,176,177,178,179,180,181,182,183,184,185,187,188,189,193,194,195,196,197,198,199,200,201,202,203,204,205,206,207,208,209,210,211,212
71,72,73,74,75,76,77,78,79,80,81,82,83,84,86,87,88,89,91,92,93,94,95,96,97,98,99,100,101,102,104,105,106,107,108,110,111,112,113,114,115,116,117,118,119,120,121,122,123,124,125,126,127,128,129,130,131,132,133,134,135,136,138,139,140,141,142,143,144,145,146,147,148,149,150,151,152,153,154,155,156,157,158,159,160,161,163,165,166,167,168,169,170,171,174,175,176,177,178,179,180,181,182,183,184,185,186,187,188,189,190,191,192,194,195,196,197,198,199,200,201,202,203,204,205,207,208,209,210,211,212
72,73,75,76,77,78,79,80,81,82,83,87,88,90,91,92,93,94,95,96,97,98,99,100,101,102,103,104,105,106,108,109,110,111,112,113,114,115,116,117,118,119,120,121,123,124,125,126,127,128,129,130,131,132,133,134,136,137,138,139,140,142,143,144,145,146,147,148,149,150,151,152,153,154,155,156,157,158,159,160,161,163,164,165,167,168,169,170,171,172,173,174,175,176,177,178,179,180,181,182,183,184,185,186,187,188,189,190,191,192,193,194,196,197,198,199,200,202,203,205,206,207,208,209,210,211,212
73,74,75,76,77,78,79,80,81,82,83,84,85,87,89,91,92,94,97,98,99,100,101,102,103,105,106,108,109,110,112,113,114,115,117,118,119,120,121,122,123,124,125,126,127,128,129,130,131,132,133,134,135,136,138,140,141,142,143,144,145,146,147,148,149,150,151,152,153,154,155,156,157,158,159,160,161,162,163,164,165,166,167,168,169,170,171,173,174,175,176,177,178,179,180,181,182,183,184,185,186,187,188,189,190,191,192,193,194,195,196,197,198,199,201,202,203,204,205,206,208,209,210,211,212
74,75,76,77,78,79,82,84,85,86,87,88,89,90,91,92,93,94,95,96,97,98,99,100,101,102,103,104,105,106,107,108,109,110,111,112,113,114,115,116,117,118,119,120,122,123,124,126,127,128,129,130,131,132,133,134,135,136,139,140,141,142,143,144,146,148,149,150,151,152,154,155,156,158,159,160,161,162,163,164,165,166,167,168,169,170,171,172,173,174,175,176,177,178,179,180,181,182,183,184,185,186,187,188,189,190,191,192,193,194,195,196,197,198,199,200,201,202,203,205,206,207,208,209,210,211,212
75,76,77,78,79,80,81,82,83,84,85,86,87,88,89,90,91,92,93,94,95,96,97,98,99,100,101,102,103,104,105,106,107,108,109,110,111,112,113,114,115,116,117,118,119,120,121,122,123,124,125,126,127,128,129,131,132,133,134,135,137,138,139,140,141,142,143,144,145,146,147,148,149,150,151,152,153,154,155,156,157,158,159,160,161,162,163,164,165,166,167,168,169,170,171,172,174,175,176,177,178,179,181,182,183,184,185,186,187,189,190,191,192,193,194,195,196,197,198,199,200,201,202,203,204,205,206,207,208,209,210,211,212
76,77,78,79,81,82,83,84,85,86,87,88,89,90,91,93,94,95,96,98,99,100,101,102,103,104,105,106,107,108,109,110,111,112,113,114,115,116,117,118,119,120,121,122,123,124,125,126,127,128,129,130,132,134,135,137,138,139,140,141,142,143,144,145,146,147,149,150,151,152,153,154,155,156,157,158,159,160,162,164,166,167,168,169,170,171,172,173,174,175,176,177,178,179,180,181,182,183,184,185,186,187,188,189,190,191,192,193,194,195,196,197,198,200,201,202,203,204,205,206,207,208,209,210,211,212
77,78,79,80,81,82,83,84,85,86,87,88,90,91,92,93,94,95,96,98,99,100,101,102,103,104,105,106,107,108,109,110,111,112,113,114,115,116,117,118,119,120,121,122,123,124,125,126,127,128,129,130,131,133,134,135,136,137,138,139,140,141,142,143,144,145,146,147,149,150,152,153,154,155,157,159,160,162,163,164,165,166,167,168,169,170,171,172,173,174,175,176,177,179,180,181,182,183,184,185,187,188,190,191,192,193,194,195,196,197,198,199,200,201,202,203,204,205,206,207,209,210,211,212
78,80,82,83,86,87,88,89,90,91,92,93,95,96,97,98,99,100,101,102,103,104,105,106,107,108,109,110,111,112,113,114,115,116,117,118,120,121,122,123,124,125,126,127,128,129,130,131,132,133,134,136,137,138,139,140,141,142,143,144,146,147,148,149,150,151,152,153,154,155,157,158,159,160,161,162,163,164,165,166,167,168,169,170,171,172,173,174,175,176,177,178,179,182,183,185,186,187,188,189,190,191,192,193,194,195,196,197,198,199,200,201,202,203,204,205,206,207,208,210,211,212
79,81,82,84,85,86,87,88,90,91,92,93,94,95,97,98,100,101,102,104,105,106,107,108,109,110,111,112,114,115,116,117,118,119,120,122,124,125,126,127,128,130,131,132,133,134,135,136,137,138,139,140,141,142,143,144,145,146,147,148,149,150,151,152,153,154,155,156,157,158,159,160,161,162,163,164,165,166,167,168,169,170,171,172,173,174,175,176,177,178,179,180,181,183,184,185,187,188,189,190,191,193,194,195,196,197,198,199,200,201,202,203,204,205,206,207,208,209,210,211,212
80,81,83,84,85,86,87,88,89,90,91,92,93,94,95,96,97,98,99,100,101,102,103,104,105,106,107,108,109,110,111,112,113,114,115,116,117,118,119,120,121,122,123,124,125,126,127,129,130,132,133,134,135,136,138,139,140,141,142,143,144,145,146,147,148,149,150,151,153,154,155,156,157,158,159,160,161,162,163,164,166,167,168,169,170,171,172,173,175,177,178,179,180,181,182,183,184,185,186,188,190,191,192,194,195,196,197,198,199,200,201,202,203,205,206,207,208,209,210,211,212
81,82,83,84,85,86,87,89,91,92,93,94,95,96,97,98,99,100,101,102,103,105,106,107,108,109,110,111,112,113,114,115,116,117,119,120,121,122,123,124,125,126,127,129,130,131,132,133,134,135,136,137,138,139,140,141,142,143,144,145,147,148,149,150,151,152,153,154,155,156,157,158,159,160,161,162,163,164,165,166,167,168,169,170,171,172,173,174,175,176,177,178,179,180,181,182,183,184,185,186,187,188,191,192,193,194,195,196,197,198,199,200,201,202,203,204,205,206,207,208,209,210,211,212
82,84,85,86,87,88,89,90,92,93,94,95,96,97,98,99,100,101,102,103,104,105,106,108,109,110,111,112,113,114,115,116,117,118,119,120,121,122,123,124,125,126,127,128,129,130,131,132,133,134,135,136,137,138,139,140,141,142,143,144,146,147,148,150,151,152,153,154,156,157,158,159,160,161,162,163,164,165,166,167,168,169,170,171,172,173,174,175,176,177,178,179,180,181,182,183,184,185,186,187,189,190,191,193,194,195,196,197,198,199,201,202,203,204,205,206,207,208,209,210,211,212
83,84,85,86,87,88,90,91,93,94,95,96,97,98,99,100,101,102,103,104,105,106,107,108,109,110,111,112,114,115,116,117,118,119,121,123,124,125,126,127,129,130,131,132,133,134,135,136,137,138,139,140,142,143,144,145,146,147,148,149,150,151,152,153,155,156,157,158,159,161,162,164,165,166,167,168,169,170,172,173,174,175,176,177,178,179,180,181,182,183,184,185,186,188,189,190,191,192,193,194,195,196,197,198,199,200,201,202,203,204,205,206,207,208,209,210,211,212
84,85,86,87,88,89,90,91,92,93,95,97,98,99,100,102,103,105,106,107,108,109,110,111,112,113,114,115,116,117,118,119,120,121,123,124,125,126,128,129,130,131,132,133,134,135,136,137,138,139,141,142,143,144,145,147,148,149,150,151,152,154,155,156,157,158,159,160,161,162,163,164,165,166,168,169,170,171,172,173,174,175,176,177,178,179,180,181,182,183,184,185,186,187,188,189,190,191,192,194,195,196,197,198,199,200,201,202,203,204,205,206,207,208,209,210,211,212
85,86,87,88,89,90,91,92,94,95,96,97,98,99,100,101,102,103,104,105,106,107,108,109,110,111,112,113,115,116,117,119,120,121,123,124,125,126,127,128,129,130,132,134,135,136,137,138,139,140,141,142,145,146,147,148,149,150,151,152,153,154,155,156,157,158,160,161,162,163,164,165,166,167,168,169,170,171,172,173,174,175,176,177,180,182,183,184,185,186,187,188,189,190,191,192,193,194,195,196,197,198,199,200,201,202,203,204,205,206,207,208,209,210,211,212
86,87,88,89,90,91,92,93,94,95,96,97,99,100,101,102,103,104,105,106,107,108,109,110,111,112,113,114,115,116,117,118,119,120,122,123,124,125,126,127,128,129,130,131,132,133,134,135,136,137,138,139,140,142,143,144,145,147,148,149,150,151,152,153,154,155,156,157,159,160,161,163,164,166,167,168,170,173,176,177,178,179,180,181,183,185,186,187,188,189,190,192,193,194,195,196,197,198,199,200,202,203,204,205,206,207,208,209,210,211,212
87,89,90,91,92,93,94,95,96,97,98,99,100,101,103,104,105,106,108,109,112,113,114,115,116,118,119,120,122,123,124,125,127,128,129,130,132,134,135,137,138,139,140,141,142,143,144,145,146,148,149,150,151,152,153,156,157,158,160,161,162,163,164,165,166,168,169,171,173,174,175,177,178,179,181,182,183,184,185,186,187,188,189,190,191,193,194,195,196,197,198,199,201,202,203,204,205,207,208,210,211,212
88,90,92,93,94,95,96,97,98,99,100,101,102,103,105,106,107,108,109,110,111,112,115,117,118,119,120,121,122,123,124,125,126,128,129,130,131,132,133,134,135,136,137,138,140,141,142,143,144,145,146,147,148,149,150,151,152,153,154,155,156,157,159,160,161,162,163,164,165,166,167,168,169,170,171,172,173,174,175,176,177,178,179,180,181,182,183,184,185,186,187,188,189,190,192,193,194,195,196,197,198,199,200,204,205,206,207,208,209,210,211,212
89,90,91,93,94,95,96,97,98,99,100,103,104,105,106,107,108,109,110,111,112,113,114,115,116,118,119,120,121,122,123,124,125,126,127,128,129,130,131,132,133,134,135,136,137,138,139,140,141,142,143,144,145,146,147,148,149,150,151,152,153,154,155,156,157,158,159,160,161,162,163,164,165,166,167,168,169,170,171,172,173,174,175,176,177,178,179,181,184,185,186,187,188,189,190,191,193,194,195,196,197,198,199,200,201,202,203,204,205,206,207,208,209,210,211
90,91,92,93,94,95,96,97,98,99,100,101,102,103,104,105,106,107,108,109,110,111,112,113,114,115,116,117,118,119,120,121,122,123,124,125,126,127,128,129,130,133,134,135,136,137,139,140,141,142,143,144,145,146,147,148,149,150,151,152,153,154,155,156,157,158,160,161,162,163,164,165,166,167,168,169,170,171,172,173,174,175,176,178,179,180,181,182,185,186,187,189,190,191,192,194,195,196,197,198,199,200,201,202,203,204,206,207,208,209,210,211,212
91,92,94,95,96,97,99,100,101,102,103,104,105,106,107,108,109,110,111,112,113,114,115,116,117,118,119,121,122,123,124,125,126,127,129,130,131,132,133,134,135,136,137,138,139,141,143,144,145,146,147,148,149,150,151,152,153,155,156,157,158,159,160,163,164,165,166,167,168,170,171,172,173,174,175,176,178,179,180,181,182,183,184,185,186,187,188,189,191,192,193,195,196,197,198,199,200,201,202,203,204,206,207,208,209,210,211,212
92,93,94,96,97,98,99,100,101,103,104,105,106,107,108,109,110,111,112,113,114,115,116,117,118,119,120,121,122,123,124,125,126,127,128,129,130,131,132,133,134,135,136,137,138,139,140,141,143,145,146,149,150,151,152,153,154,156,157,158,159,160,161,162,163,164,165,167,168,169,170,171,172,173,174,175,176,177,178,179,180,181,182,183,184,185,186,187,188,189,190,191,192,193,195,197,198,199,200,201,202,204,205,206,207,208,209,210,211,212
93,94,95,96,97,98,100,101,102,103,105,106,107,108,109,110,111,112,113,115,116,118,119,120,121,122,123,124,125,126,127,128,129,130,131,133,134,135,136,137,139,140,141,142,143,144,145,146,147,148,149,150,151,152,153,154,155,157,158,159,160,161,162,163,164,165,166,167,168,169,170,171,172,173,175,177,178,179,180,181,182,183,184,185,186,187,188,189,190,191,192,193,194,195,196,197,198,199,200,201,202,203,204,205,206,207,208,209,210,211,212
94,95,96,97,98,99,100,102,103,104,105,106,107,108,109,110,111,113,114,116,117,118,119,120,121,122,123,124,125,126,127,128,129,130,131,132,133,134,135,136,137,138,139,140,141,142,143,144,145,146,147,148,150,151,152,153,155,156,157,158,159,160,161,162,163,164,165,166,167,168,169,171,172,174,175,176,177,178,179,180,181,182,183,184,185,187,188,189,191,192,193,194,195,197,198,199,200,201,202,203,204,205,206,207,208,210,211,212
95,96,97,98,99,100,103,104,106,107,108,109,110,111,112,113,114,115,117,118,119,122,123,124,125,126,128,129,130,131,132,133,134,135,136,137,138,139,140,141,142,143,144,146,147,149,150,151,152,153,154,155,156,157,158,159,160,161,162,163,164,165,166,167,168,170,172,173,174,175,176,177,178,179,180,181,182,183,184,185,186,187,188,189,190,191,192,193,194,195,196,198,199,200,201,202,203,204,206,207,208,210,211,212
96,97,100,101,102,103,104,105,106,107,108,109,110,111,112,114,115,116,117,118,119,120,121,122,123,124,125,126,127,128,131,132,133,134,135,137,138,139,140,141,143,145,146,147,148,149,150,151,152,153,154,155,156,158,159,160,161,162,163,164,165,166,167,169,170,171,173,174,176,177,179,180,181,182,183,184,185,186,187,188,189,190,191,192,194,195,196,197,198,199,200,201,202,203,204,205,206,207,208,209,210,211
97,98,99,100,101,102,103,104,105,108,109,110,111,112,113,114,115,116,117,118,119,120,121,122,123,124,126,127,130,131,132,133,134,135,136,137,138,139,140,141,142,143,144,145,146,147,148,149,150,151,152,153,154,155,156,158,159,160,161,162,163,164,165,166,167,168,169,170,171,172,173,174,175,176,177,178,179,180,181,182,184,186,187,188,189,190,191,192,193,194,195,196,197,198,199,200,202,203,204,205,206,207,208,210,211,212
98,99,100,101,102,104,105,106,107,108,109,110,111,112,113,115,116,119,120,121,122,124,125,126,127,128,129,130,131,132,133,134,135,137,138,139,140,141,142,143,144,145,147,148,149,150,151,152,154,155,157,158,159,160,161,162,163,164,166,167,168,169,170,171,172,173,174,175,176,177,178,179,182,183,184,185,186,187,188,190,191,193,194,195,196,197,198,199,200,202,203,204,205,206,207,208,209,210,211
99,100,102,103,104,106,107,108,109,110,112,113,114,115,116,117,118,119,120,121,122,123,124,125,126,127,128,129,130,131,134,135,136,137,138,139,140,141,142,143,144,145,146,147,148,149,150,151,152,154,155,156,157,159,160,161,162,163,164,165,166,167,168,169,171,172,173,175,176,177,178,179,180,181,184,185,187,188,189,190,191,192,193,194,195,196,197,198,199,200,201,202,203,204,206,207,208,209,210,212
100,101,102,103,105,106,107,108,109,110,114,115,116,117,118,120,121,122,123,124,125,126,127,128,129,130,131,132,133,134,135,136,137,138,139,140,141,142,143,144,145,146,147,148,149,150,151,152,153,154,155,156,157,158,159,160,161,162,163,164,165,166,167,168,169,170,171,172,173,174,175,176,177,178,179,180,181,182,183,184,185,186,187,188,189,190,191,192,193,194,195,196,197,198,199,200,202,203,204,205,206,207,208,209,210,211,212
101,102,103,104,105,106,108,109,110,111,112,113,114,115,117,118,119,120,121,122,123,124,126,127,128,129,130,131,132,133,134,135,136,138,139,140,141,142,143,145,146,147,148,150,151,152,153,154,155,156,157,158,160,161,162,163,164,165,166,167,168,169,170,171,172,173,174,175,176,177,178,180,181,182,183,184,185,186,187,188,189,190,191,193,194,195,196,197,198,199,200,201,202,203,204,205,206,207,208,209,210,211,212
102,103,104,105,106,107,108,109,110,111,112,113,114,116,117,118,119,120,121,122,124,125,126,127,128,129,130,131,132,133,134,135,136,138,139,141,142,143,144,145,147,148,150,151,152,153,154,155,156,159,160,161,162,163,164,165,166,167,168,169,170,171,172,174,175,176,177,178,179,180,181,182,183,184,185,186,187,188,189,190,191,192,193,194,195,197,198,199,200,201,202,203,204,205,206,208,209,210,211,212
103,104,105,106,107,108,109,110,111,112,113,114,115,116,117,118,119,120,121,122,123,124,126,127,128,129,130,132,133,136,137,138,139,140,141,142,143,144,145,146,147,148,149,150,152,153,154,155,156,157,158,159,160,161,163,164,165,166,167,168,170,171,173,174,175,176,177,178,179,180,181,182,183,184,185,187,188,189,190,191,192,194,195,196,197,198,199,200,201,202,203,204,205,207,208,209,210,211,212
104,105,106,107,109,110,111,113,114,115,116,117,119,120,122,123,124,125,126,127,128,129,130,131,132,133,135,136,137,139,140,141,143,144,145,146,147,148,149,150,151,152,153,154,155,156,157,158,159,160,161,162,164,165,166,167,169,170,171,172,173,174,175,176,177,178,179,180,181,182,183,184,185,186,187,188,189,190,192,193,194,195,196,197,198,199,200,201,203,204,205,206,207,208,209,210,211,212
105,106,107,108,109,110,111,113,115,116,117,118,119,120,121,122,123,124,125,126,127,128,129,131,132,134,135,136,138,139,140,141,142,143,144,145,146,147,148,149,150,151,152,154,155,156,157,158,159,160,161,162,163,164,165,166,167,169,170,171,172,173,174,175,176,177,179,180,182,183,184,185,186,187,188,189,190,191,192,193,194,196,197,198,199,200,201,202,203,204,205,207,208,209,210,211,212
106,107,108,109,110,111,113,114,115,116,118,119,120,121,123,124,125,126,129,130,131,132,133,134,135,136,137,138,139,140,141,142,143,144,145,146,147,148,149,150,151,152,154,155,156,157,160,161,162,164,165,166,167,168,169,170,171,172,173,174,175,176,177,178,179,181,182,183,184,185,186,188,189,190,191,192,193,194,195,196,197,198,199,201,202,204,205,206,207,208,209,210,211,212
107,109,110,111,112,113,115,116,117,118,119,120,121,122,123,126,128,129,130,131,132,133,134,135,136,139,140,141,142,143,144,145,146,147,148,149,150,152,153,154,155,156,157,158,159,160,161,162,164,165,166,167,168,169,170,171,172,173,174,175,176,177,178,179,180,181,182,183,184,185,186,187,188,189,190,191,193,195,196,197,198,199,200,201,202,203,204,206,207,208,209,210,211
108,109,110,111,112,114,115,116,117,118,119,120,121,122,123,124,125,126,127,129,130,131,132,133,134,135,136,138,139,140,141,142,143,144,145,146,147,148,149,150,151,152,153,156,157,158,159,160,161,162,163,164,165,166,167,168,169,170,171,172,173,174,175,177,178,179,180,181,182,183,184,185,186,187,188,189,190,191,192,193,194,195,196,197,198,199,200,201,202,203,204,205,206,207,209,210,211,212
109,110,111,112,113,114,115,116,117,118,119,120,121,122,123,124,125,126,127,128,129,130,131,132,133,134,135,136,138,139,140,141,142,143,145,146,147,148,149,150,151,152,154,155,156,157,158,159,160,161,162,163,164,165,166,167,169,170,171,172,173,174,175,176,177,178,179,180,181,182,183,184,185,186,187,188,191,192,193,194,195,196,197,198,199,202,203,204,206,207,208,209,210,211,212
110,111,112,113,114,115,116,117,118,119,121,122,123,124,125,126,127,128,129,130,131,133,134,135,136,137,138,139,140,141,142,143,144,145,146,147,148,149,150,152,153,155,156,158,159,160,161,162,163,164,165,166,167,168,169,170,171,172,173,174,175,176,177,178,179,180,181,182,183,184,185,186,187,188,189,190,191,192,193,194,195,196,197,198,200,201,202,203,204,205,206,207,208,209,210,211,212
111,112,113,114,115,116,117,118,119,120,121,122,123,124,125,126,127,128,129,130,131,132,133,134,135,136,137,138,139,140,141,142,143,144,145,146,147,148,149,150,151,152,153,154,155,156,157,158,159,160,161,162,164,165,166,167,168,170,171,172,173,174,175,176,177,178,179,180,181,182,183,184,185,186,187,189,190,191,192,193,194,195,196,197,198,199,200,201,202,203,204,205,206,207,208,209,210,211,212
112,113,114,116,117,118,119,120,121,122,123,124,125,126,128,129,130,132,133,134,135,136,137,138,139,140,141,142,143,145,146,147,148,149,151,152,153,154,155,156,157,158,159,160,161,162,163,164,165,166,167,168,169,170,172,173,174,175,176,177,178,179,181,182,183,185,186,187,188,189,190,191,192,193,194,195,196,197,198,199,200,202,203,204,205,206,207,208,209,210,211,212
113,115,116,117,118,119,120,121,122,123,125,126,127,128,129,130,131,132,133,134,135,137,138,139,140,141,143,144,145,146,147,148,149,150,151,152,153,154,155,156,157,158,160,162,163,164,165,166,167,168,169,170,171,172,173,174,175,176,177,178,179,180,181,182,183,184,185,186,187,188,189,190,192,193,194,195,196,198,199,200,201,202,203,204,205,206,207,208,209,210,211,212
114,115,116,117,118,120,121,122,123,124,125,126,127,128,129,131,134,135,136,137,138,139,140,142,143,144,145,147,148,149,150,151,152,153,154,155,156,157,158,159,160,161,162,163,164,165,166,167,168,169,171,172,173,174,175,176,177,179,180,181,182,183,184,185,186,187,188,189,190,191,192,193,194,195,196,197,198,199,200,201,202,203,204,205,206,207,208,209,210,211,212
115,116,117,118,119,120,121,122,123,124,126,127,128,129,130,131,132,133,134,135,136,137,138,139,140,141,142,143,145,146,148,149,150,151,152,153,154,155,156,157,158,159,160,161,162,164,165,166,167,168,169,170,172,173,174,175,176,177,178,179,180,181,182,183,184,185,186,187,188,189,190,192,193,194,195,196,198,199,200,201,202,203,204,205,206,207,208,209,210,211,212
116,117,119,120,121,122,123,124,125,126,127,128,129,130,131,132,133,134,135,136,137,138,139,140,141,142,143,144,145,146,147,148,149,150,151,152,153,155,156,157,158,159,160,161,162,163,164,165,166,167,168,169,170,171,172,173,174,175,176,177,178,179,180,182,184,185,186,187,188,189,190,191,192,193,194,195,196,197,198,199,200,201,202,203,204,205,206,207,208,210,211,212
117,118,120,123,124,125,126,127,129,130,132,133,134,135,136,137,138,139,140,141,142,143,144,145,146,147,148,149,150,151,152,153,154,155,156,157,158,160,161,162,163,164,165,166,167,168,169,170,171,172,173,174,175,176,177,178,179,180,181,182,183,184,185,186,187,188,189,190,191,192,193,194,195,196,197,198,199,200,201,202,203,204,205,206,207,208,209,210,211,212
118,119,120,121,122,123,125,127,128,129,130,131,132,133,134,135,136,137,138,139,140,141,142,143,144,145,147,148,149,150,151,152,153,154,155,156,157,158,159,160,161,162,163,164,166,167,168,169,170,171,172,173,174,175,176,177,178,179,180,181,182,183,184,185,186,187,188,189,190,191,192,193,195,196,197,198,199,200,201,202,203,204,205,207,208,209,210,211
119,120,121,122,123,124,126,128,129,130,132,133,134,135,136,137,138,139,140,141,142,143,144,145,146,147,148,149,150,151,152,153,154,155,156,157,158,159,160,161,162,163,164,165,166,167,168,169,170,171,172,173,174,175,177,178,179,181,182,183,184,185,186,187,188,189,190,191,192,193,195,196,197,198,199,200,201,202,203,204,205,206,207,208,209,210,211,212
120,121,122,123,124,125,126,127,128,129,130,131,132,133,135,136,137,138,139,142,143,144,145,146,147,148,149,150,151,152,153,154,155,156,157,158,159,160,161,163,165,166,168,169,170,171,172,173,174,176,177,178,179,180,182,183,184,185,186,187,188,189,191,192,193,195,196,197,198,200,201,202,203,204,205,206,207,208,209,210,211,212
121,124,125,126,127,128,129,131,132,133,134,135,136,137,138,139,140,141,142,145,146,147,148,150,151,152,153,154,155,157,158,159,160,161,162,163,164,165,166,167,168,169,171,172,173,174,175,176,177,178,179,180,181,182,183,184,185,186,187,188,189,190,191,192,193,194,195,197,198,199,200,201,202,203,204,205,206,207,208,209,210,211,212
122,124,125,126,127,128,129,130,131,132,133,134,135,136,137,138,139,140,142,143,144,145,146,147,148,149,150,151,152,154,155,156,157,158,159,160,161,162,163,164,165,167,168,169,170,171,172,173,174,175,177,178,179,180,181,182,183,184,186,187,188,189,190,191,192,193,194,195,197,198,199,200,203,204,205,206,207,208,209,211,212
123,124,125,126,127,128,129,130,131,132,133,134,136,137,138,139,140,141,143,144,145,146,147,148,149,150,151,153,155,156,157,158,159,160,161,162,163,164,165,166,167,168,169,170,171,172,173,174,175,176,178,179,180,182,183,184,185,186,188,189,190,191,192,194,195,196,197,198,199,200,201,202,203,204,205,206,207,208,209,210,211,212
124,125,126,127,128,129,130,131,132,133,134,135,136,137,138,140,141,142,143,144,145,146,147,148,149,150,151,152,153,155,156,157,158,160,161,162,163,164,166,167,168,169,170,171,172,173,174,175,176,177,178,179,180,181,182,183,184,185,186,187,188,189,190,191,192,193,194,195,196,197,199,200,201,202,203,204,205,206,207,209,210,211,212
125,126,127,128,130,131,132,133,134,136,137,138,139,140,141,142,143,144,145,146,147,148,149,150,151,153,154,156,157,158,159,160,161,162,163,164,165,167,169,170,171,172,173,174,175,176,177,178,179,180,181,182,183,184,185,186,187,188,189,190,191,192,193,194,195,196,197,198,200,201,202,203,204,205,206,207,208,209,210,211
126,127,128,129,130,131,132,133,134,135,137,138,139,140,141,142,143,144,145,146,147,148,149,150,151,152,153,154,155,156,157,158,159,160,161,162,163,164,166,167,168,169,171,172,173,174,175,176,177,178,179,180,181,182,183,184,185,186,187,188,189,190,191,193,195,196,197,198,199,200,201,202,203,205,206,207,208,209,211,212
127,128,129,130,131,132,133,135,136,137,139,140,141,142,143,144,145,146,148,150,151,152,153,154,155,156,157,158,159,160,161,162,163,164,165,166,168,169,170,171,172,173,174,175,176,177,178,179,180,181,182,183,184,185,186,187,188,189,190,191,192,193,194,195,196,197,198,199,200,201,202,203,204,205,206,207,208,209,210,212
128,129,131,132,133,134,135,136,137,138,140,141,143,144,145,146,147,148,150,151,153,154,155,156,157,158,159,160,161,162,163,165,166,167,168,169,170,171,172,173,174,175,176,177,179,180,181,182,183,184,185,186,187,189,190,191,192,193,194,195,196,197,198,199,200,201,202,203,204,205,206,207,209,210,211,212
129,130,131,132,133,134,135,136,138,139,140,141,142,143,144,145,147,148,149,150,151,152,153,154,155,157,158,159,160,161,162,163,164,165,166,167,168,169,170,171,172,173,174,175,176,177,178,179,180,181,182,183,184,185,186,188,189,190,191,192,193,194,195,196,197,198,199,200,201,202,203,204,205,206,207,208,209,210,211,212
130,131,132,133,134,135,137,138,140,141,142,143,144,145,146,147,148,149,150,151,152,153,154,155,157,158,160,161,162,163,165,166,168,169,170,171,173,174,175,176,177,178,179,183,184,185,186,187,188,189,190,191,193,194,195,196,197,198,200,201,202,203,204,205,206,207,208,209,210,211,212
131,132,133,134,135,136,137,138,139,140,141,142,143,144,145,146,147,148,149,150,151,152,153,154,155,156,157,159,160,161,162,164,165,166,168,169,170,171,172,174,175,176,177,178,179,180,181,183,185,186,187,188,189,190,191,193,194,195,196,197,199,201,202,203,204,205,207,208,209,210,211,212
132,133,134,135,136,137,138,139,140,141,142,143,144,145,146,147,148,149,150,151,153,154,155,156,157,159,160,161,162,163,164,167,168,169,170,171,172,173,174,175,176,178,179,180,181,182,183,184,186,187,188,189,191,192,193,194,195,196,197,199,200,201,202,203,204,205,206,207,209,210,211,212
133,134,135,136,137,138,139,140,141,142,143,144,145,146,147,148,149,150,151,152,153,155,156,157,158,159,160,161,162,163,164,165,166,167,168,169,171,172,173,175,176,177,178,179,180,181,182,183,184,185,186,187,188,189,190,191,192,193,195,196,197,198,199,200,201,202,203,204,205,207,208,209,210,211,212
134,135,136,137,138,139,140,141,142,144,145,146,147,148,149,150,151,152,153,154,156,158,159,160,161,162,163,165,166,167,168,169,170,171,173,174,175,176,177,178,179,181,182,183,184,185,186,187,188,191,192,193,194,195,196,197,198,199,200,201,202,204,205,206,208,209,210,211,212
135,136,137,138,140,141,142,143,144,145,146,148,149,150,151,152,153,154,155,156,157,158,159,160,161,162,163,164,165,166,167,168,169,170,171,172,173,174,175,176,177,178,179,180,181,182,183,184,185,186,187,188,189,190,191,192,193,194,195,196,197,198,199,200,201,202,203,204,205,206,207,208,209,210,211,212
136,138,139,140,141,142,144,145,146,147,148,149,150,151,152,153,154,155,156,157,158,159,160,161,162,163,164,165,166,167,168,169,170,171,172,173,174,176,177,178,179,180,181,182,183,184,185,186,187,188,189,190,191,193,194,196,197,198,201,202,203,205,206,207,208,209,211,212
137,138,139,140,141,142,143,144,145,146,147,148,149,150,151,153,154,155,156,157,158,160,161,162,163,164,165,166,167,169,170,171,172,173,175,176,177,178,179,180,181,182,184,185,186,187,188,189,191,192,193,194,195,196,197,198,199,200,201,202,203,204,205,206,207,208,209,210,211,212
138,139,140,141,142,143,144,145,146,147,148,149,150,151,152,153,154,155,156,157,158,159,160,161,162,163,164,165,166,168,170,171,172,173,174,175,176,177,178,179,180,181,183,184,185,186,187,188,189,191,192,193,194,195,196,197,198,199,200,202,204,205,206,207,208,209,211,212
139,140,141,143,144,145,146,148,149,150,151,152,153,154,155,156,157,158,159,160,161,162,163,164,165,166,167,168,169,170,171,172,173,174,175,176,177,178,179,182,183,184,185,186,187,188,189,190,191,193,194,195,196,199,200,201,202,203,204,205,206,207,208,209,210,211,212
140,141,143,144,146,147,148,149,150,151,152,153,154,155,157,158,159,160,161,162,163,164,165,166,167,168,169,170,171,172,173,174,175,176,177,178,179,180,181,182,183,184,185,186,187,188,189,190,191,192,193,194,195,196,197,198,199,200,201,202,203,204,205,206,207,208,209,210,211,212
141,142,143,145,146,147,148,149,150,151,152,153,154,155,156,157,159,160,161,162,163,164,165,166,167,168,169,170,171,172,173,174,175,176,177,178,179,180,181,182,183,184,185,187,188,189,190,191,192,193,195,197,198,199,200,201,202,203,204,205,206,207,208,209,210,211,212
142,143,145,146,147,148,149,150,151,152,153,154,155,156,157,158,159,160,161,162,163,164,165,166,167,168,169,170,171,172,173,174,176,177,178,179,180,181,182,183,184,185,186,187,188,189,190,191,192,193,194,195,196,198,199,200,201,202,203,204,205,206,207,208,209,210,211,212
143,144,145,146,148,149,150,151,152,153,154,156,157,158,159,160,161,162,163,164,165,166,167,168,169,171,173,174,175,176,177,178,179,180,181,183,184,185,186,187,188,189,190,191,192,193,194,195,196,197,198,199,200,201,202,203,204,205,206,207,208,209,211,212
144,145,147,148,149,150,152,154,155,156,157,158,159,161,162,163,164,165,167,168,171,172,173,174,175,176,177,178,179,180,181,182,183,184,185,186,187,188,189,190,191,192,193,194,195,196,198,199,200,201,202,203,204,205,206,208,209,210,211
145,146,147,148,149,150,151,152,153,154,155,156,157,158,159,160,161,162,163,164,165,166,167,168,169,170,171,172,173,174,175,176,178,179,180,181,182,183,184,185,186,187,188,189,190,191,192,193,195,196,197,198,199,200,201,202,203,204,205,207,208,209,211,212
146,147,148,149,150,151,152,153,154,155,156,157,158,160,161,162,163,164,165,166,167,168,169,170,171,172,173,174,175,176,177,178,179,181,182,183,184,185,186,187,188,189,190,191,192,193,194,195,197,198,199,200,201,202,203,204,205,206,207,209,210,211,212
147,148,149,150,151,152,154,155,156,157,158,159,160,161,162,163,165,166,167,168,169,170,171,173,174,175,176,177,178,179,180,182,183,184,186,187,188,189,190,191,192,193,194,195,196,197,198,199,200,201,202,203,204,206,207,208,209,210,211,212
148,149,151,152,153,154,155,156,157,158,159,160,161,162,163,165,166,167,168,169,170,171,172,173,174,175,176,177,178,179,180,181,182,183,184,185,186,187,188,189,190,191,192,193,194,195,196,197,198,199,200,201,202,203,204,205,206,207,208,209,210,211,212
149,150,151,152,153,154,155,156,157,158,159,161,162,163,164,165,166,167,168,169,170,171,173,174,176,177,178,179,180,181,182,183,184,185,186,187,188,190,191,192,193,194,195,196,197,198,199,200,201,202,203,204,205,206,207,208,209,210,211,212
150,151,152,153,154,155,156,157,158,159,160,161,162,163,164,165,166,167,168,169,170,171,172,173,174,175,177,178,179,180,181,182,185,187,188,190,191,192,193,194,195,196,197,198,199,200,201,203,204,206,207,208,209,210,211,212
151,152,153,154,155,156,158,159,161,162,163,164,165,166,168,169,170,171,172,173,174,175,176,178,179,180,181,182,183,184,185,186,187,188,189,191,192,193,194,195,196,197,198,199,200,201,202,203,204,205,206,207,208,209,210,211,212
152,153,154,156,157,158,159,160,161,162,165,166,167,169,170,171,172,173,174,175,178,180,181,182,183,184,186,187,188,189,190,191,192,193,194,195,197,198,199,200,201,202,203,204,205,206,207,209,210,211,212
153,154,155,156,157,158,159,160,161,163,164,165,166,167,168,169,170,171,173,174,176,177,178,179,180,181,182,183,184,185,186,187,188,189,190,191,192,193,194,195,196,197,198,199,200,201,202,203,204,205,206,207,208,209,210,211,212
154,155,156,157,158,159,160,161,162,163,164,165,166,167,168,169,170,171,173,174,176,177,178,179,180,181,182,184,185,186,187,188,190,191,193,194,195,196,197,198,199,200,201,202,203,204,205,206,207,208,209,210,211,212
155,156,157,158,159,160,161,162,163,164,165,166,167,168,169,170,171,173,174,175,176,178,180,181,182,183,184,185,186,187,188,189,190,191,192,193,194,195,196,197,198,199,200,201,202,203,204,205,206,207,208,209,210,211,212
156,157,158,159,160,161,163,164,165,166,167,168,169,170,171,172,173,174,175,177,179,180,182,183,184,185,186,187,188,189,190,192,193,195,196,197,198,199,200,201,202,203,204,205,206,207,208,209,210,211,212
157,158,159,160,161,162,163,164,165,166,167,168,170,171,172,173,176,177,178,179,180,181,182,183,184,185,186,187,188,189,190,192,193,194,195,196,197,199,200,201,202,203,204,205,206,207,208,209,210,211,212
158,159,160,161,162,163,164,165,166,167,168,169,170,171,172,173,174,175,176,177,178,179,180,181,182,184,185,186,188,189,190,191,192,193,194,195,197,199,200,201,202,203,204,205,206,207,208,209,210,211
159,160,161,162,163,164,165,166,167,168,169,171,172,173,174,175,176,177,178,179,181,182,183,184,185,186,187,188,189,190,191,192,193,194,195,196,197,198,201,202,203,204,205,206,207,208,209,211,212
160,161,162,163,164,165,166,167,168,169,170,171,172,173,174,175,176,177,178,179,180,181,182,183,184,185,186,187,188,189,190,191,192,193,194,195,196,197,198,199,200,201,202,203,204,205,206,207,208,209,210,211,212
161,162,163,164,165,166,168,169,170,171,172,173,174,175,176,177,178,179,181,182,183,184,185,186,187,188,189,192,193,194,195,196,197,198,199,200,201,202,203,204,205,206,207,208,209,211,212
162,163,164,165,166,167,168,169,171,172,173,174,175,176,179,180,181,182,183,184,185,186,187,188,189,191,193,194,195,196,197,199,200,201,202,203,204,206,207,208,209,210,211,212
163,164,165,166,167,168,170,171,172,173,174,175,176,177,178,179,180,181,182,183,185,186,187,188,189,190,191,192,193,194,195,197,198,199,200,202,203,204,205,206,207,208,209,210,211,212
164,165,167,170,171,172,173,175,176,177,178,179,180,181,182,184,185,187,188,189,190,192,193,195,196,197,198,199,200,202,203,204,206,207,208,209,210,211,212
165,166,167,168,169,170,171,172,173,174,175,176,177,178,179,181,182,183,184,185,186,187,188,189,190,191,192,193,195,197,198,199,200,201,203,204,205,206,207,208,210,211,212
166,167,168,170,171,172,173,175,176,177,178,180,181,182,183,184,185,186,187,188,189,190,191,192,193,194,195,196,197,199,201,202,203,204,207,209,211,212
167,169,170,171,172,173,174,175,176,177,178,179,180,181,182,183,184,185,186,187,188,189,190,191,192,193,194,195,196,197,198,199,200,201,202,203,204,205,206,207,208,209,210,211
168,169,170,171,174,175,176,177,178,179,180,181,182,183,184,185,186,187,188,189,190,191,192,193,194,195,196,197,198,200,201,202,203,205,206,207,208,209,210,211
169,170,171,172,173,174,175,176,177,178,179,180,181,182,183,184,185,186,187,188,189,190,191,192,193,194,195,196,197,198,199,200,201,202,203,204,205,206,207,208,209,211
170,171,172,173,174,175,176,177,178,179,181,182,183,185,186,187,188,189,190,191,192,193,194,195,196,197,198,199,200,201,202,203,205,206,207,208,209,210,211,212
171,172,173,174,176,177,178,179,180,181,182,183,184,185,186,187,188,189,190,191,192,193,195,196,197,198,199,200,201,203,204,206,207,208,209,210,211,212
172,173,174,175,176,178,179,180,181,182,183,184,185,186,187,188,189,190,191,192,193,194,195,196,197,199,200,201,202,203,204,206,207,208,209,210,212
173,174,175,176,177,178,179,180,182,183,184,185,186,187,188,190,191,193,194,195,196,197,198,199,200,201,202,203,204,205,206,207,208,209,210,211,212
174,175,176,177,178,179,180,181,182,183,184,185,186,187,188,189,190,191,192,193,194,196,197,198,199,200,201,202,203,204,205,206,207,208,209,210,211,212
175,176,177,178,179,180,182,183,184,185,186,187,188,189,190,191,192,193,194,195,196,197,199,200,201,202,203,204,205,206,207,208,209,211
176,177,178,179,180,181,183,184,185,186,187,188,189,190,191,192,193,194,195,196,197,198,199,200,201,202,203,204,205,206,207,208,209,210,211,212
177,178,179,180,181,182,183,184,185,186,187,188,189,190,191,192,194,195,196,197,198,199,200,201,202,203,204,205,206,207,208,209,210,212
178,180,181,182,183,184,185,186,187,188,190,191,192,193,194,195,197,198,199,200,201,202,203,204,205,206,207,208,209,210,211,212
179,180,182,183,184,185,186,187,188,189,190,191,192,193,194,195,196,197,198,199,200,201,202,203,204,205,206,207,208,209,210,211,212
180,181,182,183,184,185,186,187,188,189,190,191,192,195,196,197,198,199,200,202,203,204,205,206,207,208,209,210,211,212
181,182,183,185,186,187,188,189,190,191,192,193,194,195,196,197,198,199,200,201,202,203,204,205,206,207,208,209,210,211,212
182,183,184,185,186,187,188,189,190,191,192,194,195,196,197,198,199,200,201,202,203,204,205,206,207,208,210,211,212
183,184,185,186,187,188,189,190,191,192,193,194,195,196,197,198,199,200,201,203,204,205,206,207,208,209,211,212
184,185,186,187,188,189,190,191,192,193,194,195,196,197,198,199,200,201,202,203,204,205,206,207,208,209,210,211,212
185,186,187,188,189,190,192,193,194,195,197,198,199,200,202,203,204,205,206,207,208,209,210,211,212
186,187,188,189,190,191,192,193,194,195,196,197,198,199,200,201,202,203,206,207,208,211,212
187,188,189,190,191,194,195,196,197,198,199,200,201,202,203,204,205,206,207,208,209,210,211,212
188,189,190,192,193,195,196,197,198,199,201,202,204,205,206,207,208,209,210,211,212
189,190,191,192,194,195,196,197,198,199,200,201,202,203,204,205,206,208,209,210,211
190,191,192,193,195,196,197,198,199,200,201,202,203,204,205,206,207,208,209,210,211,212
191,192,193,194,195,196,197,198,199,200,201,202,203,204,205,206,207,208,209,210,211,212
192,193,194,195,197,198,199,200,201,203,204,205,206,207,209,210,211,212
193,194,195,196,197,198,200,201,202,203,204,205,206,207,208,209,210,211,212
194,195,196,197,198,199,200,201,202,203,204,205,206,207,208,209,210,211
195,196,197,198,199,201,202,203,204,205,206,207,208,209,210,211,212
196,197,198,199,200,201,202,203,204,205,206,207,208,209,211,212
197,198,199,200,201,202,203,204,205,206,207,208,209,210,211,212
198,199,200,201,202,203,204,205,206,207,208,209,210,211,212
199,200,201,202,203,204,205,206,207,208,209,210,211,212
200,201,202,203,205,206,208,210,211,212
201,202,203,204,205,206,207,208,209,210,211,212
202,203,204,205,206,208,209,210,211,212
203,204,205,206,207,208,212
204,205,206,208,209,210,211,212
205,206,207,208,209,210,211,212
206,207,208,209,210,211
207,208,209,210,211,212
208,209,210,211,212
209,210,211,212
210,211,212
211,212
212
