n_nodes:122
n_edges:3225
density:0.43693
0,2,4,6,7,10,14,15,19,23,28,32,33,35,36,40,42,43,45,48,49,50,54,55,57,58,60,62,63,64,68,69,70,71,74,77,79,85,86,91,95,97,98,100,103,106,110,116,119,121
1,3,4,8,11,15,17,18,19,22,23,25,26,27,29,32,36,37,38,42,43,49,50,51,58,59,61,63,65,68,71,72,74,77,82,85,89,90,92,93,95,96,98,102,107,108,109,110,117,119
2,3,6,7,8,10,15,18,21,22,23,24,25,26,28,34,44,47,50,51,52,53,54,58,59,60,63,64,70,71,72,73,74,77,80,82,84,87,93,94,98,101,103,104,105,106,111,115,116,118,119
3,4,6,10,11,12,13,18,21,22,24,30,32,33,34,37,38,39,43,45,46,47,49,52,53,55,56,57,58,59,61,62,64,66,68,69,70,75,81,82,85,93,96,99,103,105,107,108,111,112,117,119,120,121
4,7,13,15,19,20,21,22,24,26,28,29,30,31,32,34,37,38,39,41,42,43,45,46,51,53,54,58,60,61,63,64,65,66,72,74,75,77,81,82,84,85,86,89,90,97,98,99,105,107,111,112,113,115,116,117,118,119,120
5,8,12,13,14,15,17,19,22,26,28,29,30,32,34,36,37,38,39,41,42,43,46,50,52,54,56,58,61,64,65,67,69,70,71,72,74,75,76,78,79,80,85,86,89,91,95,97,98,99,107,109,110,111,112,120,121
6,9,10,11,12,13,14,17,18,20,22,23,26,27,29,30,32,41,42,44,47,48,49,50,54,61,66,68,69,72,73,76,78,80,81,85,89,91,92,94,99,100,102,103,104,105,106,108,111,113,114,115,118,119
7,10,13,14,27,28,29,30,31,32,33,34,35,38,41,42,47,49,50,52,60,63,65,69,71,72,74,78,80,81,84,85,90,92,94,95,97,98,99,100,101,102,103,108,109,110,113,115,116,117,119,120
8,15,16,17,18,20,25,28,30,34,35,36,38,42,43,44,46,50,52,54,55,56,57,60,61,63,65,68,70,72,73,76,78,79,83,85,86,87,88,91,92,93,95,96,99,101,108,111,113,114,115,116,117
9,64,65,67,68,118,71,10,75,13,14,115,17,18,19,20,21,88,90,29,94,32,112,98,100,101,113,40,41,44,46,111,48,104,50,51,52,117,54,119,120,57
10,11,14,17,23,25,28,29,32,35,37,40,41,43,46,48,50,53,54,55,56,59,63,64,67,70,71,72,74,75,76,77,80,82,85,88,89,92,96,98,99,102,103,106,109,111,113,114,117,119
11,13,15,18,19,20,23,26,33,38,40,41,44,45,46,48,52,55,58,62,64,67,68,71,73,74,76,78,81,82,85,86,87,88,90,91,93,95,97,98,107,110,113,117,118,120
12,13,14,19,20,21,22,23,24,25,27,28,29,30,31,34,35,39,42,43,45,46,48,51,53,54,56,57,60,61,62,63,65,69,70,71,72,80,81,82,83,84,86,89,93,94,96,97,99,100,103,104,105,107,108,111,114,116
13,14,16,17,21,22,23,26,27,28,31,35,40,41,42,43,47,52,55,56,58,59,63,67,69,71,74,76,80,82,84,85,86,88,89,92,95,97,98,99,100,101,104,105,107,108,109,111,114,115,118,121
14,20,23,26,28,29,32,34,37,38,41,46,47,51,52,53,58,62,63,65,67,69,72,78,79,80,82,83,85,90,96,97,99,103,104,105,107,108,109,113,115,116,119,120,121
15,18,20,22,23,27,37,42,44,46,47,48,49,50,51,52,54,56,57,70,71,73,74,79,80,81,82,83,84,85,88,92,93,94,95,96,97,98,101,110,111,114,115,118,120
16,19,20,22,33,41,47,48,51,52,55,56,61,63,64,65,67,70,74,77,80,83,87,88,89,91,92,93,95,97,98,99,100,102,103,105,106,107,108,109,110,111,114,117,118,120
17,19,21,24,29,33,37,38,39,44,45,54,58,59,60,62,65,67,69,70,72,73,74,76,77,80,81,84,85,86,87,89,90,95,96,99,102,107,108,114,116,118,120,121
18,20,21,22,23,25,29,30,31,32,38,40,45,46,47,48,49,50,51,52,58,59,60,63,68,70,71,72,74,75,79,81,82,88,89,95,96,97,101,102,106,108,109,113,115,116,118,120
19,20,22,31,33,34,37,38,39,40,42,44,45,48,50,52,53,56,61,62,63,64,65,68,69,74,75,79,80,83,84,85,87,90,94,95,96,98,101,104,106,108,110,112,114,115,116,121
20,22,23,24,27,29,30,31,38,39,41,43,50,51,52,55,57,59,62,63,65,67,71,76,79,80,82,83,84,85,87,90,93,97,98,99,101,102,103,106,107,111,112,114,116,117,118
21,23,26,28,37,39,40,41,42,47,48,50,51,53,54,56,57,58,59,60,62,68,69,72,74,75,76,77,79,80,81,83,84,86,89,90,92,95,97,99,101,108,111,112,113,116
22,24,25,26,29,30,31,33,35,38,40,42,45,48,49,50,54,55,56,57,58,62,70,73,74,75,76,78,79,82,86,88,89,90,92,93,102,103,115,119,120,121
23,24,25,30,31,32,36,37,41,42,43,45,47,49,51,53,54,55,56,63,65,67,68,69,71,73,74,76,80,96,98,99,101,105,110,111,112,114,116,118,119
24,25,26,28,33,35,36,38,39,42,46,48,51,52,53,54,55,60,62,64,66,69,70,73,74,77,78,83,84,88,89,90,93,95,98,100,101,102,104,105,108,112,114,118,120
25,27,34,36,39,41,45,46,47,48,49,51,52,53,54,56,58,59,60,61,62,63,66,67,69,72,73,74,80,87,94,96,100,106,107,108,111,113,115,116,117,121
26,28,29,30,31,34,37,39,40,42,43,45,46,51,52,54,55,56,62,67,74,77,81,85,87,88,89,96,97,99,102,103,104,105,109,116,118,120,121
27,28,33,35,36,39,42,43,45,50,51,59,62,64,67,70,71,73,74,76,77,78,81,82,84,88,89,90,91,94,98,100,103,105,107,111,113,114,119,121
28,32,35,38,45,48,50,53,56,57,58,62,63,64,67,71,74,75,76,77,79,80,83,89,90,93,95,96,97,98,100,104,105,107,108,109,111,113,114,115,116,120
29,30,31,32,35,36,40,41,42,43,44,47,49,50,51,52,58,62,67,68,69,71,74,75,79,82,87,92,93,95,96,97,98,99,102,103,104,109,116,117,118,120
30,31,32,37,39,41,43,44,45,46,47,48,50,54,60,61,62,64,65,67,68,70,71,72,80,81,82,85,87,89,94,95,98,100,101,103,105,109,112,113,120,121
31,32,37,40,41,42,43,45,48,53,54,55,57,60,61,62,63,67,69,70,72,77,82,85,86,87,88,91,94,95,97,98,99,101,104,111,114,117,118,119,120
32,33,35,38,39,40,41,42,43,45,49,52,53,58,59,60,61,64,65,70,71,73,74,77,79,81,84,87,90,95,96,98,101,102,103,104,105,106,107,108,110,112,114,116,119,121
33,36,37,40,43,44,47,50,56,57,62,63,64,66,74,77,79,80,83,84,86,88,90,93,96,102,106,107,108,110,115,116,119,120
34,37,38,39,41,43,44,47,53,58,59,60,61,66,67,68,69,70,71,76,79,80,81,83,85,87,89,90,91,94,97,100,101,102,103,105,107,109,112,116,120
35,37,39,44,45,46,49,50,56,57,58,59,62,63,67,68,70,73,74,75,78,80,81,82,83,85,87,94,95,97,98,99,101,102,106,108,115,116,119,121
36,38,39,40,44,45,47,48,49,50,51,55,56,58,60,62,63,64,66,68,69,72,73,74,75,80,81,82,84,89,90,93,94,95,98,100,104,105,107,110,116,117,118,121
37,38,39,44,48,52,53,54,55,56,59,61,62,67,68,69,71,72,73,76,79,80,81,82,85,87,89,92,93,96,100,102,103,105,106,107,110,114,118
38,40,42,50,54,60,61,64,65,68,76,79,80,84,86,92,94,95,96,97,98,101,104,107,112,120
39,42,45,46,47,48,50,55,56,57,60,61,68,73,75,82,84,85,86,87,88,93,102,106,109,111,114,116,117,118,120,121
40,41,44,45,46,50,51,54,56,59,61,62,65,66,67,70,71,80,81,83,84,85,86,92,93,96,97,98,99,101,102,103,104,105,106,110,113
41,44,50,51,52,55,56,60,61,62,63,67,68,72,74,75,77,80,85,86,91,92,93,96,97,98,99,100,101,102,103,105,107,114,117,118
42,45,46,48,49,50,51,53,56,61,62,65,67,70,73,76,79,80,82,83,87,90,91,95,97,98,103,106,110,112,116,117,121
43,44,50,51,53,55,56,58,59,62,65,69,71,72,73,75,79,86,90,91,98,105,107,108,109,115,117,121
44,47,48,50,53,54,55,57,60,61,63,64,65,66,67,68,69,71,74,76,77,78,83,84,89,96,97,99,102,104,106,107,108,110,113,115,117,118,120
45,47,50,51,52,55,56,57,58,59,60,62,63,65,67,71,72,74,77,79,82,84,85,86,90,91,92,94,96,97,98,99,101,102,103,105,107,108,109,110,111,113,114,117,118,119
46,47,50,51,54,55,56,58,60,64,65,66,67,71,72,74,76,77,78,80,82,85,86,87,89,90,91,92,93,97,100,102,103,107,108,109,110,115,118,121
47,51,55,57,59,60,62,64,67,76,78,81,85,86,88,90,91,93,96,98,100,101,102,106,107,108,112,114,117,118,121
48,49,50,52,56,58,63,71,75,79,81,82,83,85,87,88,90,92,94,95,97,98,101,103,116,117
49,67,69,72,101,78,80,84,90,92,100,112,70,102,103,104,105,107,111,114,51,52,117,119,120,116,62
50,54,55,56,57,58,59,62,63,66,67,71,73,78,81,87,89,91,93,96,97,98,102,116,119,120,121
51,53,56,57,58,62,64,66,74,75,76,79,81,82,84,89,93,94,96,98,102,104,109,111,115,120,121
52,54,56,57,60,62,68,69,70,71,74,75,76,84,85,86,87,88,90,94,96,98,100,103,104,106,108,110,111,112,113,114,118
53,55,59,63,64,65,71,74,75,78,79,83,87,90,97,98,99,101,102,105,111,112,116,119,120,121
54,56,57,58,60,64,65,66,68,73,75,76,79,80,81,83,85,86,89,90,91,92,94,95,96,98,100,102,104,105,108,109,111,117,118,121
55,57,58,59,62,63,64,67,68,71,73,76,79,86,87,90,91,95,97,99,100,102,104,107,109,113,114,118,119,120,121
56,59,62,70,72,73,79,81,83,86,89,93,94,96,101,104,105,109,112,113,116,117,119
57,58,62,63,65,66,69,72,73,74,75,78,80,83,84,86,87,90,92,93,98,105,106,107,108,112,113,114,115,118,119,120,121
58,62,63,70,71,77,80,81,87,88,91,92,93,97,102,104,106,107,108,112,114,115,120,121
59,60,61,63,65,67,68,71,72,73,75,76,80,81,82,86,87,91,94,98,99,101,102,104,109,111,112,116,119
60,61,62,63,64,65,67,68,78,80,85,86,89,91,92,94,98,99,103,105,107,108,109,111,112,115,118,121
61,63,64,65,67,69,71,73,74,75,78,79,81,83,84,86,87,89,90,92,100,102,105,110,112,114,117,118,119,120,121
62,65,69,75,76,77,79,80,83,84,85,87,88,90,92,93,94,98,100,102,103,106,108,110,111,112,116,117,118,120
63,67,71,72,75,76,79,80,84,88,89,90,91,92,95,101,102,108,109,113,115,116
64,66,67,68,71,74,78,80,81,82,83,87,88,90,91,92,94,95,98,99,100,105,107,109,110,111,112,114,115,116,117,118,120,121
65,66,68,71,72,73,80,81,82,83,84,86,90,91,93,94,95,96,97,98,103,104,105,106,110,116
66,68,69,70,72,74,75,76,77,78,80,84,89,91,95,96,97,99,102,105,107,108,109,110,111,114,117,118
67,68,69,74,77,78,79,80,83,87,88,91,94,98,102,104,107,108,110,111,116,117,120,121
68,69,72,74,76,77,81,86,90,95,96,97,98,101,103,107,115,118,121
69,72,81,82,84,87,88,89,92,93,97,100,101,106,107,108,109,111,113,114,115,119,121
70,71,72,76,77,79,80,82,87,93,95,98,102,107,111,112,113,116,118
71,72,74,77,82,83,85,88,90,97,98,102,104,109,111,112,113,114,116,118
72,74,76,77,79,80,83,85,87,88,89,92,95,97,105,106,111,113,116,117,118,121
73,75,78,81,82,86,87,88,90,92,93,95,96,97,98,100,105,106,107,109,112,113,115,117,118,121
74,78,79,83,84,87,89,91,93,97,100,101,102,103,107,108,109,110,113,114,115,120
75,76,77,78,80,81,82,84,87,91,93,94,95,96,98,100,106,108,111,112,113,115,116,120
76,78,81,83,87,90,91,92,93,94,99,100,101,102,104,106,108,109,110,114,116,117,118,120
77,81,82,86,90,93,94,95,96,97,102,103,106,107,110,111,114,116,117,118,119
78,81,121,92,88,114,102,103,94,109,118,111,91
79,81,83,84,86,87,88,89,91,92,93,95,98,99,100,104,106,107,109,118,119,121
80,82,84,86,87,88,89,95,98,100,103,106,108,111,115,116,117,121
81,85,87,91,95,96,98,99,103,107,108,110,113,114,115,116,118,120
82,83,86,91,92,94,96,98,99,100,103,105,114,117,118,121
83,84,86,87,88,90,94,98,99,102,104,109,112,114,116,117,118,119,121
84,86,89,91,93,95,101,102,104,108,109,110,111,118,120
85,86,87,94,99,105,107,110,111,112,113,114,116,117,118,120
86,88,90,91,94,95,96,101,103,105,108,111,112,114,116,117
87,88,92,96,99,100,101,102,104,105,106,109,112,116,117,120,121
88,90,92,93,94,96,99,100,102,103,105,106,109,110,111,116,118,120,121
89,91,93,94,96,97,98,99,101,103,104,110,112,115,116,117,118,120,121
90,92,95,96,102,103,105,113,114,115,117,118,119,120,121
91,92,93,97,98,100,102,103,111,118,120,121
92,94,95,96,97,100,101,102,104,105,107,109,111,112,113,114,115,118,120
93,94,95,100,103,104,106,108,112,115,117,118,119
94,96,98,99,101,103,104,105,106,108,109,110,112,113,116,118,121
95,100,102,104,105,109,112,113,114,115,119
96,101,105,113,114,117,118,120
97,98,100,101,103,104,106,108,109,110,111,112,115,116,118,120
98,99,100,105,106,107,110,113,115,121
99,100,101,102,103,107,108,110,112,113,117,118
100,101,109,112,113,117,120
101,102,103,104,106,110,111,115,116,118,119,120
102,104,106,112,114,115,116,121
103,104,105,106,113,114,117,118,119,120
104,112,114,115,119
105,107,110,111,112,115,118,119
106,107,108,111,113,120,121
107,108,111,114,119,120,121
108,111,114,118,120
109,110,112,115,116,119,120
110,114,118,119,120
111,117,119,120
112,114,115,118,120,121
113,114,117,118,121
114,116,118,120
115,119,120
116,117,118,121
117,118,121
118,121
119
120,121
121
