n_nodes:38
n_edges:341
density:0.48506
0,32,3,36,5,7,9,10,11,12,13,15,17,19,21,22,25,26,27,29,30
1,2,35,4,5,8,9,10,12,15,17,25,26,36,37,31
2,32,34,3,4,6,7,8,10,11,12,16,21,26,27
3,32,36,5,6,8,9,11,12,34,14,15,18,21,24,26,29,30,31
4,32,35,5,6,7,9,12,13,14,16,24,26,29,31
5,34,37,6,32,9,14,15,16,17,18,21,23,28,29,30,31
6,33,8,10,11,12,36,14,19,20,21,22,23,25,26,28,30,31
7,33,34,37,10,12,13,16,17,19,20,22,24,25,26,28,30,36
8,32,36,33,11,16,19,20,25,29,30
9,12,14,15,17,18,19,20,22,23,24,27,29,32,33,34,36,37
10,34,33,11,13,14,15,16,17,20,22,28,31
11,32,36,37,12,13,15,16,18,21,24,31
12,13,15,16,17,19,21,23,25,27,28,29,35,36
13,32,33,15,16,18,19,20,21,22,23,24,25,29,31
14,32,35,15,16,17,19,21,22,36,26,27,29,37
15,34,35,20,22,24,25,26,28,37,30,31
16,32,34,37,19,25,26,28,29,30,36
17,18,19,20,21,23,24,25,29,31,32,33,34,35,36
18,32,34,35,20,22,28,31
19,34,36,23,26,27,31
20,34,35,23,24,26,27,28,29,30,31
21,33,23,25,26,28,31
22,34,35,36,37,23,28,29
23,34,36,24,25,28,31
24,33,34,35,25,29,30,31
25,36,33,28,29
26,33,32,29,31
27,32,28,34,36
28,32,35,29
29,32,34,33,30
30,32,34,36,35,37
31,32,33,34,36,37
32,33,34,35,36
33,34,36
34,35
35
36
37
