n_nodes:227
n_edges:7387
density:0.28798
0,224,131,4,5,6,135,142,143,16,18,148,149,24,25,175,157,158,133,164,134,146,167,42,46,47,49,184,185,58,187,62,191,64,198,70,76,77,205,208,83,89,90,219,92,95,96,165,102,105,107,108,109,110,111,113,114,116,117,120,123,124,126
1,128,149,2,3,179,6,135,137,10,11,12,14,15,17,19,20,21,151,152,25,27,156,31,176,34,35,164,39,168,41,42,171,172,45,174,48,178,51,181,56,185,58,187,188,189,190,192,66,195,201,202,79,81,142,215,216,89,143,92,186,94,95,224,167,109,111,112,115,121,127
2,128,3,132,214,8,12,14,147,20,23,218,27,157,158,33,162,155,164,37,172,45,174,179,30,55,56,185,186,187,60,61,62,53,64,194,203,75,76,206,207,210,84,85,86,90,92,222,95,96,165,98,101,108,191,111,119,63,126
3,131,133,134,135,9,10,11,140,13,14,17,146,147,149,150,152,156,30,32,38,39,129,169,42,43,172,173,176,50,51,52,158,54,55,56,180,58,60,189,62,193,194,139,71,210,205,81,82,217,219,95,224,97,99,166,209,171,225,108,109,112,168,114,115,119,121,123
4,133,135,136,10,139,12,13,15,146,20,22,25,24,153,154,30,31,32,37,177,45,46,49,53,55,159,63,160,66,67,68,69,71,194,201,202,183,208,82,212,213,86,143,220,221,94,165,96,226,100,102,112,113,114,200,126
5,6,136,10,139,12,141,144,216,146,21,23,152,157,30,31,161,197,219,36,169,42,174,177,56,185,59,188,138,191,192,66,67,196,69,76,78,208,209,210,85,88,91,222,223,225,226,99,103,111,112,121,124,170,127
6,130,134,7,139,12,143,145,146,148,22,23,152,26,27,28,30,133,193,219,164,198,39,170,135,176,49,178,52,158,184,180,59,188,61,62,63,192,181,70,199,200,75,76,205,208,209,83,185,91,211,96,225,226,17,104,113,115,190,191,124
7,129,130,131,132,133,9,140,173,144,17,22,217,201,157,158,159,32,35,167,168,41,42,44,45,176,53,55,56,186,187,60,190,181,65,66,204,199,73,75,76,208,209,83,84,213,87,169,218,220,93,223,96,97,226,99,100,102,107,114,116,117,118,119,120,124,170,127
8,178,137,11,12,13,142,15,222,152,146,188,23,24,25,28,30,159,176,162,163,210,43,45,174,47,48,50,181,219,183,59,60,61,215,192,66,139,69,198,71,72,73,76,77,141,81,82,85,87,91,94,224,97,98,187,101,195,103,104,105,151,108,109,189,119,153,123,127
9,133,134,136,10,139,14,15,144,19,148,22,151,152,153,154,155,156,32,162,198,166,39,199,174,176,189,180,53,55,56,57,58,59,61,190,181,160,194,195,196,70,71,72,202,203,204,209,83,213,86,216,89,90,220,221,211,99,101,102,223,104,108,110,111,115,117,121,124,127
10,132,134,135,139,192,15,216,18,131,20,21,22,24,25,30,159,161,197,163,36,37,168,41,170,173,174,176,49,51,52,54,137,60,62,63,64,65,66,69,71,201,75,76,77,78,205,80,81,210,212,86,215,88,164,207,220,222,95,165,98,169,209,148,108,110,111,114,116,190,118,119,120,121,126
11,139,143,17,148,23,152,154,29,160,161,36,37,38,169,170,43,44,45,47,48,136,179,181,182,201,59,60,61,190,65,69,211,225,73,203,77,81,82,83,213,89,90,93,222,95,96,97,101,145,188,106,108,110,111,114,115,189,119,120,121,124,125,126
12,131,129,137,138,130,219,144,148,21,150,151,152,26,28,31,32,176,162,163,166,39,40,156,170,43,175,48,136,54,185,186,61,160,66,67,68,71,75,80,82,84,85,203,87,88,217,218,91,220,221,199,96,208,212,101,105,167,108,210,110,111,116,117,119,121
13,133,138,139,18,150,23,26,155,31,162,164,165,166,41,171,174,53,56,189,62,64,65,194,195,196,69,70,204,206,207,83,212,85,214,215,92,95,224,225,101,107,110,114,116,119,120
14,193,138,215,15,145,131,149,150,25,153,27,156,158,159,163,164,37,38,41,170,172,47,176,181,182,55,56,186,221,188,190,65,66,203,69,70,202,75,76,205,78,184,82,220,87,88,91,92,93,95,98,99,166,102,105,108,210,112,114,117,216,122,126
15,133,135,139,140,141,16,145,151,132,155,156,29,159,32,161,197,163,214,129,41,199,44,175,176,136,51,52,183,56,185,58,59,61,190,191,160,66,68,69,71,194,203,78,80,82,84,85,86,87,216,90,222,223,97,99,103,200,111,206,115,116,187,119,123,124
16,131,132,133,139,141,18,19,148,22,24,26,27,203,150,159,33,162,163,36,146,177,199,45,174,47,48,49,180,181,182,183,184,186,187,60,215,191,193,66,67,196,71,72,75,76,80,213,86,87,217,91,223,97,100,101,194,106,107,108,109,111,112,116,118,119,175,121,124,125,127
17,128,130,132,136,138,140,141,143,19,149,151,152,25,27,30,160,33,155,36,134,166,167,135,44,46,47,48,50,51,180,181,219,183,184,57,58,223,188,61,63,65,66,195,68,198,200,75,77,205,82,211,84,85,186,89,90,91,93,95,225,226,107,174,115,116,118,153,122,124
18,129,131,150,140,148,22,151,24,196,26,155,28,157,30,159,198,166,167,40,41,42,46,175,190,52,183,180,189,62,192,68,69,70,200,202,78,141,210,84,214,185,217,91,220,93,94,99,101,110,111,113,221,116,117,120,20,124
19,128,130,132,150,134,129,141,142,146,20,149,22,23,27,28,157,30,159,161,35,164,167,40,42,43,45,46,47,48,178,52,222,58,223,61,190,193,199,200,201,75,76,77,78,81,163,216,89,90,92,221,94,95,224,225,99,209,106,109,112,114,115,204,120,148,217,125
20,214,135,136,139,152,21,24,132,28,157,160,220,164,165,38,39,40,41,170,44,47,179,182,55,185,58,59,60,62,191,64,65,67,69,70,71,73,204,205,78,83,84,86,216,89,90,92,186,222,187,104,105,106,107,110,112,114,115,116,118,119,218,125
21,162,141,142,216,146,22,153,25,27,158,133,32,33,34,164,38,177,169,42,43,159,173,174,47,48,49,50,180,54,55,56,59,188,191,192,65,66,195,196,197,70,225,72,140,202,175,204,77,80,209,210,84,86,88,222,95,97,226,100,101,178,105,117,118,120,148,122,124,170,127
22,128,131,141,148,23,154,155,159,161,165,38,39,168,41,42,173,48,51,182,183,57,59,61,62,63,65,66,67,70,71,72,73,74,204,79,208,81,84,214,216,220,221,94,98,100,101,195,104,146,110,114,147,116,117,169,123,127
23,132,135,137,142,148,149,151,24,25,179,155,156,218,150,133,32,163,164,40,42,44,47,176,49,50,51,181,54,183,185,61,63,64,67,69,200,201,202,204,77,78,82,211,139,86,216,217,90,220,222,224,225,101,104,107,108,110,112,116,117,119,120,121,136,125
24,131,132,135,137,141,143,145,173,151,152,26,27,30,33,163,37,172,45,182,59,138,190,195,68,76,77,79,81,211,212,214,207,220,94,95,224,97,226,103,105,144,110,61,115,117,118,122,126,127
25,130,179,133,139,143,146,148,152,154,184,28,157,158,159,33,34,35,164,165,40,41,43,151,128,180,222,55,56,168,60,189,63,65,197,70,200,204,79,81,211,212,86,218,221,94,97,226,103,106,113,114,115,119,123,124,125,126,127
26,129,132,135,152,147,149,154,155,156,30,160,161,162,165,168,173,46,47,48,200,52,158,54,55,184,58,187,62,63,192,175,68,197,70,199,72,201,183,76,77,205,81,83,84,216,92,93,96,97,226,212,102,103,194,144,174,118,121
27,149,136,138,215,140,148,150,157,30,209,176,219,36,165,167,145,43,172,45,142,221,48,49,179,54,202,186,223,60,61,62,63,64,66,67,71,74,75,77,78,207,81,83,212,85,86,87,88,217,91,216,174,94,95,96,98,100,195,103,104,107,109,111,220,118,120,122,127
28,130,135,140,143,151,152,154,33,163,166,40,169,172,47,176,177,52,186,223,60,189,190,192,193,66,67,68,204,206,211,86,153,218,91,220,95,96,97,148,217,195,110,111,116,118,119,120,121,122,125
29,130,134,135,136,137,140,174,150,159,32,48,34,35,165,42,43,173,46,176,200,178,181,185,163,189,190,192,65,195,198,199,72,203,204,77,78,207,83,85,86,217,218,91,220,93,103,105,110,120,123,213
30,172,215,194,142,145,149,150,151,161,34,163,39,168,44,45,176,50,209,180,57,59,60,61,63,193,66,199,201,75,205,206,207,80,81,211,84,213,185,217,152,94,223,224,208,98,101,104,103,116,117,122,123,124
31,128,131,134,129,151,140,141,147,215,153,132,175,156,158,159,34,164,166,45,46,47,178,180,183,56,57,186,188,190,192,65,66,196,185,198,71,162,79,212,85,86,87,216,91,224,144,98,101,107,110,111,113,114,115,116,117,125,126
32,136,141,142,145,152,161,198,220,42,43,45,47,176,49,50,51,222,182,137,56,186,60,62,64,65,66,69,70,71,201,202,204,207,208,81,210,211,213,215,89,90,92,93,199,103,104,112,113,115,117,120,124,127
33,132,207,138,130,142,219,145,151,154,155,156,197,35,165,166,170,199,44,175,49,52,182,201,57,60,189,198,195,69,70,71,200,73,75,77,206,205,208,209,83,84,203,87,216,89,90,91,103,110,114,118,153,122,124
34,194,151,152,161,35,38,167,40,175,176,49,178,180,187,189,66,196,197,70,73,203,204,78,82,211,85,86,88,217,220,221,222,95,102,103,104,112,119
35,130,131,196,134,137,141,142,143,145,146,155,160,36,38,167,41,42,176,172,173,174,47,48,49,52,183,189,190,64,175,68,197,72,202,203,204,81,82,83,85,216,218,219,220,93,224,226,100,103,105,109,110,157,169,122,123,200,126
36,131,196,136,141,148,153,179,157,176,37,167,210,41,171,175,48,189,51,182,55,57,58,138,190,63,64,66,68,69,70,200,73,202,226,201,82,220,216,92,223,96,98,99,101,145,106,191,111,116,118,123,126,127
37,129,131,137,130,143,144,150,132,158,159,160,219,38,39,40,172,46,47,49,50,180,181,54,186,187,63,64,194,196,70,199,72,73,204,77,78,79,208,209,83,142,214,89,218,91,92,222,223,97,99,100,166,109,177,168,117
38,128,129,179,135,137,140,141,146,131,154,155,156,218,158,214,41,42,171,172,45,175,48,51,52,53,55,186,189,62,63,65,195,68,74,162,208,210,84,213,86,88,90,98,100,101,102,104,105,109,114,147,118,148,122,124,170
39,128,130,132,135,139,141,158,146,131,151,154,157,159,162,219,166,40,169,42,171,172,176,49,178,51,53,54,55,57,58,61,190,63,192,224,67,68,182,70,71,72,210,74,204,80,209,82,212,86,87,89,218,91,95,96,97,98,215,165,104,225,208,191,111,112,113,114,119,122,123,124,170,195
40,128,132,136,226,151,140,143,144,155,159,160,180,41,45,46,221,51,52,182,55,57,58,60,194,67,69,199,202,219,77,78,205,83,212,185,89,207,186,94,96,98,102,104,188,106,108,109,110,111,147,117,118,121
41,131,134,137,139,144,145,149,153,156,157,158,159,160,42,43,221,176,91,179,180,54,183,58,59,60,138,190,193,194,182,71,72,202,204,77,207,141,208,209,82,84,142,164,218,79,93,94,225,98,100,61,112,113,118,219
42,130,128,213,140,142,155,158,159,162,220,168,170,43,173,46,47,48,49,178,179,52,53,55,184,186,59,60,189,191,192,65,67,68,197,198,225,200,75,135,78,79,212,85,86,89,92,95,96,97,187,131,166,188,110,157,206,147,116,117,118,119,120,122,183,126,149
43,192,130,132,214,137,205,148,152,201,156,159,162,155,164,165,167,197,173,46,157,178,179,180,53,183,56,140,60,181,64,160,68,69,72,73,76,77,79,82,211,86,90,91,220,225,99,102,104,105,196,107,108,111,114,147,116,169,120,218,125
44,128,132,146,147,196,218,153,157,169,170,173,47,49,51,181,182,183,185,59,188,189,190,191,194,68,54,71,72,73,206,207,209,83,84,88,89,90,222,225,151,106,211,62,125,127
45,137,152,149,150,153,157,161,155,163,220,171,46,176,51,53,184,59,191,65,139,198,73,202,204,206,207,80,81,82,83,84,86,216,218,92,93,222,95,96,98,99,102,209,105,107,210,110,168,115,117,120,121,124,125,126
46,128,171,129,137,138,139,173,144,149,164,221,48,50,52,56,57,58,60,189,66,195,147,197,71,202,204,82,87,216,90,91,93,95,165,99,100,104,105,106,225,112,168,114,115,117,119,121,126
47,128,131,219,153,155,157,158,197,166,167,168,169,173,174,48,136,51,53,54,202,58,188,189,62,193,66,69,70,199,72,201,74,76,182,206,79,208,81,82,83,212,142,214,91,92,93,165,97,99,209,106,225,108,200,220,114,117,119,124,170
48,130,131,226,150,129,137,175,151,216,197,160,161,177,168,145,199,172,136,179,52,53,219,201,56,57,186,61,191,64,193,66,67,196,69,71,72,140,75,76,77,208,222,210,139,88,164,91,92,94,225,98,166,195,103,107,108,117,169,217,200,125
49,129,172,139,148,153,157,197,166,168,223,177,178,51,182,55,184,185,183,63,192,193,69,70,199,200,202,75,76,77,79,163,84,87,89,90,92,94,198,224,99,106,108,109,112,113,114,117,119,120,121,217,170
50,128,209,143,146,225,201,155,161,219,166,167,171,174,176,136,51,52,222,182,55,57,58,187,188,63,64,224,194,198,71,73,76,77,79,208,81,83,87,207,92,199,95,96,97,98,99,100,165,103,104,107,108,109,111,112,115,185,121,122,125
51,193,139,141,148,152,158,161,170,52,181,182,55,185,58,187,188,189,65,194,67,70,199,72,73,78,207,81,84,214,88,89,219,216,173,222,223,98,145,108,109,177,111,221,116,120,122,123,200,126,127
52,136,148,149,150,217,152,155,197,164,166,167,175,177,181,56,58,187,62,195,69,225,200,73,202,206,81,82,211,85,214,215,89,186,97,226,100,174,112,168,114,115,117,123,124,126
53,128,142,144,145,188,148,151,157,158,167,173,174,175,176,177,222,183,60,61,194,70,200,203,78,79,80,81,210,212,215,218,220,93,94,96,102,105,116,117,119,122,127
54,129,132,135,150,152,153,159,160,161,163,168,171,200,183,57,223,189,63,192,65,67,197,199,72,204,79,80,210,84,214,215,88,91,220,95,224,97,165,104,106,107,208,109,113,114,115,118,212,124
55,128,134,138,167,131,150,155,157,159,162,163,165,135,172,178,184,57,168,62,192,69,199,78,79,80,82,84,86,88,92,95,187,105,107,109,113,114,190,118,125,149
56,132,134,136,140,146,131,150,153,218,161,164,168,129,169,221,177,178,181,182,184,57,59,61,62,64,224,197,71,73,74,76,226,206,141,208,81,210,211,213,214,185,88,90,91,93,94,96,97,98,187,100,106,109,110,113,119,122,124,126,149
57,128,129,130,136,141,147,149,217,153,201,155,156,157,160,219,174,179,185,186,187,189,62,63,65,164,69,198,199,73,74,206,207,80,83,216,89,91,93,222,182,208,98,100,195,107,108,111,211,118,120,127
58,134,139,140,144,145,167,103,154,158,159,162,155,165,173,206,181,219,185,168,188,62,66,195,68,204,202,76,78,207,209,211,85,215,88,143,216,222,223,225,99,102,107,108,109,110,113,147,122,124,126,213
59,129,130,138,142,151,152,153,156,218,161,164,165,166,168,189,158,182,215,186,187,61,190,70,201,74,203,205,206,79,81,82,85,86,87,90,173,222,224,98,102,145,105,106,111,112,150,119,124,126
60,128,129,133,142,216,131,157,155,165,172,175,179,184,188,62,63,224,195,196,69,202,203,135,79,209,211,212,88,90,207,92,94,223,96,225,100,102,106,107,109,168,114,190,169,121,124,170,126
61,130,145,156,160,134,171,175,179,188,62,192,66,67,74,75,184,190,208,81,214,215,88,143,222,165,105,103,108,110,111,113,117,169,121,126,127
62,132,133,172,215,143,216,131,149,150,163,134,170,171,180,187,190,224,196,130,71,72,201,202,75,205,206,82,85,86,185,88,92,221,94,95,96,188,102,103,105,106,107,113,115,118,120,148,123,183,126
63,129,150,132,140,141,219,147,148,156,157,197,214,155,220,171,173,176,179,158,183,138,134,65,67,69,72,202,75,226,206,190,80,84,86,87,164,218,91,92,93,224,98,99,100,102,145,188,167,112,117,118,119,120,122,195
64,128,214,136,139,143,145,195,149,196,154,159,161,173,174,175,181,182,187,151,138,191,67,68,69,225,72,77,141,80,211,84,85,86,87,216,89,93,208,226,101,105,107,111,113,118,120,212,123,126
65,131,132,150,137,173,144,147,161,163,165,167,135,178,183,187,188,192,67,68,197,70,219,205,141,83,170,214,215,217,90,207,220,221,94,96,196,148,212,102,104,171,108,111,113,115,117,119,120,121,122,124,125
66,131,134,139,141,151,132,163,168,156,174,173,136,180,201,185,187,138,192,175,196,70,200,73,202,204,77,79,81,186,216,169,207,220,93,95,225,104,140,119,121,125,126
67,131,134,137,139,142,196,162,163,164,169,177,181,190,68,71,73,77,80,85,214,218,91,220,93,225,98,99,100,107,110,116,117,118,127
68,129,130,131,214,144,147,148,149,153,155,158,165,156,175,177,178,180,182,183,184,187,189,190,196,73,74,204,224,81,211,84,85,86,217,218,92,222,223,96,102,209,105,106,146,116,117,122,192,124,125,126,127
69,128,129,131,162,163,165,167,169,170,142,178,179,222,193,195,196,197,161,72,210,74,77,208,82,84,85,199,88,89,221,94,106,146,111,113,118,136,124,125
70,129,131,132,135,136,147,155,157,158,168,193,178,189,196,197,71,167,73,160,204,205,206,207,208,215,218,91,226,101,102,103,104,107,121,122,124,125,126,149
71,132,135,215,142,146,149,162,219,165,176,178,177,179,222,159,191,192,193,194,200,140,207,79,80,211,212,85,214,87,216,89,143,94,198,226,99,102,113,116,117,118,119,120,121,125
72,130,133,135,139,175,143,145,146,151,218,155,156,158,160,161,168,177,180,186,188,193,199,203,204,77,207,82,163,84,85,86,87,88,90,167,220,221,100,102,104,106,107,210,110,154,157,113,114,211,116,190,119,219,126
73,132,133,134,137,145,158,159,167,170,172,136,180,181,187,188,190,198,197,76,206,79,211,212,90,93,165,224,100,101,107,108,112,221
74,131,133,134,137,140,175,143,149,151,155,156,159,168,169,171,177,183,192,193,194,225,201,79,80,81,82,83,212,85,215,91,92,93,222,208,100,104,108,110,189,112,115,116,117,121,122,213
75,136,139,130,145,149,222,157,159,160,162,164,134,177,169,135,181,138,195,147,197,161,200,202,76,78,189,80,81,83,85,86,215,91,92,94,97,100,105,110,113,115,118
76,128,131,226,140,141,149,152,160,176,163,164,165,167,170,173,181,219,201,187,188,190,192,194,203,216,207,79,82,213,214,88,218,91,92,186,94,95,97,98,99,145,144,210,119,127
77,129,130,171,141,150,153,162,139,167,175,181,183,223,151,193,196,177,205,79,152,82,84,89,90,93,94,98,103,105,109,210,168,147,118,169,120,218,124,149
78,129,134,136,137,144,145,154,163,166,167,174,175,187,190,194,211,200,221,202,162,206,205,80,209,83,84,214,87,88,217,91,93,96,97,98,103,104,208,108,112,114,147,118,120,122
79,131,129,136,138,141,143,152,146,171,156,157,219,167,172,179,184,186,190,192,193,195,194,207,205,208,211,212,85,169,91,220,93,95,99,102,103,107,112,113,204,119,122,123,200,125,126
80,213,214,137,139,141,145,146,195,151,153,155,156,157,162,219,165,168,169,170,175,176,179,186,190,200,173,82,211,206,86,217,91,92,95,225,106,167,111,114,124,127
81,155,129,140,142,179,146,149,151,156,154,214,165,166,169,170,182,183,180,193,195,200,201,207,184,163,86,87,216,93,222,223,224,97,226,99,100,104,203,110,111,114,115,119,121,122,127
82,129,134,141,146,149,152,156,218,166,168,170,176,200,179,186,192,193,194,199,140,173,142,86,215,216,169,90,143,226,145,171,167,109,111,112,113,117,119,120,121,124
83,128,130,178,143,144,195,154,152,153,159,169,170,135,176,157,155,137,186,223,188,202,191,194,139,196,197,198,161,200,173,210,85,214,185,216,89,90,219,93,94,165,100,103,105,112,118,120,218,122,183,126
84,128,129,179,133,149,139,144,154,159,160,197,163,177,181,194,161,140,208,201,86,87,88,219,216,93,94,224,99,100,209,104,106,107,191,110,222,112,113,115,118,119,148,122,123,200,127
85,128,129,132,138,139,152,153,185,160,163,168,171,174,175,176,177,178,179,182,180,191,224,219,205,207,213,214,87,216,143,94,165,96,103,106,110,112,122,124
86,135,151,142,158,160,163,156,174,176,179,181,182,184,185,193,225,201,219,213,87,89,91,223,224,144,99,100,166,104,105,107,113,116,212,170,153,148,123,124,125
87,131,138,140,146,148,149,156,168,170,176,222,182,189,190,193,195,197,202,210,216,143,93,94,223,224,225,187,167,200,112,116,118,119,120,122,191,124,126,213
88,129,132,207,136,137,146,148,150,152,153,179,159,214,164,167,223,176,177,181,187,191,195,183,190,209,210,206,203,215,216,217,91,220,222,182,99,188,106,116,117,118,200,149
89,130,136,138,140,142,149,152,155,219,164,171,175,176,178,177,207,208,212,213,215,218,91,221,97,98,99,102,103,106,107,109,111,114,116,124,127
90,129,138,174,225,156,158,160,163,165,177,173,172,180,181,201,194,197,198,202,204,212,218,219,221,94,96,97,102,105,107,111,211,117,119,123,125,126,188
91,130,171,137,138,141,147,150,152,153,154,158,191,155,164,210,170,136,179,180,201,189,197,161,140,205,156,212,206,215,167,216,223,224,100,101,103,106,107,203,146,157,114,115,123,125,202
92,171,132,133,129,139,140,144,145,178,196,157,158,166,167,135,174,181,195,197,199,209,210,212,142,216,217,218,165,101,102,103,108,109,110,111,114,117,148,124,183,126,127
93,130,132,133,136,137,138,143,144,151,153,184,158,159,139,166,193,180,190,160,198,200,214,217,207,95,96,100,101,209,109,110,111,112,113,114,211,116,118,224,122,125,126,127
94,171,214,129,139,141,143,145,148,160,164,166,135,172,136,180,201,185,191,152,198,177,207,210,203,95,97,98,100,104,188,106,167,111,204,120,225,122,213
95,178,149,137,140,143,146,148,151,153,169,180,181,185,186,190,193,204,225,201,183,206,211,215,217,218,219,96,208,98,99,100,145,105,106,108,109,111,116,117,170,126,127
96,128,133,136,137,173,145,146,147,151,157,158,163,134,156,135,172,206,180,191,203,190,209,193,214,164,207,97,98,100,106,110,111,113,117,122
97,130,133,137,138,141,145,146,195,150,175,154,159,161,163,156,136,222,201,188,189,191,194,139,177,202,152,211,212,214,219,221,165,98,99,209,167,109,112,157,122,124,127
98,131,133,140,143,195,151,155,177,180,138,224,197,204,184,212,213,219,221,99,178,104,108,113,116,119,191
99,130,141,149,150,151,225,155,159,160,161,163,166,167,168,170,192,193,198,202,164,143,186,217,101,195,209,106,107,111,112,221,122,123,126
100,128,155,141,195,151,157,214,164,168,170,173,221,176,200,219,201,187,193,196,204,205,208,213,225,226,102,103,104,188,107,109,112,180,119,212,122,191,124,126,149
101,131,148,150,160,161,162,198,167,168,169,176,182,223,151,190,194,203,196,140,183,206,141,208,215,130,188,110,111,112,115,116,120,125
102,128,131,136,205,154,161,162,163,198,172,200,137,184,189,195,129,204,208,210,214,216,219,166,104,111,115,191,127
103,128,131,132,135,141,145,166,168,170,173,177,155,219,185,209,210,214,186,222,189,113,190,118,120,122,124,127
104,129,171,132,150,135,139,141,145,174,156,157,175,176,179,180,222,184,188,189,191,195,196,201,208,216,220,221,194,106,107,109,110,168,121,124,125,127
105,128,131,133,134,137,138,143,145,146,159,163,168,170,157,136,179,182,188,195,198,204,205,216,217,207,165,226,113,116,148,123,183
106,129,196,136,137,138,216,154,159,161,165,220,170,173,178,222,185,191,193,195,198,225,201,203,204,206,184,182,208,226,200,168,147,117,118,124,126,213
107,130,171,142,173,150,201,157,160,219,164,166,168,189,182,205,209,213,216,224,144,145,113,114,115,116,119,120,124
108,141,146,148,149,154,164,172,176,136,184,191,195,196,197,200,203,205,209,210,215,217,224,225,109,111,117,124,126,127
109,132,179,134,129,145,146,158,167,169,172,223,187,189,190,191,192,193,194,195,196,183,205,163,213,186,218,224,188,144,210,110,111,112,113,211,119,122,127
110,130,135,136,173,144,195,213,175,156,164,220,157,176,177,180,183,159,224,197,140,204,184,207,210,214,217,117,127
111,171,128,129,141,147,222,152,157,197,193,172,223,177,181,138,183,184,191,140,202,185,208,167,210,112,122,123,126
112,129,136,139,143,146,174,150,157,133,161,164,170,159,173,175,185,151,190,194,197,199,203,204,162,217,224,177,115,119,126,127
113,138,140,142,144,147,149,157,162,164,134,146,170,221,179,191,198,177,226,206,208,184,215,207,225,116,119,121,122,200
114,135,137,144,145,146,171,152,175,156,157,158,160,220,170,180,190,194,161,177,202,213,215,224,208,167,115,118,120,200,125,127
115,214,193,143,144,149,150,155,161,134,169,185,188,192,139,197,198,199,206,207,203,215,216,152,221,222,225,178,120,122,125
116,131,133,134,139,179,161,219,156,223,175,180,185,186,159,138,193,197,203,204,205,141,210,220,207,216,146,189,221,169,120,148,122,123,125
117,128,130,139,141,143,153,154,175,161,164,176,172,182,180,159,151,129,203,193,212,213,214,215,217,188,210,168,119,120,124
118,171,132,135,136,226,215,140,141,150,151,165,174,221,176,177,145,184,188,181,194,201,207,206,214,169,218,219,220,222,224,225,148,190,119,121,191,170
119,133,226,142,145,147,174,150,152,155,157,158,156,135,172,176,182,183,138,198,203,205,193,143,220,223,144,194,169,153,136,123,125,126
120,129,131,179,134,140,143,145,148,150,153,158,193,166,167,172,175,176,190,199,181,189,147,203,204,141,213,214,171,146,121,122,126
121,134,136,173,145,188,149,156,160,161,166,167,199,172,176,181,151,190,191,200,140,208,223,144,177,122,124,125
122,137,222,148,151,154,160,162,169,172,223,206,186,185,187,189,190,197,158,200,203,208,210,152,207,181,225,212,191,124,170,126
123,130,132,134,135,141,146,151,152,162,165,157,176,177,178,187,200,203,206,210,215,217,218,223,224,226,212,125
124,128,130,223,136,209,140,147,175,156,133,197,165,169,135,174,177,179,185,191,192,161,202,184,173,211,212,219,186,182,224,210,127
125,129,133,137,139,140,142,152,154,218,160,176,164,165,214,167,156,175,180,181,192,201,202,205,208,215,220,199,195
126,128,130,144,145,146,147,149,150,154,157,185,163,166,220,221,200,180,193,152,199,203,212,213,216,190,218,170
127,131,132,141,158,167,168,220,170,175,177,180,137,190,192,160,197,225,202,205,210,214,215
128,172,138,141,145,146,149,151,154,156,167,158,160,161,197,169,178,187,189,224,194,196,198,214,217,218,219,213
129,130,132,134,172,139,142,152,160,207,177,135,159,175,183,190,194,203,208,211,214,143,165,225,188
130,171,132,141,144,149,151,152,160,169,172,173,174,177,184,186,188,197,201,215,216,218,220,165,224,226,217,170
131,133,137,143,188,171,157,193,197,135,173,174,177,182,159,140,183,209,163,218,220,221,187,146,211,190,169,195
132,171,136,137,139,153,162,163,145,174,221,183,185,194,205,206,141,208,211,214,218,143,199,144,161,169
133,136,140,146,148,156,158,159,161,162,164,168,169,175,180,183,185,193,198,141,211,219,222,147,149
134,142,144,146,201,158,168,172,176,180,159,224,199,163,213,217,218,219,187,195,210,189
135,139,143,155,159,220,171,178,180,138,190,191,204,224,206,207,209,212,217,226,211,183
136,192,138,175,195,150,158,176,162,155,220,172,157,182,215,151,189,190,193,164,225,200,208,209,185,216,180,221,153
137,139,143,147,174,150,153,161,164,170,172,178,179,180,182,184,176,186,140,188,202,191,197,199,219,205,207,212,215,211,169,165
138,192,139,140,144,152,154,155,158,159,160,166,172,173,142,175,178,181,214,193,164,196,199,202,174,163,216,224,145,210,211,191,213
139,146,174,150,152,154,158,160,176,162,214,172,178,181,188,197,211,225,177,206,207,179,203,215,224,222,148
140,184,142,150,151,161,220,167,156,172,173,226,177,178,209,159,202,190,198,168,216,208,176,218,186,145,143
141,193,142,151,202,154,155,174,180,181,183,186,159,188,189,197,198,225,201,187,160,184,213,152,223,224,226,146,169,166
142,144,146,152,158,160,166,175,190,204,206,207,208,218,221,226,149
143,144,147,149,155,158,169,170,172,173,222,184,185,188,201,205,206,208,207,145,178,210,192,213
144,148,174,151,152,156,158,160,220,164,167,193,175,184,168,181,211,199,200,204,203,221,215,216,219,225
145,192,225,146,147,149,150,151,154,162,165,171,173,178,180,183,181,195,158,202,205,209,163,220,199,186,189,211
146,153,208,150,160,162,169,178,177,158,183,185,187,215,191,192,195,202,211,217,222,226,225
147,193,224,154,150,161,219,164,166,175,176,181,187,188,168,202,207,209,211,213,215,217,226
148,193,152,177,170,173,180,187,188,198,207,164,226
149,196,209,151,192,215,173,153,156,160,167,179,187,189,191,205,216,190,169,213
150,219,152,156,155,167,171,172,177,178,185,151,196,182,198,200,202,206,190,208,217,222,187
151,163,171,226,182,184,185,190,181,224,197,203,217,208,167,191,168,200
152,171,157,219,167,169,172,175,181,183,186,189,160,196,211,199,200,202,207,179,212,215,220,224,226
153,154,175,156,157,160,162,165,166,167,223,172,181,188,189,190,198,199,217,220,187,221,183
154,159,172,174,175,187,193,197,198,202,203,210,217,220,222,223,224,226,212
155,171,196,158,163,223,177,182,184,187,202,193,197,204,205,207,212,214,211,222,165,208,188,173
156,194,185,160,162,219,168,173,174,180,183,193,198,199,205,206,216,220,226,171
157,174,180,189,194,177,207,210,220,214,216,169,223,208,211
158,175,214,159,176,178,180,213,198,194,195,199,204,207,211,186,169,225,190,170
159,163,173,176,177,179,202,195,208,210,186,219,222,165,224,167,170
160,214,195,161,162,203,183,213,190,194,202,206,163,185,217,219,165,224,226,212,215
161,179,166,169,171,185,195,211,199,202,205,207,213,203,215,197,220,212,225
162,197,168,171,172,178,198,177,209,211,221,208,225
163,214,173,197,171,176,185,192,199,203,208,211,216,219,182,200
164,216,176,165,173,177,182,188,202,206,209,211,203,223,225,189,191
165,174,218,166,178,177,179,192,200,202,203,207,214,219,187,208
166,223,214,222,175,167,173,174,209,181,188,189,194,195,198,177,202,203,215,218,225
167,171,215,175,170,173,174,207,182,184,199,183,212,214,226,225,204
168,223,194,169,172,179,181,185,189,191,192,193,195,182,201,183,206,211,222,198,188,226,210,202
169,175,170,174,200,181,183,186,190,191,193,211,194,215,205,220,224
170,172,201,179,175,193,197,171,174,176,178,181,183,184,189,207,217,220,221,224,215
171,224,173,189,180,181,183,186,192,195,196,197,198,199,203,207,193,212,216,226,210,213
172,176,178,184,203,205,208,221,188
173,192,179,194,178,196,198,225,203,206,207,213,215,220,218,187
174,214,206,186,193,196,199,177,183,205,210,212,216,217,189
175,196,178,202,185,198,199,205,209,210,188,225
176,193,210,185,190,181,196,206,207,218,224,208,191,211
177,226,217,218,196,179,199,182,183,187,190,191,193,201,206,205,222,210,211,221,212,200
178,216,222,217,196,179,181,223,192,194,195,197,221,199
179,207,197,219,183,184,186,190,210,203,206,220,199,223,209,212,191
180,213,209,218,219,223,188,192,193,203,224,207,190,210,211,214,215,216,220,194
181,203,185,191,202,205,208,207,218,224,188
182,185,201,215,194,195,203,206,207,208,211,222
183,216,186,194,195,199,200,219,207,220,214,218,205,221
184,188,190,195,199,204,226,208,210,223,224,209
185,223,191,198,205,206,215,221,190
186,188,198,225,203,206,214,221,208,226,194,187
187,223,188,189,194,202,203,208,209,211,217,224,190
188,218,198,220,200,199,203,208,209,210,214,217,216,211,221,191
189,207,193,200,201,205,206,212
190,216,192,202,209,210,212,217,218,195,206,200
191,219,226,193,196,201,202,204,224,206,209,214,218,217,211
192,194,222,197,200,201,205,208,209,199,226
193,205,197,208,219,222,225
194,218,201,203,205,208,214,223,210,212
195,209,215,197,212,208,221
196,202,205,212,214,215,197,218,222,225
197,201,215,204,206,208,214,223,225,226
198,211,200,205,219,220,225
199,203,207,214,215,216,222,210
200,215,220,221,203,202,213,217,216,225,226,210
201,214,219,223,202,204,203,207,208,221,224,212
202,218,219,207,206,214,223,224,217
203,222,215,224,208,210,225
204,208,210,212,216,221,225
205,222,223,224
206,215,219,209,211,218,208
207,222,224,211,214,218,219,223
208,216,220,225,219,217,213
209,216,219,223,221
210,219,220,221
211,223,212,216,220,224
212,219,218
213,214,217,222,216
214,224,220,226,225
215,219,220,221,222
216,220,222,224,217
217,225,224,223
218
219
220,226
221,223
222,225
223,226
224
225,226
226
