n_nodes:158
n_edges:10398
density:0.83835
0,1,2,3,4,5,6,7,8,9,10,11,12,13,14,15,16,17,18,19,20,21,22,23,25,26,28,30,31,32,34,35,36,37,38,39,40,41,42,43,44,45,46,47,49,50,51,52,53,54,55,56,57,59,60,61,62,63,64,65,66,68,70,71,72,73,74,75,76,77,78,79,80,81,82,83,84,85,86,87,88,89,90,91,93,94,95,96,97,98,99,101,102,103,104,106,107,108,109,110,111,112,113,115,116,117,118,120,121,122,123,124,125,128,129,131,132,133,134,136,137,138,140,141,142,143,144,146,147,148,149,150,151,152,153,154,155,156,157
1,2,4,5,6,7,8,9,10,11,12,13,14,15,16,17,18,19,20,21,22,23,24,27,28,29,30,31,32,33,35,36,37,38,40,44,46,47,50,52,53,55,56,57,59,60,61,62,63,65,66,67,69,70,71,73,74,75,76,77,78,79,80,81,82,83,84,85,86,88,89,91,92,93,94,95,96,97,98,100,101,103,104,105,106,107,108,109,110,111,112,113,114,115,116,117,118,119,120,121,122,123,124,125,126,127,128,129,130,131,132,133,134,135,136,137,138,140,141,142,143,144,145,146,147,148,149,151,152,153,154,155,156,157
2,3,5,6,7,8,11,12,13,14,16,17,18,19,20,21,22,24,25,26,28,29,30,31,32,34,36,37,38,39,40,41,42,43,44,45,46,47,49,50,51,52,53,54,55,56,57,58,59,60,61,62,63,64,65,66,67,68,69,70,71,73,74,75,77,80,81,82,83,84,85,87,88,90,91,92,93,94,95,97,98,100,101,102,103,104,105,106,107,108,109,110,111,112,113,114,115,116,117,118,119,121,122,123,124,126,127,128,129,130,133,134,135,137,138,139,140,141,142,143,145,146,147,148,149,150,152,153,154,155,156,157
3,4,5,6,7,8,11,12,13,14,15,18,19,22,24,25,26,27,28,29,31,32,33,34,35,36,37,38,39,40,41,42,43,44,45,46,47,48,49,50,51,52,53,54,55,56,57,59,60,62,64,65,66,67,68,69,71,72,73,74,75,76,77,78,80,81,83,84,86,88,89,90,92,93,94,95,96,98,99,102,103,104,105,106,107,108,109,110,111,112,113,114,115,116,118,119,120,121,122,123,125,126,127,128,129,130,131,132,134,136,137,138,139,140,141,142,143,144,145,146,147,148,149,151,153,155,156,157
4,5,6,7,8,9,10,11,12,13,15,16,17,18,19,20,21,22,23,24,25,26,27,28,29,30,32,33,34,35,36,37,38,39,40,42,43,44,45,46,47,48,49,50,52,53,54,55,56,58,59,60,61,62,64,65,67,69,70,71,72,73,74,75,76,77,79,80,81,82,83,84,85,86,87,88,91,93,94,95,97,99,100,101,103,105,106,107,108,109,110,111,112,115,116,117,118,119,120,121,122,123,124,125,126,127,128,129,130,131,133,135,137,138,139,140,141,142,143,144,145,146,147,148,150,151,153,154,155,156
5,6,7,8,9,10,11,12,14,15,16,17,18,19,20,21,23,24,26,27,28,31,32,33,35,36,37,38,39,40,41,42,44,46,47,48,49,50,51,52,53,55,56,57,58,59,60,61,62,64,66,67,68,69,70,72,73,74,75,77,78,79,81,82,83,84,85,87,88,89,90,91,92,93,94,95,96,97,98,100,101,102,103,104,105,106,108,109,110,111,112,113,114,115,116,118,119,122,123,124,125,126,128,129,130,131,132,133,134,135,136,138,139,140,141,143,144,145,147,148,149,150,151,152,153,154,155,156,157
6,7,9,10,11,13,14,15,16,17,18,19,20,21,22,24,25,26,27,29,30,31,32,33,34,35,36,38,39,41,42,43,45,46,47,48,49,50,51,53,54,56,57,58,59,61,62,63,64,65,66,67,68,69,70,71,72,73,74,75,76,77,79,80,81,82,83,84,85,86,88,89,90,91,92,93,94,95,96,97,98,99,101,103,104,106,107,108,109,110,111,112,113,114,115,116,117,118,119,120,121,123,124,125,126,127,128,129,130,131,132,133,134,135,136,137,138,139,141,142,143,144,145,147,148,149,150,152,153,154,155,156,157
7,8,10,11,12,13,14,16,17,18,20,21,22,23,26,27,29,30,31,32,33,34,35,36,37,38,39,41,42,43,44,45,48,49,50,51,52,53,54,55,56,58,59,60,61,62,63,64,67,68,69,71,72,75,76,77,78,80,82,83,84,85,86,91,92,93,94,95,96,97,98,99,100,101,102,103,105,106,107,108,110,111,112,113,114,115,116,117,120,121,122,123,124,125,126,128,129,132,133,134,135,137,138,139,140,142,143,144,145,147,148,149,150,151,152,153,154,155,156
8,9,10,11,12,13,14,16,17,18,19,20,21,22,24,26,29,30,31,32,34,35,36,37,38,39,42,43,44,46,47,48,49,50,52,53,55,57,58,59,60,61,63,64,65,66,67,68,69,71,72,73,74,76,77,78,79,80,82,83,84,85,87,88,89,90,91,92,94,95,96,97,98,99,100,101,102,103,104,105,106,107,108,109,110,111,112,113,114,115,117,118,119,120,121,122,123,124,125,127,129,130,133,134,135,136,137,138,139,140,141,142,143,144,146,147,149,150,151,152,153,154,155,156,157
9,10,12,13,14,15,16,17,18,21,23,24,26,27,28,29,30,31,32,33,34,35,36,37,38,39,40,41,42,43,44,45,46,47,48,50,51,53,55,56,57,58,59,60,61,62,63,64,67,68,69,71,72,73,74,75,76,77,79,80,81,82,84,85,86,87,88,89,90,92,93,94,95,98,99,100,101,102,103,104,105,106,107,109,110,111,112,113,114,115,116,117,120,121,122,123,124,125,126,127,128,129,131,132,134,136,138,140,141,143,145,146,147,148,149,150,151,152,153,154,156,157
10,11,12,13,14,15,16,17,18,19,20,22,23,24,25,26,27,28,29,30,31,33,34,36,37,38,39,40,41,42,43,44,45,46,47,48,49,50,51,52,53,54,55,56,57,58,59,60,61,62,63,64,65,67,68,69,70,71,73,74,75,76,77,78,79,80,82,84,85,86,87,88,89,90,91,92,93,94,95,96,97,98,100,101,102,103,105,106,109,110,113,114,116,117,118,119,120,121,122,123,124,125,126,127,128,129,130,131,132,133,134,135,136,137,138,139,140,142,143,144,148,149,150,151,153,154,155,156,157
11,12,14,15,16,17,18,19,20,21,23,24,25,26,27,29,30,31,32,34,39,40,41,42,43,44,45,46,47,49,50,51,52,53,55,56,57,58,59,60,61,62,63,64,65,66,67,68,69,70,71,72,73,74,75,76,77,79,80,83,84,85,86,88,89,90,91,93,94,95,97,98,99,101,102,103,104,106,108,111,113,114,115,116,117,118,119,120,121,123,125,126,127,128,129,130,131,132,133,134,135,136,137,138,139,140,141,143,145,146,147,148,149,150,151,152,153,154,155,156,157
12,13,15,16,17,18,19,20,21,23,24,25,26,27,28,33,34,35,36,37,38,39,40,42,44,46,47,48,49,50,51,52,53,55,57,58,60,61,62,63,65,66,67,68,69,70,71,72,73,74,76,77,80,81,82,83,84,85,86,89,90,91,92,94,95,96,97,98,99,100,101,102,103,105,106,107,109,110,111,112,113,114,115,116,117,118,119,120,121,122,123,124,125,126,127,128,130,131,132,133,134,135,136,137,138,139,140,141,142,144,145,146,148,149,151,153,154,155,157
13,15,16,17,18,19,20,21,22,23,24,25,28,29,30,32,35,37,38,39,40,41,42,43,47,48,50,52,53,54,55,58,59,60,61,63,64,65,66,67,68,69,70,71,72,75,76,78,79,81,82,83,84,86,87,88,90,91,92,93,94,96,97,98,100,102,104,105,106,107,109,110,111,112,113,114,116,121,122,123,124,125,127,128,129,130,131,132,134,135,136,137,138,139,140,141,142,143,144,146,147,148,149,151,152,153,154,155,156,157
14,15,16,17,18,20,21,23,24,25,27,28,29,30,32,34,35,37,38,39,40,43,44,45,46,47,48,49,50,51,53,54,55,56,57,58,59,60,61,62,63,64,65,67,68,73,74,75,76,77,79,80,81,82,83,84,85,87,88,89,90,93,94,96,97,101,103,104,105,106,107,109,110,111,112,113,114,115,116,117,118,119,120,121,122,123,125,126,127,128,129,130,132,133,135,137,138,139,140,143,144,145,146,147,148,149,150,151,152,153,154,155,156,157
15,16,17,18,19,20,21,22,23,24,25,26,27,28,29,30,31,32,33,34,36,37,38,39,40,41,42,43,44,45,46,47,48,49,50,51,52,53,54,56,57,58,59,60,61,62,63,65,66,67,68,70,71,72,73,74,75,76,77,78,80,81,82,83,85,86,89,90,93,95,97,98,100,101,102,103,104,105,106,107,108,110,111,112,113,115,116,118,119,120,122,123,124,125,126,127,128,129,130,131,132,133,134,135,136,137,138,139,140,141,142,143,144,145,146,149,150,151,152,153,155,156,157
16,17,18,19,20,21,22,23,24,25,26,27,28,29,30,31,32,33,34,36,37,38,39,40,41,42,43,45,46,49,50,51,52,53,54,55,57,58,59,60,61,62,63,64,65,66,67,68,69,70,71,72,73,74,75,77,78,79,80,81,82,83,86,87,89,91,92,93,94,95,96,97,98,99,100,101,102,104,105,106,108,109,110,111,112,113,115,116,117,118,119,120,121,122,123,127,128,129,130,131,132,133,134,135,136,137,138,139,141,142,143,146,147,148,149,150,153,155,156
17,18,21,22,23,24,26,28,29,30,31,32,33,34,35,36,37,38,39,40,41,43,44,45,46,47,49,50,51,53,54,55,56,57,58,59,60,61,62,63,64,65,66,67,68,69,71,72,74,75,76,78,79,80,81,82,83,84,85,86,87,88,89,90,91,92,93,94,95,96,97,100,101,102,103,104,105,109,110,111,112,113,115,117,119,120,121,122,123,124,125,126,127,129,130,131,132,133,134,135,136,137,138,139,140,141,142,143,145,147,148,149,151,152,153,154,155,157
18,19,20,21,22,24,25,26,27,28,29,30,31,32,33,34,35,36,37,38,39,40,41,42,43,44,45,46,47,48,49,50,51,53,54,55,57,58,59,60,61,62,63,65,66,68,69,70,71,72,73,75,76,77,78,80,81,82,83,85,86,87,88,89,90,92,93,96,97,98,99,100,101,102,104,105,106,107,108,109,110,111,112,113,114,115,116,117,118,119,120,121,122,123,124,126,127,129,130,132,133,134,135,136,137,139,140,141,142,143,144,145,146,148,150,156,157
19,21,22,23,24,25,26,27,29,30,31,32,33,35,36,37,38,39,40,41,42,43,44,46,47,48,49,50,51,52,53,54,55,56,57,58,59,60,61,62,64,65,66,67,68,69,70,71,72,73,74,75,76,77,78,79,80,82,83,84,86,87,88,89,90,91,92,93,96,98,99,100,102,103,104,105,106,107,108,109,110,111,112,113,114,115,116,117,118,119,120,121,122,123,125,126,127,128,129,130,132,133,135,136,137,138,139,140,141,142,143,145,146,147,148,149,151,152,153,155,156,157
20,23,24,25,26,27,28,29,30,31,32,33,34,36,37,38,39,41,42,43,44,45,46,48,49,51,52,53,54,55,56,58,59,60,61,62,64,65,66,67,68,70,72,74,75,76,77,78,79,80,81,82,83,84,85,86,87,88,89,90,92,93,94,97,98,99,101,102,103,104,105,106,107,109,110,112,113,114,116,117,118,120,121,122,123,124,125,126,128,130,131,132,133,134,135,136,137,138,139,141,142,143,144,145,146,147,148,149,150,151,152,153,154,155,156,157
21,22,23,24,25,26,28,29,30,31,32,33,34,35,37,38,39,40,41,42,44,45,46,48,49,51,52,55,56,57,58,59,60,62,63,64,65,66,67,68,69,70,71,72,73,74,75,76,77,79,80,81,82,83,84,85,86,87,88,89,90,91,92,93,94,95,96,97,98,100,101,102,103,104,105,106,107,108,109,110,111,112,113,114,115,116,117,118,119,121,122,123,125,126,128,129,130,131,132,133,134,135,137,138,139,140,141,142,144,145,146,147,150,151,152,153,154,155,156,157
22,23,24,25,27,28,29,30,31,32,33,34,35,36,37,38,39,40,41,42,44,45,46,47,48,49,50,52,53,54,57,58,59,60,61,63,64,65,67,68,69,70,71,72,73,74,75,77,78,79,80,81,82,83,84,85,88,89,90,92,93,94,95,96,98,101,102,103,104,105,106,107,108,109,110,111,113,114,117,118,119,120,121,124,125,126,127,129,131,132,133,134,135,137,138,139,140,142,145,147,149,150,151,152,153,155,157
23,24,25,27,28,29,30,31,32,34,35,36,38,39,40,41,42,43,44,45,46,47,48,49,50,51,52,54,55,56,57,58,60,61,62,63,64,66,67,69,70,71,72,73,74,75,76,77,78,79,81,82,83,84,85,86,87,88,90,91,92,93,94,96,97,98,100,101,103,104,106,107,108,109,110,111,112,113,114,116,118,119,120,121,123,124,127,129,130,131,132,133,134,135,136,137,138,139,140,141,142,143,144,145,147,148,149,150,152,153,154,156,157
24,25,26,27,29,30,31,32,33,34,35,36,37,38,40,42,43,44,45,46,49,50,51,52,53,54,55,56,57,58,59,60,61,62,63,66,68,69,70,71,72,73,74,75,76,78,80,81,82,83,84,85,86,87,88,89,90,91,92,93,95,96,97,98,99,100,101,102,103,104,105,106,107,109,110,112,113,114,115,117,118,119,120,121,122,124,125,126,127,128,130,131,132,133,134,137,138,139,140,141,142,143,144,145,147,148,150,151,152,153,155,156,157
25,26,27,28,29,30,31,32,33,35,36,38,39,40,41,42,43,44,45,46,48,49,51,52,53,55,56,57,59,60,61,63,64,65,67,68,69,70,71,72,73,74,75,76,77,79,80,81,82,83,84,85,86,88,89,90,91,92,93,94,95,96,97,98,99,100,101,102,103,104,105,106,107,109,111,113,114,115,116,117,118,120,121,122,125,127,128,129,131,132,133,134,135,136,137,138,139,140,141,142,144,146,148,149,150,152,153,154,155,156,157
26,27,28,30,31,32,33,34,35,37,38,40,41,42,43,44,45,47,50,51,52,53,54,55,56,59,60,61,62,63,64,65,67,68,69,70,71,72,73,75,76,77,78,79,80,81,82,83,85,86,88,89,90,91,92,93,94,95,96,98,99,100,101,102,103,104,105,106,107,108,109,110,111,113,114,115,116,117,118,120,122,123,124,125,128,129,130,131,132,133,135,136,137,138,139,140,142,143,144,145,146,147,148,149,151,152,153,154,155,156
27,28,30,31,33,34,36,38,39,40,41,43,44,45,46,47,48,49,50,51,52,53,54,55,56,57,58,60,61,64,65,67,68,69,70,71,72,73,74,75,76,77,78,79,80,82,83,84,85,86,87,88,89,90,91,92,93,94,96,97,98,99,100,101,102,104,105,106,107,108,109,110,111,112,113,116,117,118,119,120,121,122,123,124,127,128,130,131,133,134,135,136,138,139,140,141,142,143,144,145,146,147,149,150,151,152,153,154,156
28,29,30,31,32,34,35,36,37,38,39,40,41,42,43,44,45,47,48,49,50,51,52,53,54,57,58,59,60,61,62,63,64,65,66,67,69,70,71,72,73,74,75,76,77,79,80,81,83,84,85,86,87,88,89,90,91,92,93,94,95,96,97,98,99,101,102,103,104,106,107,108,109,111,112,113,114,116,117,118,119,120,121,122,123,124,126,127,128,129,130,131,132,133,135,136,137,138,139,140,141,142,143,144,146,147,148,149,150,151,152,154,155,156,157
29,30,31,32,33,34,35,36,37,38,39,40,41,42,44,45,47,48,49,50,51,53,54,55,56,60,61,62,63,64,65,66,67,68,70,71,72,73,74,75,76,77,79,80,81,82,84,85,87,90,91,92,94,95,97,99,100,102,104,105,106,107,108,109,110,111,112,113,115,116,117,118,119,121,122,124,125,126,127,128,130,131,132,133,134,135,136,137,138,139,140,142,143,144,145,146,147,148,149,150,151,153,155,156
30,31,32,33,34,35,37,38,39,40,41,42,43,44,46,47,48,51,52,53,54,55,56,57,58,59,60,62,63,64,65,66,68,69,70,71,72,74,76,77,79,80,81,82,83,84,85,86,87,88,89,90,91,92,94,95,96,97,98,101,102,103,104,106,107,108,110,111,112,113,114,115,116,117,118,119,120,121,122,123,124,125,126,127,129,130,131,132,135,136,137,138,139,140,141,142,143,144,145,146,147,148,149,151,152,154,155,156,157
31,32,33,34,35,38,39,40,41,42,43,44,45,46,47,48,49,50,51,52,54,55,56,57,60,61,62,63,64,65,66,67,68,70,71,72,73,74,75,76,77,80,81,82,83,84,86,87,89,90,91,92,93,94,95,96,97,98,99,100,102,103,104,105,106,107,108,112,113,114,115,116,117,119,120,121,122,125,126,127,128,129,130,131,132,133,135,136,137,138,139,140,141,142,143,145,146,148,150,151,152,153,156,157
32,33,34,35,36,37,38,39,40,41,42,43,44,46,47,48,49,50,51,52,53,54,55,56,57,58,59,61,62,63,64,65,66,67,68,70,71,72,73,74,75,76,77,79,82,83,84,86,87,88,89,90,92,93,94,95,96,98,99,100,101,102,104,105,106,107,108,109,110,111,112,113,114,115,116,117,118,119,120,121,122,123,124,125,126,127,129,130,131,132,133,134,135,136,137,138,139,140,141,142,144,145,146,147,149,150,151,152,154,155,156
33,35,36,37,38,39,40,41,42,43,44,45,46,47,48,49,50,51,52,54,55,56,57,60,61,62,63,65,66,67,68,69,70,71,72,73,74,75,76,77,78,79,80,81,82,83,84,85,87,88,89,91,92,93,94,95,97,98,99,101,102,103,104,105,106,108,109,110,111,114,115,116,117,120,121,122,123,124,125,126,127,128,129,130,131,132,133,134,135,136,137,138,140,142,143,145,146,147,148,149,151,153,154,155
34,36,37,38,39,40,42,44,45,47,48,49,50,51,52,54,55,56,59,60,61,62,63,64,65,66,67,68,69,71,72,73,74,75,76,77,78,79,80,81,82,83,84,85,86,87,88,89,90,92,93,94,95,97,98,99,100,101,102,103,104,105,107,108,109,111,112,113,114,115,116,117,119,120,121,122,123,124,125,127,128,129,130,131,132,133,134,135,136,137,138,139,140,142,143,144,145,146,147,149,152,153,154,156,157
35,36,37,38,39,40,41,42,44,45,47,48,49,50,51,53,54,57,58,60,61,62,63,64,65,66,67,68,69,70,71,72,73,74,75,76,77,78,79,80,81,83,85,86,87,88,89,90,92,93,94,95,97,98,99,101,102,103,104,106,107,108,109,110,111,112,113,114,115,116,117,119,120,121,122,123,125,126,127,129,131,132,133,134,135,136,137,138,139,142,143,144,145,146,147,148,149,150,151,152,153,154,155,156,157
36,37,38,39,40,41,42,43,44,45,46,47,48,49,51,52,53,54,55,56,57,58,59,60,61,62,63,65,68,69,70,71,74,75,77,78,79,80,81,82,83,84,86,87,88,89,90,91,92,93,94,95,96,97,98,99,101,102,103,104,105,106,107,108,109,110,111,112,113,114,115,116,117,118,119,120,121,122,123,125,126,127,128,129,130,131,132,133,134,135,136,137,138,139,140,141,142,143,144,145,146,147,148,149,150,151,152,153,154,155
37,38,39,40,41,42,43,44,45,46,47,48,49,50,51,52,53,55,56,57,58,59,60,62,63,64,65,66,67,68,70,71,72,73,74,75,77,78,79,80,81,83,84,85,86,87,88,89,90,91,92,93,94,95,96,97,98,100,101,102,103,104,105,106,108,109,110,111,112,113,114,115,116,117,118,120,121,122,123,124,128,129,130,131,135,138,140,141,142,143,145,146,147,148,149,151,152,153,154,155,157
38,39,40,41,42,43,44,45,46,47,48,49,50,51,52,53,54,56,57,58,60,61,62,63,64,65,66,67,68,69,70,71,72,73,74,75,76,77,78,79,80,81,82,83,84,85,87,88,89,90,91,93,94,95,99,100,102,104,105,106,107,108,109,110,111,112,113,114,115,116,118,119,120,121,122,123,124,125,126,127,128,129,130,131,133,134,136,137,140,141,142,143,144,145,146,147,148,149,150,151,152,153,154,155,156,157
39,40,41,42,43,44,45,47,48,49,50,53,54,55,57,58,59,60,61,62,64,65,66,67,68,69,70,71,72,73,74,75,76,77,78,79,81,82,83,84,85,86,87,89,90,91,92,93,94,95,96,97,98,99,100,101,102,103,105,106,108,109,110,111,112,113,114,115,117,118,119,120,121,122,123,124,125,126,127,128,129,130,131,132,133,134,135,136,137,139,140,141,142,143,144,145,146,147,148,149,150,151,152,153,154,155,157
40,41,42,44,45,47,48,49,50,51,52,53,55,56,57,58,60,61,62,63,64,65,66,67,68,69,70,71,72,76,77,78,79,80,81,82,83,84,86,87,88,89,90,91,93,94,95,96,97,98,99,100,101,102,105,106,107,109,110,112,113,114,116,117,118,119,121,122,123,124,125,126,127,128,129,130,131,132,133,134,135,137,140,141,142,144,145,146,148,149,150,153,154,155,157
41,42,43,44,45,46,47,48,49,50,51,52,53,54,55,56,57,58,59,60,61,62,63,65,68,69,70,71,73,74,75,76,77,78,79,80,81,82,83,84,87,88,89,90,91,92,93,95,96,97,98,99,101,102,103,104,105,106,107,108,109,110,111,112,114,115,116,117,119,120,122,123,124,125,126,127,128,129,131,132,133,134,135,136,137,138,139,140,141,143,147,148,149,150,153,154,155,156
42,44,45,46,47,48,49,50,51,52,53,54,55,57,58,59,60,61,62,63,64,65,66,67,69,71,73,74,75,76,77,78,79,80,81,82,83,84,85,86,88,89,90,92,93,95,96,97,98,99,100,101,103,104,105,106,107,108,110,111,112,113,114,115,116,118,119,120,121,122,123,124,125,126,127,128,129,130,132,133,134,136,137,138,139,140,141,142,144,145,146,147,148,149,150,151,152,153,155,156
43,44,45,46,48,49,50,52,55,56,57,58,59,60,61,62,64,65,66,67,68,69,70,71,72,73,74,75,76,77,78,79,82,83,84,85,86,87,88,89,90,91,92,93,94,95,96,97,98,99,100,101,102,103,104,105,106,107,108,109,110,111,112,113,114,115,116,119,120,121,122,123,124,125,126,127,129,130,131,132,133,134,135,137,139,140,141,144,145,146,147,148,149,150,151,152,153,154,155,157
44,45,46,48,50,52,53,54,57,58,59,60,61,62,63,64,65,66,67,68,69,70,71,72,75,76,77,78,79,80,81,82,83,84,85,86,87,88,89,90,93,94,95,96,97,98,99,101,102,104,105,106,107,108,109,110,111,113,114,115,116,117,118,119,120,121,122,123,124,125,126,127,128,129,130,132,134,135,136,138,140,141,142,143,144,146,147,148,149,151,152,153,154,156,157
45,46,47,48,49,50,51,53,54,55,56,57,58,59,60,61,62,63,66,68,69,70,72,73,74,75,76,77,78,79,82,83,84,85,86,87,88,89,90,91,92,93,94,95,96,98,100,101,102,103,105,106,107,108,109,110,111,113,114,116,117,118,119,120,121,122,124,125,126,127,130,131,132,133,134,135,136,139,140,142,143,145,146,148,151,153,154,155,156,157
46,47,48,49,50,51,52,53,54,55,56,58,59,60,61,63,65,66,67,68,69,70,72,74,75,76,79,80,81,82,83,84,86,87,88,89,90,91,94,95,96,97,98,99,100,101,102,103,104,105,106,107,108,109,110,111,112,113,114,115,116,117,118,119,120,121,122,123,124,125,126,127,129,130,131,133,134,136,137,139,140,141,143,144,145,148,152,154,155,156
47,48,49,50,52,53,54,55,56,57,58,59,60,61,62,63,64,65,66,67,68,69,70,71,72,73,76,77,78,79,80,81,82,83,84,85,86,87,89,90,92,93,94,95,96,97,98,99,100,101,102,104,106,108,109,110,111,112,113,115,116,117,118,119,120,122,123,124,125,126,127,128,129,130,131,132,133,134,135,136,137,138,139,141,142,143,144,145,146,148,149,150,151,152,153,155,156,157
48,49,51,52,53,54,55,56,57,58,59,62,63,64,66,67,68,70,72,74,75,77,78,79,80,82,83,84,86,88,89,90,91,92,94,95,96,97,98,99,100,102,103,104,105,106,107,108,109,111,112,113,114,117,118,119,120,121,123,124,125,127,128,129,130,131,132,133,134,135,136,137,140,141,142,143,145,147,148,149,150,151,152,155,156,157
49,50,51,52,53,54,55,56,57,58,59,60,62,63,64,65,68,69,70,71,72,73,74,75,76,77,78,79,80,81,83,84,85,86,87,88,89,90,92,93,94,95,96,97,98,99,100,101,102,103,105,106,107,108,109,110,111,112,114,115,116,117,119,120,121,122,124,125,126,127,128,129,130,132,133,134,136,137,138,139,140,141,142,143,145,146,147,150,151,152,153,154,155,156,157
50,51,52,53,54,55,56,57,58,59,60,61,62,63,64,65,66,67,68,71,72,73,74,75,77,78,79,80,82,83,84,86,87,88,89,90,91,93,94,95,96,97,98,99,100,101,102,104,106,107,108,109,110,112,113,114,115,116,118,119,120,121,122,124,126,128,129,130,131,132,133,134,135,136,138,139,140,141,142,143,144,145,147,148,149,150,152,153,154,155,156,157
51,53,54,55,58,59,61,62,63,64,66,67,68,69,70,71,72,73,74,75,76,77,78,79,80,81,82,83,84,85,86,87,88,90,92,94,96,97,98,99,100,101,102,103,104,106,107,108,109,110,111,112,113,114,115,116,117,118,121,122,124,125,126,127,128,129,130,131,133,135,139,140,141,142,143,144,145,146,147,148,149,150,151,152,154,155,156,157
52,53,54,55,56,59,61,62,63,64,65,67,68,70,71,72,73,74,76,77,78,79,80,81,82,83,84,85,87,88,90,91,92,96,97,98,101,102,103,104,105,106,107,108,109,110,111,113,114,115,116,117,118,119,120,121,123,124,125,126,127,128,129,130,132,133,134,135,137,139,140,141,143,144,145,147,149,150,151,153,154,155,156,157
53,54,55,56,57,59,60,61,62,63,64,65,66,67,69,71,72,73,74,77,78,80,81,82,84,85,86,87,88,89,90,91,92,93,94,95,96,97,98,99,100,101,102,103,104,105,106,107,108,109,111,112,113,114,115,116,117,118,121,122,123,125,126,127,128,129,130,131,132,134,135,136,137,139,140,141,142,143,144,146,147,148,149,151,152,153,154,156,157
54,55,56,57,58,59,60,61,62,63,65,66,67,68,69,70,71,72,73,74,76,77,78,81,84,85,86,87,88,89,90,92,93,94,95,96,97,98,99,100,101,102,104,105,106,109,110,111,112,113,114,115,117,118,119,120,121,122,123,124,125,126,128,129,130,131,132,133,134,135,137,138,139,141,143,144,145,146,147,148,149,151,152,153,154,155,156,157
55,56,57,58,60,62,63,64,65,67,69,70,72,73,74,75,76,77,79,80,81,82,83,84,85,86,87,89,90,92,93,94,95,96,97,100,101,103,104,105,106,107,109,110,111,112,113,114,115,116,117,118,119,120,121,122,124,125,126,127,128,129,130,133,134,135,136,137,138,139,140,141,142,144,145,146,147,148,149,150,151,152,153,154,155,156,157
56,57,58,59,60,61,62,63,65,66,67,68,70,71,72,73,74,75,76,77,78,79,80,81,84,85,86,87,88,91,93,94,96,97,98,99,100,101,102,103,106,107,109,110,112,113,114,116,117,118,119,120,121,122,123,124,125,126,127,128,129,130,131,134,135,136,137,138,139,141,143,144,145,146,147,149,150,151,152,153,154,156,157
57,58,59,60,61,63,64,66,67,68,69,70,71,73,74,75,76,77,78,79,81,82,83,84,86,87,88,90,91,93,95,96,97,98,100,101,103,104,105,106,107,108,109,110,111,112,113,114,115,118,119,121,122,123,124,125,126,127,128,129,130,131,133,134,135,136,137,138,139,140,141,142,144,145,146,147,148,149,150,151,152,153,154,156,157
58,59,60,61,62,63,64,65,66,67,68,69,70,71,72,73,74,75,76,77,78,79,80,81,82,83,84,85,86,87,89,90,91,92,93,94,95,96,97,99,100,101,102,103,104,105,106,108,109,110,111,112,113,114,115,116,117,118,119,120,122,123,125,126,127,129,130,131,132,133,134,135,136,137,138,139,141,142,143,144,145,147,148,149,150,151,152,153,154,155,156,157
59,60,61,62,63,64,65,66,67,68,69,72,73,74,75,76,77,78,79,80,81,82,83,84,85,86,87,88,89,91,92,93,94,95,96,97,98,99,100,102,103,104,105,107,108,109,110,111,112,114,115,116,117,119,120,121,122,123,124,125,126,128,129,130,131,132,133,134,135,136,137,138,140,141,142,143,144,145,146,147,148,149,150,151,152,155,156,157
60,61,62,63,64,65,66,67,70,71,72,73,75,76,77,79,80,81,82,83,84,85,86,87,88,89,91,94,95,96,97,98,99,100,102,103,104,105,106,108,110,111,112,113,117,119,120,121,122,123,124,125,126,127,128,129,130,132,133,134,135,136,138,139,140,141,142,143,144,145,146,147,148,149,150,155,156,157
61,62,63,64,65,66,68,69,70,71,72,73,74,75,76,77,78,79,80,81,82,83,84,85,86,87,89,90,91,92,93,94,96,97,98,99,101,102,103,104,105,106,107,108,109,110,111,113,114,117,118,119,120,121,122,123,124,125,126,127,128,130,131,132,133,134,135,136,137,138,139,140,142,143,144,146,147,148,149,150,151,152,154,155,156,157
62,63,64,65,66,67,69,70,71,72,73,74,75,77,78,79,80,81,82,83,84,85,86,87,90,91,92,93,95,96,97,98,99,100,102,103,105,106,107,109,111,112,113,114,115,117,118,119,120,121,122,124,126,128,129,130,131,132,133,134,135,136,137,138,139,140,141,143,144,145,146,147,148,149,150,152,153,155,156,157
63,64,65,66,67,68,70,71,72,74,75,77,78,79,80,81,82,83,84,85,86,87,88,90,92,93,94,95,96,97,98,101,102,103,104,106,107,108,109,110,111,113,114,115,116,117,118,119,120,121,122,123,125,126,127,128,129,130,131,132,133,134,135,136,137,138,139,141,142,144,145,146,148,149,150,151,152,153,155,156,157
64,65,66,67,68,69,70,71,72,73,75,76,77,78,79,80,81,82,83,84,85,86,87,89,90,92,93,94,96,97,99,100,101,102,103,105,106,107,109,110,111,112,113,114,116,117,119,121,123,124,126,127,128,129,130,131,132,135,136,137,138,139,140,142,143,144,145,146,147,148,150,151,152,153,154,155,156,157
65,66,67,68,69,70,71,72,73,75,76,77,78,79,80,81,82,83,84,85,86,87,88,89,90,91,93,94,95,96,97,98,99,100,101,102,104,105,106,107,108,109,110,111,112,113,114,116,117,118,121,122,123,124,125,126,127,128,129,132,133,134,135,136,138,139,142,143,145,146,147,148,149,150,151,152,153,154,155
66,68,69,70,71,72,73,74,75,77,80,81,82,83,84,86,87,88,89,90,91,92,93,94,95,96,97,98,99,101,102,103,104,105,106,107,110,111,112,113,116,117,118,120,121,123,124,125,126,127,128,130,131,132,133,134,135,137,138,140,141,143,144,147,149,150,151,152,153,154,156,157
67,68,69,71,72,73,74,75,76,77,78,79,80,81,82,83,84,85,86,87,89,90,91,92,93,94,95,96,97,99,100,101,102,103,104,105,106,107,108,109,110,111,112,113,114,115,116,117,119,121,122,123,125,128,129,130,131,132,133,134,136,137,138,139,141,142,143,144,145,146,147,148,151,152,153,154,155,157
68,69,70,71,72,73,75,77,78,80,82,83,84,86,88,90,91,92,94,97,99,101,102,103,105,106,107,108,109,110,113,114,115,116,117,118,119,120,121,122,123,124,125,126,127,128,130,131,132,133,136,137,140,141,143,145,147,148,149,150,151,152,154,155,156,157
69,70,71,72,73,74,75,77,78,79,80,81,82,84,86,88,89,91,92,93,94,95,97,98,99,100,101,102,103,104,105,106,107,108,110,111,112,113,115,116,117,118,119,120,121,122,123,124,125,127,128,129,130,131,133,134,135,137,139,141,142,143,144,145,146,147,148,149,152,153,154,155,156,157
70,71,72,73,74,75,76,77,79,80,81,82,83,84,85,86,87,88,89,90,92,93,94,95,97,98,99,100,101,102,103,104,106,107,108,109,110,111,112,113,114,115,116,117,119,123,124,125,126,127,130,131,133,134,135,137,138,139,140,141,142,143,144,146,147,148,149,150,151,152,153,154,155,156
71,72,73,74,75,76,77,78,80,82,84,85,86,87,88,92,93,94,96,97,99,100,101,102,103,104,105,106,108,110,111,113,114,115,116,117,118,119,120,123,124,125,126,127,128,129,130,131,133,136,137,138,139,140,141,143,144,145,146,147,148,149,150,151,152,154,155,156,157
72,74,75,76,78,80,81,82,83,85,86,87,88,89,90,91,92,93,94,95,96,97,98,99,100,101,102,103,104,105,106,108,109,110,111,112,113,114,115,116,117,118,119,120,121,122,123,124,125,126,127,128,129,130,131,132,133,134,136,137,138,139,140,141,142,143,144,145,146,147,148,149,151,152,153,154,156,157
73,74,75,76,77,78,79,80,81,82,83,84,85,86,87,88,89,90,91,93,94,95,96,97,98,99,100,102,103,104,105,106,108,109,110,112,113,114,115,116,117,118,119,120,121,122,123,124,125,126,127,128,129,130,131,132,133,135,136,137,138,139,140,142,143,145,146,147,148,149,150,152,153,154,155,156,157
74,75,76,77,78,79,80,82,83,84,85,86,87,88,89,91,92,93,94,95,96,97,98,99,100,101,102,103,104,105,106,107,108,109,110,113,115,116,117,118,120,121,122,123,124,125,126,128,129,130,132,133,134,135,136,137,138,139,140,141,142,143,144,146,147,149,150,151,152,153,154,155,156,157
75,76,77,78,79,80,81,83,85,86,87,88,89,90,91,92,95,98,99,100,101,102,103,104,106,107,108,109,110,111,112,113,114,115,116,117,118,120,121,122,123,124,125,127,128,129,131,132,134,135,136,137,139,141,142,143,144,145,146,147,148,150,151,152,153,156
76,77,78,79,80,81,82,83,84,86,88,89,90,91,92,93,94,95,97,98,99,100,101,103,104,106,107,109,110,113,114,115,116,118,119,120,121,122,123,124,125,126,127,128,129,130,131,132,133,134,135,136,137,138,140,142,143,144,145,146,148,149,150,151,153,156,157
77,78,79,80,81,82,84,85,89,92,93,94,95,96,97,98,99,100,101,102,103,104,105,106,107,108,109,110,111,112,113,114,115,117,118,119,120,122,123,124,125,126,127,129,130,131,132,133,134,135,136,137,138,139,140,141,142,143,144,145,146,147,148,149,150,152,153,154,155,156
78,79,80,81,82,83,85,86,87,88,89,90,91,92,94,95,97,98,100,101,102,103,104,105,106,107,109,110,113,114,115,117,119,120,121,122,123,124,125,126,127,129,130,131,132,133,134,136,137,138,139,140,141,142,144,145,146,147,148,149,151,152,153,154,155,156,157
79,80,81,82,83,84,85,86,87,88,90,91,92,95,96,97,99,100,101,102,103,104,106,109,110,111,112,113,114,115,116,117,118,120,121,122,124,125,126,127,128,129,130,131,132,133,134,135,137,138,139,140,143,144,145,146,147,148,150,151,152,153,154,155,156,157
80,82,83,85,86,87,88,90,91,92,94,95,98,99,100,101,102,103,104,105,106,108,109,110,111,112,113,114,115,116,117,119,120,121,122,124,125,126,127,128,131,132,133,134,135,136,137,138,139,140,142,143,144,145,146,147,148,149,151,152,153,154,156,157
81,82,83,85,86,87,88,89,90,91,92,93,94,95,96,97,99,100,101,102,103,104,105,106,107,108,110,111,112,113,115,116,117,118,119,120,121,122,123,124,125,126,127,128,129,130,131,132,133,134,135,136,137,138,139,140,141,142,145,146,147,148,149,150,151,153,154,156,157
82,84,85,86,87,88,89,90,91,92,93,94,95,96,98,99,100,101,102,103,104,105,106,107,108,109,110,111,112,113,114,116,117,118,119,120,121,122,123,124,125,126,127,128,129,130,132,133,134,135,136,137,138,140,141,142,143,144,145,146,147,148,149,150,151,152,153,154,155,156,157
83,84,85,86,87,90,91,92,93,96,97,98,99,103,104,105,106,107,108,109,110,111,113,114,115,116,117,118,119,120,121,122,124,125,126,127,128,129,130,131,132,133,134,135,136,138,139,141,142,143,144,145,146,147,148,149,150,151,152,153,154,157
84,85,87,89,90,91,92,93,94,95,96,98,100,101,102,103,104,105,106,107,108,109,110,111,112,113,115,116,117,119,120,121,122,123,124,126,127,128,129,131,132,133,135,138,139,140,141,142,143,145,147,148,149,150,151,152,153,154,155,156,157
85,86,87,88,89,91,92,93,94,95,96,97,98,100,102,103,104,107,108,109,110,111,112,114,116,117,118,119,120,121,122,123,125,127,128,129,131,132,133,134,135,136,137,138,140,141,142,143,144,145,147,148,149,150,151,152,153,154,155,157
86,87,88,89,90,91,92,93,95,97,98,99,100,101,102,103,104,105,106,107,108,109,110,111,112,113,114,115,116,118,119,120,121,122,123,124,125,126,127,128,130,131,132,134,135,136,137,138,139,141,142,143,144,145,146,147,148,149,150,151,152,153,156,157
87,88,89,90,91,92,93,94,95,96,97,98,99,101,102,104,106,107,108,110,111,112,113,114,115,116,117,119,120,121,122,123,124,125,126,127,128,131,132,133,134,135,136,137,138,139,140,141,142,143,144,145,146,147,148,149,150,151,152,153,154,155,157
88,90,91,92,93,94,95,96,97,98,99,100,101,102,105,106,107,108,109,110,111,112,114,115,116,117,118,119,120,121,122,123,125,126,128,130,131,132,134,135,136,138,140,142,143,144,145,146,147,148,150,151,152,154,155,156,157
89,90,91,93,94,95,96,97,98,99,101,103,104,105,107,108,109,110,111,112,114,115,116,117,119,120,121,123,124,125,126,127,128,129,130,131,132,133,134,135,136,137,138,140,141,142,143,144,145,146,147,148,149,150,151,152,154,155,156,157
90,91,92,93,94,95,97,98,99,100,101,102,103,104,105,106,107,108,109,110,111,112,113,114,115,116,117,118,119,121,122,123,124,125,126,127,128,129,131,132,133,134,136,137,138,139,140,141,142,145,146,148,149,150,151,152,154,155,156,157
91,92,93,96,97,98,99,100,101,102,103,104,105,106,107,108,109,110,111,112,113,114,115,116,117,118,119,120,121,122,123,124,125,126,127,129,133,135,137,139,140,141,142,143,144,145,146,147,148,150,151,152,153,157
92,93,95,96,97,98,99,100,103,104,105,106,107,108,109,110,111,112,113,114,115,116,117,118,119,120,121,122,124,125,127,128,129,130,131,132,133,134,135,136,137,138,139,140,141,142,144,145,146,147,148,150,151,152,153,154,155,156
93,94,95,96,97,98,99,100,101,102,103,104,105,106,107,109,110,112,113,114,115,116,117,118,119,120,121,123,124,125,126,128,129,130,131,132,133,134,135,136,137,138,140,144,145,146,147,148,149,152,153,154,155,156,157
94,95,96,100,101,103,104,105,106,109,110,112,114,115,116,117,118,119,120,121,122,123,124,125,126,127,128,129,130,131,133,134,135,136,137,138,139,140,141,142,144,145,148,149,150,151,152,153,154,155,156,157
95,97,98,99,100,101,102,103,104,105,106,107,108,110,111,112,113,114,115,116,117,118,119,120,121,124,125,126,127,128,129,130,131,132,133,136,137,138,140,141,142,144,145,147,148,149,150,151,152,153,154,156,157
96,97,98,99,101,102,103,104,106,107,108,109,110,111,112,113,114,116,117,118,119,120,122,123,124,125,126,127,128,129,131,132,133,134,136,137,138,139,140,141,142,143,145,148,149,150,151,153,154,155,156,157
97,98,99,100,102,103,104,105,107,108,109,110,111,113,114,115,117,119,120,121,122,123,124,125,127,129,131,133,134,135,136,137,138,139,140,141,142,143,144,145,146,147,148,150,151,153,154,155,156,157
98,99,101,102,103,104,105,106,107,108,109,110,111,112,113,114,115,117,118,120,121,122,123,124,125,126,127,128,129,130,131,132,133,138,139,140,141,142,143,144,145,147,148,149,150,151,153,155,156,157
99,100,101,102,103,104,105,106,107,108,109,110,111,112,114,115,117,118,119,120,121,122,124,126,127,128,129,130,132,133,134,135,136,137,138,139,140,141,142,143,144,145,148,149,150,151,152,153,154,155,156,157
100,101,102,103,104,105,106,107,108,109,110,112,113,114,115,116,117,118,119,120,121,122,123,124,125,126,127,128,129,130,133,134,135,136,138,139,140,141,142,143,144,146,147,149,150,151,152,153,154,155,156
101,102,104,106,107,108,109,110,111,112,113,114,115,116,117,118,119,120,121,122,123,124,125,127,130,131,132,133,134,135,137,139,140,141,143,144,145,146,147,148,149,152,153,154,155,157
102,103,104,108,109,110,111,112,113,114,115,116,119,121,122,123,124,125,126,127,128,129,130,131,132,133,134,135,136,137,139,140,141,142,143,145,146,147,148,149,150,151,152,153,154,155,156
103,104,105,106,107,110,111,112,114,115,116,118,119,120,121,123,124,125,126,127,129,130,131,132,133,134,135,136,138,139,140,141,143,144,147,149,150,151,153,155,156,157
104,105,106,107,108,109,110,111,112,113,114,115,116,117,118,119,120,122,123,124,125,126,127,128,129,130,131,132,133,135,137,138,139,140,141,142,143,144,145,146,147,149,150,151,152,153,154,155,156
105,106,107,108,109,110,111,112,113,114,115,116,118,119,120,121,122,123,124,125,128,129,130,132,133,134,136,137,138,139,140,141,144,145,146,147,148,149,150,151,152,153,155,156,157
106,107,108,110,111,112,114,116,117,118,119,121,122,123,126,127,128,129,130,131,132,133,134,135,136,137,138,139,140,141,144,145,146,147,148,149,150,151,152,153,154,155,156,157
107,108,109,110,112,113,114,115,116,117,118,120,121,122,123,124,126,127,128,129,131,132,133,134,135,136,138,139,140,141,142,145,147,148,149,150,153,154,155,156,157
108,110,111,112,113,115,117,118,119,120,121,122,126,127,128,130,131,132,134,135,136,137,138,139,140,141,142,143,144,145,146,147,148,149,153,154,157
109,110,111,112,113,114,115,116,118,119,121,123,124,125,126,127,128,129,130,131,132,133,134,136,139,140,141,142,143,144,145,146,147,148,149,150,151,152,153,154,155,156,157
110,111,112,113,114,115,116,118,119,121,122,123,124,125,126,127,129,130,131,132,133,134,135,139,140,141,142,143,145,146,147,150,151,153,154,157
111,112,113,114,115,116,117,118,119,120,121,122,123,125,126,127,129,130,131,132,133,135,136,137,138,139,140,141,142,143,144,145,147,148,149,150,151,152,153,155,156,157
112,113,114,115,116,117,118,119,120,121,122,123,124,125,126,127,128,129,131,132,133,135,137,138,139,141,142,143,144,145,146,147,148,149,150,151,152,153,154,155,157
113,114,115,116,117,118,119,120,121,122,123,125,126,127,129,130,131,132,133,134,135,136,137,138,139,140,141,143,144,146,147,148,150,151,152,153,154,155,156,157
114,115,116,117,118,119,120,121,123,124,126,127,128,129,130,131,133,134,135,136,137,138,139,140,141,142,143,144,145,146,147,148,149,150,151,152,153,155
115,116,117,118,119,124,127,128,129,130,131,132,133,134,135,136,137,139,141,142,143,144,148,150,151,152,154,155,156,157
116,117,118,119,120,121,122,124,125,126,128,130,132,133,134,135,137,138,139,141,142,143,145,146,147,148,149,152,153,154,156,157
117,118,120,121,122,123,124,125,126,127,128,129,130,131,133,134,135,136,137,138,139,140,141,142,144,145,146,147,148,149,150,151,153,154,155,156,157
118,119,120,121,122,123,124,125,128,129,131,132,134,135,136,137,138,139,140,141,142,143,144,146,147,149,150,151,152,153,154,155,156
119,120,121,123,125,126,127,128,129,130,131,132,133,135,136,137,139,141,142,144,145,146,147,148,149,150,151,153,154,155,156
120,121,122,123,124,125,126,127,128,129,131,133,134,135,136,137,138,139,140,141,142,143,144,145,146,147,148,149,150,151,152,153,154,155,156,157
121,122,123,124,125,126,128,129,130,131,132,133,134,135,136,137,140,141,142,143,144,145,147,148,149,150,151,152,153,154,155,156,157
122,123,124,125,126,127,128,129,130,131,132,133,134,136,137,139,141,142,143,144,145,147,148,149,150,151,152,154,155,156,157
123,127,128,129,130,131,132,133,135,136,138,139,141,142,145,146,147,148,150,151,152,153,154,156,157
124,125,126,127,128,129,130,131,132,133,135,136,137,139,140,141,142,143,144,145,147,148,150,151,153,154,155,156,157
125,127,128,129,130,131,132,134,135,136,137,138,139,141,142,143,145,146,148,149,150,152,153,155,156,157
126,127,128,129,131,133,134,135,136,137,138,139,141,142,143,144,145,147,148,149,150,151,152,153,154,155,156,157
127,128,129,130,131,132,133,134,135,136,138,140,141,143,144,145,146,147,148,149,150,152,153,154,155,156,157
128,129,130,131,133,134,135,136,137,138,139,140,141,142,143,144,145,146,147,148,149,150,151,152,153,154,155
129,131,132,133,134,136,137,138,139,140,141,142,143,144,145,146,150,151,152,155,157
130,131,132,133,134,135,137,138,139,140,141,142,143,144,147,149,150,151,152,157
131,132,133,134,135,136,137,138,140,141,142,143,144,145,146,148,149,150,151,152,153,154,155,156,157
132,133,134,135,136,137,138,139,140,141,142,143,144,145,146,147,148,149,150,151,152,153,154,155,156
133,135,137,138,141,142,143,144,145,146,147,148,149,150,151,152,153,154,156,157
134,135,136,137,138,140,141,142,143,144,145,146,148,150,151,153,155,156,157
135,136,137,138,140,143,144,145,146,147,149,150,151,152,153,154,156,157
136,138,139,140,141,142,143,145,146,147,148,149,150,152,153,154,155,156,157
137,138,140,141,142,143,144,146,149,152,154,155,156
138,139,140,141,142,143,144,145,146,147,148,149,150,151,152,155,156,157
139,140,141,142,143,144,145,147,148,149,150,151,152,155,157
140,141,142,143,144,145,146,149,150,151,152,153,155,156,157
141,142,143,144,145,146,147,148,149,150,151,152,153,154,155,156,157
142,143,144,145,146,147,148,149,150,151,154,155,156,157
143,144,145,146,147,149,150,151,152,153,154,157
144,145,146,147,148,149,150,151,152,153,154,156,157
145,146,147,148,149,151,152,153,154,155,157
146,147,148,149,151,153,155,156,157
147,148,149,151,152,153,155,156
148,149,150,151,152,153,154,157
149,150,152,153,154,155,156,157
150,151,153,154,156,157
151,152,154,155,156,157
152,153,155,156,157
153,154,155,156,157
154,157
155,157
156
157
