n_nodes:24
n_edges:204
density:0.73913
0,1,3,6,7,8,9,10,11,14,16,17,18,21,22,23
1,3,5,6,7,8,9,10,11,12,13,14,16,18,19,20,21,22,23
2,3,4,5,7,9,11,12,13,15,16,17,19,20,21,23
3,4,5,7,8,10,13,14,15,16,18,19,21,22,23
4,5,6,7,8,11,12,13,14,15,17,18,19,20,21,22,23
5,6,7,12,13,16,17,18,19,20,21,23
6,7,8,10,11,14,17,18,19,20,21,22,23
7,9,10,11,12,13,14,15,17,19,20,21,23
8,9,10,11,12,13,14,15,16,17,18,19,21,22,23
9,10,12,14,15,18,19,20,22,23
10,11,12,13,14,15,17,18,19,20,21,22,23
11,12,13,14,15,16,17,18,20,21,22,23
12,17,19,20,21,23
13,14,18,21,22
14,15,16,17,18,20,22,23
15,16,17,18,19,22,23
16,17,19,20,22
17,19,20,21,22,23
18,19,20,21,23
19,20,21,22,23
20,21,22,23
21,22,23
22,23
23
