n_nodes:101
n_edges:1060
density:0.2099
0,64,2,67,4,70,77,73,10,66,14,15,81,3,87,24,26,27,28,88,35,100,39,50,57,62
1,75,69,71,8,11,12,77,79,80,90,85,22,87,24,26,29,38,40,43,45,47,52,54,57
2,68,70,9,10,75,78,83,22,90,27,92,33,35,100,38,39,42,99,53,58,74,62
3,68,73,10,13,78,79,83,84,90,27,28,31,33,34,100,38,41,44,48,49,53,57,61,62
4,33,35,54,38,10,61,78,47,80,59,22,23,26,27,29,69
5,45,91,36,37,38,41,42,86,13,15,17,52,22,73,88,89,79,28,30
6,96,36,72,42,44,50,14,77,80,18,51,21,24,100,27,92,30,63
7,80,99,36,69,38,71,75,77,48,21,86,56,29,30,85
8,64,11,65,43,44,79,99,54,55,24,25,87,59,60,29,30
9,67,68,71,72,73,74,98,16,17,84,21,23,91,31,32,34,35,36,81,44,45,46,54,61,85
10,33,54,68,72,45,79,67,20,53,22,25,26,59,84,58,30,69
11,64,67,65,15,16,99,20,21,86,26,27,29,30,34,35,90,40,42,71,44,45,55,59,60,62,85
12,32,99,69,65,40,13,77,47,72,18,20,85,89,91,61,63
13,65,100,81,43,77,79,17,19,52,89,26,28,58,62,31
14,32,59,86,39,96,42,55,77,47,79,94,54,23,25,27,60,30,95
15,32,66,99,51,33,40,64,98,88,19,73,55,83,25,26,60,30
16,83,69,71,77,81,19,23,24,25,28,95,37,38,39,92,42,45,48,49,51,52,62
17,65,88,71,72,75,44,77,60,81,18,20,23,56,57,26,28,30
18,69,73,81,82,20,85,87,88,91,28,34,36,37,42,43,45,76,57,59,63
19,64,99,68,38,73,79,47,83,52,53,86,23,56,57
20,100,75,72,79,80,22,88,25,90,30,95,97,36,42,43,46,51,54,55,57,58
21,64,71,79,84,85,22,25,26,93,96,97,100,39,45,46,49,54,56,59,63
22,75,44,78,49,94,86,85,90,28,74,62,37
23,32,33,35,40,73,56,24,25,26,95,90,31
24,34,99,100,48,40,74,77,46,83,90,27,28,93
25,65,67,70,87,27,93,31,32,80,37,44,45,72,51,55,61
26,67,69,82,86,28,30,97,36,39,40,49,54,56,58,74
27,65,76,74,44,34,80,84,59
28,65,75,79,84,87,89,30,69,80,38,31,49,53,57,59,63
29,66,65,42,45,88,75,82,53,86,87,83,36,63
30,82,85,87,90,96,35,100,81,45,93,57,61
31,65,68,77,67,85,88,91,98,92,45,47,51,55,56,57,58,61
32,64,67,77,37,39,45,49,82,52,78,88,79,69,63
33,69,78,79,81,83,84,88,68,35,38,44,46,50,53,55,61
34,66,70,72,74,80,84,94,95,35,39,42,46,55,56,57,59,61,63
35,67,70,97,72,78,94,99,37,43,46,50,51,73,62
36,64,91,82,72,95,44,45,49,84,38,60,37
37,65,98,71,73,78,51,84,97,89,58,90,62
38,64,74,75,78,84,86,87,68,90,96,41,44,46,47,49,54,55,57,63
39,68,97,73,43,87,56,91,61,85
40,84,43,45,77,49,99,52,57,55,91,90
41,66,72,76,77,79,51,84,86,55,56,98,59,61,62
42,68,71,73,98,79,85,90,99,93,47,48,51,52,54,56,61,63
43,96,70,73,46,47,51,87,88,95,93,81
44,64,76,79,82,84,85,73,68
45,68,70,76,81,89,80,46,47,51,54,73,59,60,63
46,66,91,72,77,47,82,83,79,92
47,66,72,48,78,74,55,83,84,100,53
48,64,80,67,69,75,90,61
49,98,54,73,83,56,100,91,90
50,97,64,75,77,84,85,54,87,90,94,63
51,66,67,74,77,78,94,97,100,52,57,59
52,98,100,71,64,93,79,82,53,91,61,85,63
53,90,70,92,87,88,82,54,55,56,58
54,65,75,81,100,55,56,62
55,70,65,81,87,60,61
56,68,75,78,79,82,84,89,91,90,95,83,87,59,62
57,64,96,95
58,96,65,68,70,82,87,88,89,91
59,69,75,82,83,88,89,99,60,61
60,67,79,80,82,84,100,87,90,62,95
61,97,76,84,87,92,100,62
62,71,89,77,73,67,83
63,76,75,79,80,81,83
64,66,67,69,72,87,91
65,67,74,78,82,85,87,90,97,99,92,93
66,99,70,93,73,74,98,82,86,88,92,94
67,70,79,81,83,86,91,92,97,98,99,74
68,98,77,81,74,73,88,91
69,84,88,100
70,78,99,91,84,79,90
71,98,97,100,94,73,84,95
72,100,76,75,99,86,90,96,74
73,87,76,80,89,90,93,96,97,82
74,98,75,78,99,87,95
75,96,97,82,87
76,91,82,93,79,84,88
77,79,83,84,91,93,98,99,81
78,92,84,95
79,81
80,96,95,100,81,86,93,94
81,97,93,94,98
82,89,93,95,98,99
83,89
84,87,100,99
85,97,99,87,88,93
86,96,97,98
87,89,91,97,99,100
88,94,92
89,95,93
90,96,98
91
92,96,97
93,100,98,94
94,96,99
95
96,100,99
97
98
99
100
