n_nodes:241
n_edges:16565
density:0.57279
0,1,2,4,5,8,11,14,15,16,17,19,22,23,27,29,30,31,32,33,34,39,41,42,43,45,46,47,49,51,52,54,57,58,65,66,69,72,73,74,75,76,77,78,79,80,82,85,86,87,88,89,91,92,93,94,96,98,99,100,102,106,107,108,109,111,112,115,116,117,118,120,121,122,123,126,129,131,135,136,137,138,139,141,142,145,149,150,151,153,156,157,158,160,162,164,165,166,168,170,171,173,174,175,177,178,182,183,186,187,189,193,196,197,198,199,200,202,204,207,209,210,212,214,215,216,217,218,220,221,222,224,225,228,229,230,232,233,235,237,238,239
1,2,4,7,8,9,11,12,13,14,15,16,17,19,20,21,23,24,25,26,27,28,30,31,32,34,35,37,40,41,44,45,46,48,49,50,52,53,54,57,58,59,60,61,62,64,70,71,72,78,80,81,84,87,88,91,92,93,94,96,97,98,99,100,102,104,105,108,110,111,112,113,115,116,117,118,122,123,125,126,129,130,131,135,136,137,142,143,144,145,146,148,149,150,154,155,158,159,160,162,164,166,170,171,175,178,182,184,186,187,188,190,191,192,194,195,196,197,199,200,202,203,205,206,207,208,210,211,213,214,218,219,221,223,224,225,226,227,229,230,231,233,234,236,238,239,240
2,4,5,7,8,10,12,13,14,15,17,19,20,21,22,25,27,28,31,34,36,38,39,41,42,45,46,48,50,52,55,57,59,60,64,66,67,68,69,70,72,73,74,75,78,79,80,84,85,86,87,88,91,92,93,94,95,96,97,98,100,101,103,105,106,109,110,112,114,115,116,117,118,120,123,125,126,127,128,131,132,135,139,140,141,142,145,147,150,152,155,156,157,158,159,160,162,163,164,165,167,168,169,172,177,179,181,184,186,187,189,192,193,195,199,201,203,204,206,207,208,209,210,211,213,214,215,217,219,220,225,230,231,232,234,235,236,238,239
3,5,8,10,11,12,14,18,21,22,23,24,27,29,30,33,36,37,38,40,43,44,45,46,50,51,52,54,57,59,60,65,66,69,71,72,76,77,78,80,82,83,85,86,88,89,90,92,93,95,100,104,106,107,110,111,112,113,115,116,117,118,119,123,124,125,126,127,129,131,132,134,135,136,138,139,140,142,145,148,151,154,156,158,159,160,162,165,167,168,169,171,172,174,176,177,178,179,180,181,183,184,187,189,190,193,194,199,201,202,203,204,205,206,208,211,212,213,214,215,216,222,223,224,226,228,229,230,232,233,236,237,239,240
4,5,7,8,10,11,12,13,14,15,16,17,20,21,22,26,27,28,30,31,33,34,36,37,41,42,43,44,45,46,47,48,51,52,55,57,58,60,61,62,64,66,67,69,71,74,75,76,77,78,81,82,83,84,88,89,91,92,93,96,101,104,106,107,108,109,111,113,114,116,117,118,120,121,123,124,125,126,127,128,133,134,136,137,138,139,140,141,144,146,147,148,149,151,154,155,158,159,160,166,168,169,170,171,172,176,184,185,188,189,192,193,194,195,196,197,198,200,202,203,204,205,206,207,208,209,215,217,218,219,221,222,223,226,229,231,232,233,234,235,240
5,6,7,9,10,12,14,15,16,17,19,20,21,23,24,25,26,27,28,29,30,32,35,39,40,41,42,44,45,46,47,50,52,53,54,55,56,58,60,61,63,64,65,72,73,76,77,78,79,81,82,83,85,86,87,89,94,95,98,99,100,102,104,106,108,116,117,121,122,124,125,126,128,129,130,132,136,138,139,140,141,142,143,145,146,147,148,151,152,154,155,157,159,161,163,168,171,173,174,176,178,179,180,181,182,183,184,186,189,190,191,192,193,194,196,202,203,205,206,207,209,212,216,217,219,220,221,222,225,229,230,231,233,234,236,238,239
6,7,8,13,16,18,21,24,25,29,30,32,35,36,37,38,39,41,42,44,45,46,47,51,52,55,56,57,61,62,65,68,70,71,76,77,78,82,86,90,91,94,95,96,100,101,102,103,105,108,111,113,114,115,116,117,118,119,120,121,123,125,126,131,132,134,135,137,138,139,141,142,148,149,150,151,152,153,156,157,158,160,161,163,168,169,170,172,173,174,176,178,182,184,190,191,195,196,198,200,202,203,205,207,208,209,211,212,215,217,220,221,222,223,224,225,228,229,230,232,234,240
7,9,10,12,13,14,15,16,17,19,22,23,24,26,29,30,31,33,35,37,39,40,41,44,45,47,48,49,50,51,52,53,57,58,59,61,62,63,64,65,66,68,69,70,72,73,76,82,84,85,86,87,88,89,90,91,92,93,94,100,102,105,106,107,109,111,112,113,115,120,121,122,123,125,126,128,129,130,131,132,133,135,139,140,141,142,145,146,147,148,149,150,151,153,154,155,157,158,160,163,164,165,166,168,169,173,174,175,176,177,178,180,181,182,187,188,189,190,191,192,194,195,199,200,201,202,203,204,205,206,208,210,211,212,213,215,217,220,221,222,223,224,225,226,229,230,231,236,237,239,240
8,9,14,16,17,21,22,23,24,26,28,29,30,31,33,34,35,36,37,40,42,43,44,45,46,47,49,50,51,52,54,55,56,58,60,61,62,64,65,66,68,69,71,72,76,78,81,82,83,84,85,88,89,90,92,93,97,99,100,102,103,105,114,115,118,119,120,121,126,127,128,129,130,132,135,136,137,138,143,145,146,149,150,152,153,155,156,157,159,161,162,164,165,166,170,171,174,176,177,178,179,181,182,183,184,185,186,188,192,193,197,200,201,207,208,209,210,211,215,217,218,219,221,223,224,228,229,230,232,233,235,236,237
9,10,13,15,16,18,19,20,23,25,29,30,31,33,34,35,36,37,38,40,41,43,44,45,48,49,50,51,54,57,58,59,60,61,62,65,66,68,69,71,72,73,74,75,76,78,79,80,81,82,85,88,89,91,94,95,96,97,98,101,102,103,104,107,108,109,111,114,116,120,122,123,126,128,130,131,132,134,135,137,139,141,142,144,145,146,147,148,152,154,155,156,157,161,163,165,168,170,171,174,175,176,177,178,180,182,189,190,191,192,193,195,196,197,198,202,203,207,208,209,210,212,218,219,221,222,225,228,229,231,232,235,236,237,239,240
10,11,12,13,17,19,21,22,23,24,27,31,33,34,35,36,39,41,42,43,44,45,46,48,52,53,55,56,59,60,61,62,63,65,66,67,69,70,71,73,74,76,78,82,83,84,85,86,90,92,94,95,96,98,99,101,102,103,106,107,108,111,112,113,115,116,117,118,120,122,124,125,127,128,129,130,131,133,135,137,139,142,144,146,147,148,149,150,151,154,155,156,157,158,159,160,161,162,164,165,166,167,170,171,175,176,178,179,181,182,183,184,186,188,191,192,193,196,197,199,201,202,203,204,205,206,208,209,210,211,214,218,219,221,224,227,228,230,231,233,238,239,240
11,13,14,16,17,18,19,20,21,22,23,24,27,28,29,30,31,32,33,34,35,37,39,41,42,43,44,46,48,50,52,55,57,58,61,62,63,65,66,69,70,73,75,77,80,81,83,84,86,88,90,91,92,94,95,96,99,102,105,106,107,108,109,110,111,112,113,117,120,121,123,124,125,131,133,134,136,145,147,149,150,152,155,156,157,159,160,162,164,168,169,170,173,174,177,178,180,182,183,184,189,194,195,196,198,201,202,203,204,206,210,211,214,217,220,221,222,223,224,225,226,228,233,234,236,237,238,239,240
12,13,14,16,17,18,20,22,23,24,25,26,28,31,35,37,41,43,44,46,47,49,55,56,59,60,61,62,63,65,66,68,69,71,73,74,76,78,79,82,84,85,86,92,95,98,99,100,101,103,104,107,111,112,113,114,115,121,122,125,126,127,128,131,133,136,138,139,141,145,148,149,150,151,152,153,157,158,159,161,162,166,167,169,172,173,174,176,177,180,181,182,183,184,185,187,190,193,196,199,200,202,203,204,205,206,207,211,220,221,222,225,226,227,228,230,232,233,234,238,239,240
13,14,17,19,20,23,26,28,30,32,33,35,36,38,40,41,42,45,46,47,48,49,50,52,54,55,56,57,59,61,62,63,64,65,67,72,76,77,78,81,84,85,87,88,89,93,94,97,98,99,100,101,103,104,105,108,109,110,113,115,117,118,119,120,121,122,123,124,129,130,132,133,135,137,138,139,142,144,146,149,150,151,152,156,157,162,163,164,165,167,168,170,171,178,180,181,182,183,184,187,188,190,192,193,195,198,199,200,206,207,208,210,211,214,215,216,217,218,221,222,225,226,234,237,238
14,15,16,22,25,26,27,28,30,31,32,35,36,37,38,40,43,44,45,47,48,49,51,53,55,56,57,60,62,63,72,73,74,75,78,79,80,82,83,85,87,88,93,94,96,97,98,99,101,102,103,105,106,107,108,110,112,113,117,118,121,125,127,128,133,136,137,138,141,142,148,149,150,154,158,159,160,161,163,164,165,167,170,171,175,178,179,180,184,185,188,190,192,193,196,198,199,201,203,204,207,209,210,212,213,215,216,217,219,220,221,223,224,225,226,227,228,229,230,231,233,236,238
15,16,18,21,24,25,26,27,28,29,30,32,33,36,37,38,40,43,45,46,47,48,52,57,58,59,60,62,63,64,66,73,74,75,76,77,78,80,81,86,87,88,90,91,93,94,96,97,99,100,101,103,104,109,110,111,112,113,114,118,119,120,122,125,126,127,128,129,130,131,137,139,140,142,145,149,150,151,152,153,155,156,157,159,161,162,163,164,165,166,168,170,173,174,178,179,180,181,183,184,185,188,189,191,195,196,199,200,202,204,209,212,214,215,216,218,219,221,222,225,226,230,231,232,234,235,237,238
16,18,19,20,23,24,25,26,29,30,31,33,38,41,43,45,50,52,53,54,55,56,57,58,59,61,62,63,64,65,66,68,69,71,72,73,76,77,78,79,84,86,87,88,89,90,93,94,95,98,99,100,101,102,104,106,107,109,110,112,113,115,116,120,122,123,124,126,127,128,129,131,133,135,136,137,138,139,142,143,144,149,150,151,153,154,157,159,161,162,163,165,166,169,170,171,172,174,176,178,179,180,181,183,184,185,186,188,189,195,196,198,200,201,202,205,209,210,211,213,214,215,217,220,222,225,227,229,230,231,232,233,234,237,238,239,240
17,18,19,21,25,26,27,28,29,31,32,34,37,38,39,40,41,43,45,50,52,53,55,56,57,59,60,61,62,64,65,66,67,68,69,70,72,75,76,77,78,79,80,81,82,84,85,86,88,92,93,94,96,97,99,101,102,104,107,109,110,113,114,115,117,119,120,121,123,124,125,127,132,133,135,137,139,140,141,143,144,146,147,149,150,151,153,154,155,156,158,159,162,164,165,166,167,169,171,172,173,174,178,180,181,182,184,186,187,188,189,191,192,194,196,197,199,201,204,205,206,208,210,211,213,214,215,220,221,222,224,227,231,233,236,238,239,240
18,20,23,25,26,27,28,30,31,32,36,39,40,42,44,45,46,47,50,51,54,55,57,59,61,62,63,65,66,67,71,72,73,75,77,78,80,81,82,83,84,86,89,90,94,95,99,102,103,105,108,110,111,112,115,117,118,120,123,125,126,127,128,130,131,134,135,136,137,139,140,142,144,145,146,148,153,154,157,159,160,162,163,164,167,168,169,171,172,173,178,180,181,182,184,187,189,190,191,193,194,195,197,198,200,201,202,205,209,210,211,213,215,216,217,220,222,223,224,225,226,229,231,234,235,236
19,25,26,27,29,30,33,34,39,41,46,47,51,52,53,54,55,57,59,60,62,63,65,66,67,68,69,70,73,75,78,84,87,88,91,95,96,98,99,101,103,104,105,106,110,112,114,117,118,120,121,122,123,124,126,127,128,129,132,134,137,138,141,143,144,145,149,150,151,152,154,157,159,160,162,165,166,168,169,170,172,173,174,177,178,179,184,185,186,188,189,192,193,195,196,197,198,200,202,205,208,210,211,220,221,223,224,225,229,230,231,232,233,235,236,237,238,239
20,21,22,23,26,28,31,32,34,35,37,38,39,40,42,43,47,48,49,50,51,52,54,56,60,61,63,64,66,70,71,72,74,75,80,81,83,84,85,88,90,92,93,94,96,99,100,102,103,104,109,110,111,115,117,118,121,122,123,124,125,127,128,129,130,131,132,134,135,136,137,139,140,141,142,143,145,146,148,149,150,151,153,154,155,157,159,160,161,162,163,164,165,167,168,170,171,172,173,174,175,176,178,179,182,183,184,186,188,189,191,193,194,196,198,199,200,201,205,207,208,209,210,215,216,217,218,220,223,225,226,228,230,231,232,233,234,236,239
21,27,28,30,31,32,34,35,36,38,39,40,42,43,46,48,49,50,53,54,55,56,58,60,63,64,65,66,67,69,72,74,76,78,83,86,87,88,91,92,93,94,95,96,98,99,100,101,102,104,105,106,107,108,111,113,114,115,116,117,118,119,123,124,126,127,129,132,133,134,135,136,137,138,139,140,142,144,145,146,147,149,150,151,152,153,155,157,159,160,162,163,164,165,166,169,171,173,175,176,179,180,181,187,188,189,190,191,192,196,197,198,200,202,203,204,205,207,210,211,212,213,214,215,216,217,218,220,221,222,226,230,231,232,234,236,237,238
22,23,28,29,31,32,34,35,36,37,39,40,43,45,47,49,53,57,59,60,61,62,63,64,66,72,73,74,76,77,80,83,84,85,87,88,89,90,92,96,97,98,99,100,103,104,105,106,109,112,113,117,119,121,122,123,125,126,127,132,134,136,137,138,139,141,142,143,144,145,146,148,150,156,157,158,159,160,163,164,166,167,169,171,174,175,176,177,179,180,182,183,184,188,191,192,193,194,196,197,198,200,202,204,205,208,209,210,213,215,219,220,221,222,223,225,226,230,231,232,233,234,237,240
23,25,26,27,28,31,32,34,36,37,38,40,43,45,47,48,50,51,52,53,54,56,58,61,62,63,64,65,66,67,69,70,71,72,73,75,76,77,78,80,82,83,86,90,92,93,96,97,98,99,101,103,105,106,108,110,115,116,119,120,121,124,125,126,129,130,132,134,135,136,139,140,141,142,144,145,146,148,149,151,152,155,156,157,160,161,162,165,166,172,177,178,180,182,183,184,185,188,190,192,193,194,197,199,200,201,204,205,208,210,211,213,214,215,216,217,218,220,221,223,225,226,227,229,230,231,232,234,235
24,27,28,31,32,34,35,36,38,39,40,42,43,44,45,46,47,49,50,55,56,57,60,61,62,65,68,72,73,74,76,77,78,79,81,83,84,85,89,90,91,92,93,98,99,100,101,102,103,105,110,111,112,113,114,115,116,117,119,120,121,122,123,126,127,128,131,135,139,140,142,144,146,150,151,152,153,155,156,158,159,160,161,162,163,164,166,167,170,171,173,174,176,177,181,183,184,185,188,192,194,195,196,197,198,200,201,202,205,206,208,212,216,218,219,220,222,226,227,230,231,237,238,239,240
25,26,28,29,30,31,32,33,34,36,37,39,40,41,42,43,45,52,53,54,55,58,63,64,65,66,69,72,74,77,78,79,80,81,82,83,84,85,86,87,88,89,91,92,97,98,99,100,101,111,112,113,116,117,118,119,120,123,128,130,132,135,137,138,140,142,143,147,148,152,155,157,159,160,162,163,165,166,167,169,172,174,175,176,177,180,184,188,189,193,194,196,197,198,200,202,204,205,206,207,212,214,221,223,225,226,227,230,233,234,235,236,238
26,28,29,30,33,35,37,40,42,43,44,45,46,47,48,50,52,53,54,55,57,60,63,64,66,70,71,72,74,75,76,77,79,81,82,85,86,89,90,91,92,93,95,96,98,99,101,102,103,104,106,107,108,109,110,112,113,115,116,118,119,120,122,123,124,125,126,128,131,133,134,138,139,140,141,142,144,145,147,150,151,159,160,163,165,166,167,168,169,172,173,180,183,185,186,187,188,192,193,194,195,198,199,200,202,203,204,206,210,211,215,216,217,218,219,220,221,222,224,225,227,228,229,230,235,236,238,240
27,29,30,31,32,36,37,38,39,40,42,43,45,47,48,50,51,52,54,56,58,60,64,67,70,73,74,75,76,80,81,82,83,85,86,89,90,93,94,95,97,98,99,106,107,109,111,114,115,116,117,121,122,124,128,129,133,134,135,136,139,140,143,144,145,146,150,151,154,155,157,159,160,161,163,164,167,171,172,174,176,178,179,181,182,184,185,186,187,189,193,199,201,202,203,204,207,208,213,218,220,221,224,229,230,233,234,236,238
28,29,30,31,32,35,40,41,42,43,44,47,48,49,50,51,52,53,54,55,56,57,58,59,60,61,63,64,65,66,68,72,73,75,76,77,78,81,82,83,84,85,86,88,89,91,92,93,94,95,97,98,99,100,101,102,103,104,106,107,109,113,114,116,117,119,123,127,129,130,133,134,136,137,141,142,144,145,147,148,149,151,152,153,154,157,158,160,162,163,164,165,166,168,170,174,175,179,181,182,186,189,190,191,196,198,199,200,202,204,207,213,214,215,216,218,220,221,223,226,229,231,232,233,235,237,238,239
29,30,31,32,33,35,38,39,41,42,44,45,46,47,51,52,53,54,56,57,58,60,61,65,71,72,73,74,75,76,80,81,82,83,85,88,91,92,93,96,99,101,103,105,107,108,109,112,114,115,122,127,129,133,134,135,137,139,140,141,142,144,145,146,147,150,151,152,153,158,159,160,161,166,168,171,172,173,174,175,179,181,183,186,191,194,195,196,197,198,201,202,203,204,207,208,213,215,218,219,220,222,225,230,232,234,237,238,239
30,31,32,33,35,37,39,41,44,45,46,47,50,52,53,54,55,57,58,59,64,66,67,71,72,73,77,81,82,83,84,85,86,88,89,90,91,92,94,96,97,99,100,101,103,104,108,109,112,114,115,116,119,120,122,123,125,126,129,130,132,133,134,138,140,141,143,144,145,146,147,149,150,152,153,155,156,157,158,159,160,161,163,164,165,166,167,169,172,173,175,176,177,178,181,183,184,185,186,187,191,198,199,200,201,202,204,205,209,211,214,217,218,219,220,221,222,224,225,226,228,229,232,234,237,238,240
31,32,34,38,39,40,41,43,44,46,48,49,50,51,54,61,62,63,64,65,67,68,69,72,73,74,76,78,79,80,81,83,84,86,88,89,90,91,99,100,104,105,106,108,110,111,112,114,115,116,118,120,122,124,125,126,130,132,133,134,135,136,137,138,139,141,145,148,149,150,152,155,156,158,162,163,164,167,172,174,176,178,183,184,187,189,190,192,193,194,195,196,197,198,199,203,205,207,208,210,211,212,213,214,215,216,217,218,219,223,224,225,226,227,228,230,232,233,235,236,237,238,239,240
32,37,39,41,43,44,45,46,47,48,54,55,56,58,60,61,62,64,66,70,71,73,75,76,77,78,79,82,83,85,86,89,91,96,97,99,101,103,106,109,111,112,114,116,117,118,119,120,123,124,126,127,130,131,132,133,134,136,140,141,142,144,145,146,149,150,152,156,157,159,163,166,168,169,171,174,177,179,180,181,182,183,184,185,186,187,188,189,192,197,198,200,202,203,206,207,208,210,213,215,217,220,221,222,224,227,229,232,234,235
33,34,36,37,38,39,41,44,45,46,48,49,51,54,58,59,60,61,64,66,67,68,70,73,77,78,79,81,83,84,85,86,87,88,89,91,94,96,97,99,100,102,105,106,107,109,111,113,114,117,118,119,121,122,123,125,126,127,128,130,132,137,139,140,141,143,144,145,146,147,148,149,152,153,155,157,158,163,166,167,168,169,170,172,176,177,179,182,183,185,186,187,189,191,192,193,194,195,196,197,201,202,203,205,206,208,209,212,213,214,215,216,217,218,219,220,221,226,228,230,231,232,236,237,240
34,35,36,38,39,40,44,47,48,49,50,51,52,55,56,57,58,59,61,63,64,65,67,68,69,73,75,76,77,81,84,87,88,90,91,92,93,94,95,97,102,104,105,108,110,113,114,115,117,118,119,122,127,128,129,130,131,132,134,135,136,137,138,140,141,145,147,149,153,161,162,163,165,166,167,168,171,173,174,175,176,177,178,182,184,185,190,191,193,194,196,197,198,200,201,202,210,212,213,214,215,218,219,220,221,222,223,224,226,227,228,229,230,233,234,235,237,238,239
35,36,37,39,40,41,42,43,45,46,47,50,55,56,57,60,63,66,68,71,72,75,77,78,79,80,81,82,84,86,87,89,90,91,92,93,98,99,105,108,109,110,114,117,119,120,121,122,124,125,126,127,130,134,136,138,139,140,141,143,145,151,154,155,156,159,160,163,166,167,169,170,171,172,174,175,176,177,179,184,185,186,187,189,194,196,197,200,204,209,210,211,214,216,218,219,222,225,226,227,228,231,232,233,234,236,238,239,240
36,37,38,39,42,43,46,47,49,51,52,55,56,57,58,65,68,69,70,72,75,78,81,83,85,86,88,89,90,93,94,95,99,100,102,103,105,107,108,110,112,114,115,118,120,125,128,131,132,134,135,137,141,144,145,148,154,155,156,158,159,160,162,163,165,167,168,169,171,176,178,180,181,183,185,187,188,189,190,191,193,194,195,196,197,198,199,204,205,206,207,208,209,210,212,213,214,215,216,219,226,227,229,231,232,234,235,236,237,239,240
37,40,44,45,48,49,52,54,55,56,59,62,66,67,68,69,70,74,76,77,80,81,84,86,88,89,91,95,96,98,101,103,105,106,107,108,109,116,118,119,120,121,123,125,126,128,129,130,132,133,135,137,139,140,141,142,143,145,146,148,150,151,153,154,155,156,159,161,163,164,166,167,168,169,170,175,178,181,182,183,184,185,188,190,191,192,196,198,200,202,204,205,207,209,210,212,213,214,215,216,217,218,220,222,223,228,230,231,232,234,236,237,239,240
38,40,41,42,44,47,48,49,50,51,58,59,60,61,62,63,64,67,69,70,71,72,73,74,75,77,79,82,83,86,87,89,91,92,94,97,100,101,102,106,109,110,111,112,113,115,116,117,118,119,120,121,122,125,127,130,131,133,134,135,136,137,139,141,142,143,144,146,147,148,149,151,153,155,156,157,158,164,166,167,169,170,171,174,175,176,179,182,183,187,189,191,192,193,194,195,196,197,200,201,202,203,205,207,209,212,213,215,216,217,218,219,220,221,223,225,228,230,231,236,237,238,240
39,40,44,46,47,48,50,51,56,57,58,61,62,63,65,66,67,69,72,74,75,76,77,82,83,85,87,88,91,95,97,100,102,103,104,106,108,109,110,113,114,116,118,119,122,123,127,128,129,130,131,133,136,138,140,141,143,144,149,150,153,156,157,159,160,161,162,163,165,166,172,173,174,176,177,180,181,184,185,187,188,194,196,197,198,199,200,201,203,206,209,210,211,217,218,219,220,222,223,225,226,228,229,230,231,232,233,234,235,237,239,240
40,41,42,45,46,47,50,51,52,53,54,56,57,60,62,63,68,69,70,71,74,75,77,78,79,80,81,82,83,84,85,86,88,89,90,92,94,95,96,97,98,99,100,101,102,103,109,111,114,118,119,123,126,127,132,133,134,135,137,138,139,140,141,142,145,147,148,150,153,154,155,156,157,158,159,160,161,162,163,164,167,168,171,172,176,177,179,180,181,186,187,188,189,192,193,194,195,196,197,198,199,200,201,204,205,206,207,208,209,210,212,213,219,220,221,222,223,224,225,226,228,231,232,234,238,239
41,44,45,46,47,49,52,53,54,55,56,58,59,62,63,64,66,67,68,72,73,75,76,79,80,83,84,88,89,90,91,92,94,95,98,99,100,101,105,106,108,110,111,112,114,115,119,121,123,124,125,126,128,130,132,133,135,137,138,139,140,143,148,149,151,156,158,159,161,164,165,166,167,170,171,173,175,176,177,178,179,183,186,192,193,194,196,197,198,199,200,201,206,207,208,209,211,212,214,216,217,218,220,221,222,225,226,227,228,229,232,233,234,235,237,239,240
42,43,46,47,50,51,52,53,54,55,58,59,60,62,63,64,65,66,67,68,70,71,73,75,76,78,79,81,82,84,86,88,89,92,93,94,95,97,98,102,105,108,113,115,116,117,122,127,130,131,132,133,134,135,136,137,139,140,143,144,145,148,152,154,157,158,163,165,166,167,173,174,175,176,180,181,182,185,186,187,188,189,191,193,194,195,197,198,201,202,204,205,206,207,208,216,219,223,224,225,229,230,233,234,235,237,240
43,44,47,51,52,53,54,55,56,58,60,64,65,66,67,68,70,72,73,75,77,80,81,82,83,88,89,91,94,95,96,97,98,99,108,109,111,116,117,119,120,123,125,126,127,128,130,131,132,134,135,136,140,142,143,144,147,149,150,152,153,154,155,156,157,158,159,160,162,165,170,173,174,175,176,177,178,179,182,183,185,187,189,190,192,195,201,203,204,206,210,212,214,216,217,218,220,221,225,226,228,229,230,232,233,236,237
44,46,47,48,50,52,56,57,60,61,63,64,66,67,68,70,71,72,73,74,76,81,82,84,86,87,88,89,91,92,95,98,100,101,102,105,106,107,111,112,114,117,119,120,122,124,125,129,130,131,133,134,135,136,137,138,146,148,149,151,155,158,159,160,161,163,165,167,168,169,171,172,175,176,179,180,182,183,185,187,188,190,191,192,194,195,198,201,202,205,209,210,212,213,214,215,216,217,218,219,220,221,223,226,230,232,237,240
45,47,50,52,53,55,58,59,60,61,62,63,68,69,73,74,75,77,78,80,81,82,84,86,87,92,93,94,96,97,98,99,100,102,103,104,106,107,110,111,113,117,119,121,122,123,124,129,130,132,134,135,136,137,138,147,149,150,151,153,154,155,158,159,160,161,163,164,166,167,169,173,174,175,177,179,180,181,183,185,189,191,193,194,195,196,197,199,202,203,204,205,209,210,211,213,214,215,216,219,221,222,223,225,226,227,229,230,231,232,233,235,236,237
46,47,48,49,50,53,54,59,62,64,67,68,71,73,75,76,77,80,81,82,83,84,86,88,90,93,96,97,98,99,100,101,103,104,107,110,112,114,115,116,120,124,125,126,127,129,130,131,132,134,135,138,139,140,141,142,144,145,148,150,151,152,153,154,155,160,161,162,163,164,166,168,170,171,172,173,174,175,177,178,179,181,183,185,186,187,188,189,190,191,192,193,194,198,201,203,204,206,208,209,210,216,219,220,221,222,224,226,227,228,229,230,232,233,234,237,240
47,48,49,50,51,54,59,62,63,66,67,71,72,73,75,78,79,81,83,84,85,87,88,90,91,92,96,98,102,103,104,105,107,108,109,111,112,114,115,116,117,118,124,125,126,128,129,130,131,135,136,137,138,140,142,143,149,150,151,153,154,155,156,161,162,163,164,165,167,168,169,170,171,173,178,179,180,184,185,186,188,190,193,195,196,198,199,200,203,204,205,207,208,209,210,211,214,215,216,217,220,221,223,224,225,226,229,230,233,235,237,238,240
48,49,50,52,53,54,55,56,59,60,61,62,64,70,72,73,74,77,78,80,81,82,84,86,89,91,93,94,96,97,100,101,102,103,104,106,107,108,109,110,112,115,116,120,124,125,126,127,128,129,132,135,138,142,143,144,145,146,147,148,154,155,157,158,159,160,161,164,165,166,169,172,174,176,177,178,179,180,181,182,183,184,185,187,190,191,194,195,196,197,199,202,204,205,206,208,209,211,212,214,220,222,224,225,227,228,229,231,232,233,235,238
49,50,52,53,55,56,57,61,63,64,65,67,75,76,77,79,82,84,87,88,90,92,93,98,99,101,103,104,107,108,109,110,111,112,114,115,117,119,120,124,126,128,131,132,135,137,139,140,141,142,143,146,148,149,150,151,153,154,156,158,159,160,161,162,164,165,166,167,168,169,170,171,172,176,177,179,182,184,185,188,189,190,192,193,194,196,198,199,201,203,204,205,206,207,209,210,212,213,217,218,219,220,221,227,228,229,230,231,232,233,234,235,238
50,51,52,53,55,56,58,60,62,63,64,65,66,70,71,74,77,78,81,83,85,88,89,90,92,93,94,96,97,99,101,103,104,105,106,107,109,111,112,113,114,117,118,121,122,128,129,130,131,132,134,137,138,139,140,144,145,147,149,150,151,153,155,156,157,159,161,162,164,167,170,171,173,175,176,177,178,179,180,182,183,185,187,188,192,194,195,197,198,199,202,203,205,206,208,209,211,213,216,217,219,220,221,229,230,231,232,234,238,240
51,53,55,57,59,60,62,64,65,66,68,70,71,72,73,74,75,76,77,78,79,80,82,83,84,87,89,91,92,94,95,98,99,100,102,104,105,106,107,108,111,112,113,115,116,117,118,119,120,121,124,125,126,127,128,130,131,132,133,134,136,137,138,139,140,141,142,144,145,146,147,148,149,151,152,153,154,155,160,162,163,166,167,170,171,172,174,177,180,181,182,183,184,187,189,192,197,198,199,203,208,209,210,211,213,216,217,218,220,221,222,223,225,228,230,233,235,236,237,238,240
52,54,55,56,57,58,59,61,62,64,65,66,67,69,70,71,76,77,83,85,86,89,91,92,93,94,95,96,97,99,102,103,104,106,107,108,109,115,117,118,119,120,125,126,128,129,130,132,134,135,139,140,141,142,143,144,146,147,148,150,152,154,157,159,160,162,163,164,166,168,170,171,173,176,178,180,183,188,189,190,191,192,193,194,195,198,200,202,204,207,208,213,214,216,217,218,219,220,221,222,224,225,227,228,229,232,234,237,238,239,240
53,57,58,60,61,62,65,67,68,69,71,74,75,76,78,79,81,82,84,86,87,90,91,93,94,95,100,101,102,103,106,107,109,110,117,118,119,120,121,122,123,124,125,126,127,130,133,134,135,137,140,141,142,143,147,155,156,157,158,159,161,162,163,164,165,166,168,174,179,180,181,183,186,187,188,191,192,193,195,197,201,202,204,206,207,208,213,214,215,218,219,220,221,222,223,224,225,226,227,229,230,232,233,234,235
54,55,56,58,59,60,62,65,71,72,73,74,75,77,78,79,80,82,83,86,87,88,91,92,93,94,95,96,99,100,103,106,107,109,110,111,113,115,125,127,129,130,131,134,135,136,137,140,141,142,143,144,147,150,152,155,156,157,159,160,161,162,163,164,166,167,168,169,170,172,174,175,177,178,181,183,185,186,187,188,191,192,193,194,197,198,199,200,203,204,205,206,207,208,209,211,213,214,215,216,217,219,220,221,222,224,225,227,228,230,231,234
55,56,57,59,60,63,65,66,67,69,71,73,74,75,77,78,79,80,82,84,85,88,89,92,93,94,96,97,98,100,103,104,105,106,109,110,111,113,115,116,117,118,119,120,121,124,125,126,127,128,130,131,133,135,136,138,142,143,144,145,146,147,148,149,151,152,153,155,158,159,167,168,169,170,173,175,176,178,179,180,183,185,186,187,191,192,193,196,197,200,201,202,203,204,206,207,208,209,211,212,213,216,218,219,222,226,227,228,229,230,231,234,236,238,239
56,57,61,63,66,67,68,75,77,79,80,81,84,86,88,89,94,95,96,97,98,99,100,101,103,104,106,107,108,109,112,114,115,116,117,118,120,122,123,124,127,130,131,133,134,135,136,139,140,142,143,144,146,147,148,149,153,156,157,159,160,161,165,166,171,173,174,176,178,179,181,183,184,185,186,187,188,190,195,198,199,201,202,203,205,206,210,211,213,214,216,218,219,220,222,225,226,228,233,238,239,240
57,58,63,64,65,69,71,73,74,77,81,82,83,84,88,89,90,94,97,100,101,103,105,109,110,111,112,113,114,119,120,121,124,127,128,133,134,135,136,137,138,140,141,142,143,144,145,146,148,149,151,152,154,155,156,157,158,160,161,162,164,166,167,168,170,171,174,175,177,180,182,183,184,185,188,192,194,197,198,199,200,201,203,206,207,208,210,212,214,215,217,218,219,220,224,229,231,232,234,237,238,239,240
58,61,63,65,66,67,70,71,73,76,77,78,79,82,84,88,89,90,91,92,93,94,95,99,100,104,106,109,111,115,116,117,119,122,123,124,125,127,130,132,134,139,140,141,143,145,146,147,151,152,154,155,158,159,160,161,164,168,169,171,173,176,177,180,181,184,185,186,187,189,190,191,194,195,197,198,200,201,205,207,208,209,210,211,213,215,216,218,219,223,224,226,227,228,229,231,232,234,236,237,238
59,62,63,64,65,67,68,69,70,71,72,73,74,76,77,78,84,86,90,91,93,94,95,96,97,98,99,102,104,106,107,108,111,113,115,117,118,119,120,121,123,124,125,126,127,129,130,133,134,136,142,143,144,146,147,148,149,150,153,155,156,157,158,160,163,165,167,168,169,172,174,175,176,177,178,179,183,185,186,188,189,190,191,193,195,196,199,201,202,203,204,206,207,208,209,212,213,214,218,219,220,222,223,226,229,230,232,234,235,237,238,240
60,62,64,66,67,69,70,73,74,76,77,78,80,82,84,88,91,92,94,95,96,98,101,102,104,105,107,108,109,112,113,116,118,119,120,121,122,124,125,126,127,128,130,131,132,134,138,139,140,141,144,145,146,148,149,155,158,160,161,165,167,168,169,172,173,176,177,178,179,180,182,183,184,186,187,188,189,190,191,196,197,198,200,205,207,210,214,215,217,219,220,221,222,226,228,229,232,235,238,240
61,62,64,66,68,70,73,75,82,83,85,86,89,90,91,92,93,94,96,97,98,99,100,101,102,103,104,106,107,108,109,110,111,114,116,119,124,126,127,128,131,135,136,138,139,145,146,148,150,151,152,155,157,159,163,164,166,167,170,171,173,174,175,176,177,179,181,183,186,187,190,193,194,195,196,198,199,200,201,203,204,206,207,209,210,212,214,216,217,218,219,222,223,225,226,229,230,233,235,236,237
62,63,65,68,70,71,73,75,76,78,80,81,83,84,85,86,88,89,92,93,94,101,105,106,108,109,112,116,118,119,121,122,124,125,126,127,128,131,132,133,135,136,138,141,143,144,147,148,149,150,151,153,154,155,157,162,165,167,168,170,172,173,174,175,178,184,185,186,187,188,189,191,192,193,195,196,199,201,202,204,205,206,207,208,210,212,214,216,219,221,222,223,224,225,226,227,228,230,233,236,237,239,240
63,64,66,67,68,69,72,74,76,79,80,81,83,84,85,88,89,90,91,92,93,97,101,102,104,106,108,110,112,115,116,118,120,121,123,132,133,137,139,140,143,144,145,146,147,148,149,150,153,154,155,156,159,161,163,171,172,173,175,182,184,185,187,190,191,193,198,200,201,203,204,205,208,209,210,213,214,215,216,217,219,220,221,224,227,228,230,231,233,236,237,238,239
64,66,67,68,69,70,71,73,75,76,77,79,80,82,83,86,87,88,90,94,95,96,99,100,101,102,103,104,105,106,107,108,109,110,111,113,114,115,116,117,118,120,121,122,125,126,127,129,130,132,133,134,136,138,140,142,143,144,146,150,151,152,154,157,159,160,161,163,164,165,167,169,175,177,178,180,181,182,183,185,187,188,190,191,193,194,196,198,199,200,203,204,205,206,207,209,211,212,213,216,217,218,220,222,223,226,227,228,229,230,231,233,236
65,67,68,70,71,72,74,75,77,78,80,81,82,83,85,86,90,91,92,94,97,98,99,100,101,104,108,109,111,112,113,114,115,116,117,119,121,122,123,125,126,127,130,132,133,134,135,136,137,140,141,142,143,144,145,146,147,148,149,153,155,156,157,158,159,161,163,166,167,169,170,174,177,180,181,182,183,185,187,188,190,193,194,195,196,199,200,201,202,203,204,205,207,208,209,210,211,212,216,217,219,223,224,226,228,229,230,231,232,234,235,236,237,238,240
66,67,69,70,71,72,73,75,79,80,81,84,86,87,88,91,93,95,97,100,102,103,104,105,106,107,108,110,111,112,113,116,120,121,122,123,128,129,131,133,134,135,138,140,141,143,144,146,149,150,151,152,154,156,158,162,165,166,168,169,172,174,175,177,178,180,182,185,187,189,191,193,196,197,198,200,201,202,204,206,207,208,210,211,212,213,214,215,217,221,222,223,227,228,230,232,233,234,235,238,240
67,69,71,72,80,82,83,84,85,86,88,89,90,91,94,96,97,99,102,103,105,106,108,110,111,116,119,122,123,124,125,127,129,131,133,135,138,140,141,142,143,145,147,150,151,152,153,155,156,157,158,159,162,166,167,168,170,171,174,177,179,182,183,184,188,189,191,192,197,198,203,204,205,206,207,210,211,212,215,216,217,219,220,221,222,223,225,227,228,233,234,235,236,239,240
68,69,72,73,74,78,80,81,82,83,84,87,88,90,91,92,93,96,97,102,103,106,108,109,116,117,118,120,121,123,125,127,128,130,131,133,134,135,137,138,139,140,141,142,144,146,147,149,153,155,157,158,159,160,161,163,164,165,166,167,169,170,172,175,177,179,180,181,182,184,185,187,190,191,192,193,196,197,200,205,206,207,210,211,216,217,218,219,220,221,224,226,227,230,232,234,238
69,70,72,73,74,75,76,77,78,80,81,83,84,86,87,88,89,90,94,96,101,103,104,105,106,109,110,111,114,116,117,118,121,123,125,126,127,128,131,133,135,139,140,142,143,145,146,147,150,151,153,155,156,157,158,163,164,165,168,171,172,173,174,176,177,180,181,182,185,187,188,190,191,192,193,196,199,200,204,210,211,212,213,214,215,217,219,220,221,222,225,226,233,236,237,238,239,240
70,71,72,73,75,77,81,83,84,87,88,93,95,96,100,102,103,105,106,111,113,114,115,117,119,120,121,123,125,129,134,135,136,138,140,141,143,145,146,147,148,150,151,152,153,155,157,158,160,162,163,164,165,166,168,169,171,172,175,176,181,182,183,184,185,187,191,193,196,198,199,200,202,204,205,210,211,212,213,215,221,222,223,226,229,230,231,233,235,237,238,239,240
71,72,73,74,75,76,79,81,83,84,86,88,89,90,91,92,94,95,96,99,100,101,103,105,110,119,121,123,125,126,127,130,131,132,135,137,138,140,141,142,146,150,151,152,157,159,160,161,162,165,166,167,168,169,171,173,179,180,181,183,184,186,188,189,190,193,194,195,196,197,199,200,202,203,204,205,208,209,210,211,212,213,218,223,224,227,231,232,234,236,237,239,240
72,74,76,77,78,81,82,85,86,89,91,93,94,96,97,98,99,100,101,103,104,106,107,110,111,112,113,115,117,118,119,120,121,122,123,125,126,131,132,135,136,137,141,142,143,145,149,151,154,155,156,159,160,161,164,168,171,172,173,174,176,178,179,181,182,183,184,186,192,193,195,199,200,201,202,205,206,209,211,212,213,216,218,219,220,223,226,232,233,234,236,238,239,240
73,74,75,77,79,81,85,88,89,92,93,94,97,99,104,106,108,109,110,113,114,115,116,117,119,120,121,123,128,129,131,132,136,139,140,142,143,144,145,146,147,149,150,151,153,154,156,157,158,159,160,161,162,166,168,169,170,171,174,175,176,177,178,179,180,182,183,186,188,189,190,192,194,195,196,202,203,204,205,208,209,210,211,213,214,215,216,217,218,220,221,223,224,226,228,229,231,233,234,235,237,238,239,240
74,75,77,80,82,83,84,85,86,87,90,92,93,94,95,96,97,98,99,100,101,102,105,107,112,113,114,115,124,125,127,133,135,136,140,141,142,144,147,148,149,153,154,159,162,163,164,166,167,168,170,172,174,176,177,180,182,183,184,186,189,191,192,193,194,196,198,200,203,204,205,206,207,210,211,212,213,214,216,217,218,219,221,223,224,225,226,227,229,233,234,236,238,240
75,77,80,82,87,90,92,94,96,100,102,104,105,106,108,109,110,111,112,114,115,116,117,118,120,121,122,123,125,128,130,132,135,136,137,138,139,140,142,143,144,146,147,148,149,150,152,153,157,158,159,160,161,163,164,169,170,174,176,179,182,184,185,186,187,190,191,192,194,196,198,200,201,203,205,206,210,211,212,214,215,216,217,220,222,223,224,225,226,230,231,233,234,235,236,237
76,78,79,80,82,84,85,86,88,92,94,96,100,101,102,103,104,108,110,111,113,115,118,119,120,121,127,128,131,132,133,136,137,139,142,143,144,145,147,150,152,153,154,156,157,158,159,160,161,162,163,166,168,169,173,174,176,177,178,183,184,185,186,187,189,191,192,193,194,197,198,201,202,203,204,205,206,208,211,212,214,215,216,217,218,219,220,221,222,223,227,228,230,233,234,235,236,238,239,240
77,79,81,85,86,89,93,94,95,97,98,99,101,102,105,106,107,109,111,112,113,114,115,116,117,118,124,126,128,129,130,135,136,138,139,143,146,147,148,149,154,155,158,159,160,162,163,165,166,168,169,171,172,173,174,175,176,178,184,185,186,187,188,189,191,192,193,194,199,200,201,203,204,205,206,208,209,210,212,213,218,220,221,222,224,225,227,228,229,231,232,233,237,238,240
78,79,80,82,83,84,85,88,89,90,93,95,96,98,100,101,102,104,105,106,108,110,113,114,117,119,120,123,124,125,129,132,133,134,135,137,138,140,141,142,143,147,148,149,157,158,159,163,164,165,166,167,169,173,174,175,178,179,180,183,184,185,187,188,189,190,191,192,193,195,197,198,200,201,203,204,207,213,215,217,220,221,224,225,226,229,230,232,234,235,237,239,240
79,82,85,86,87,88,90,92,93,94,95,96,97,98,100,103,104,106,107,109,110,111,112,115,116,117,118,121,122,123,124,127,128,133,135,137,138,140,141,142,143,144,145,148,149,150,151,152,153,154,155,157,161,167,170,172,174,175,176,178,181,182,185,191,194,196,197,198,200,204,205,206,208,209,211,212,214,216,220,221,222,223,225,226,228,229,230,232,233,234,235,236,237,238,239
80,81,83,85,86,87,88,89,91,92,93,94,96,98,99,101,103,105,107,110,113,118,121,125,127,128,129,130,132,135,136,137,138,139,140,141,144,145,146,147,148,150,152,153,154,156,158,159,160,161,162,163,167,168,169,172,173,176,181,182,185,186,187,188,190,192,193,194,195,198,199,202,203,205,211,215,216,217,218,219,222,223,224,227,228,229,230,231,232,233,234,235,236,237,238,239
81,83,84,85,87,89,90,92,93,94,95,98,99,101,103,106,108,109,110,111,112,116,118,119,123,124,125,126,128,130,131,132,136,138,139,140,141,142,143,144,145,146,148,155,157,158,159,164,169,172,173,176,177,179,180,181,182,183,184,186,187,188,189,190,191,192,193,194,197,200,201,202,204,206,208,214,215,216,217,218,219,220,221,223,225,226,227,228,229,232,237,238
82,83,84,85,89,91,95,97,101,102,103,105,107,112,113,115,116,123,128,129,130,132,133,134,135,136,139,140,142,143,144,147,148,151,152,153,155,157,158,160,161,162,165,167,168,169,171,172,173,175,176,181,182,184,185,187,188,189,191,194,195,196,197,198,199,201,202,205,208,209,212,214,216,217,218,219,220,222,223,224,226,227,228,232,234,236,237,239,240
83,87,88,89,90,91,92,93,96,97,98,99,100,101,102,103,106,109,111,113,114,117,118,119,121,122,124,125,126,127,128,129,131,132,133,134,136,138,141,148,149,150,152,153,155,156,161,164,166,167,168,169,170,172,173,174,175,178,180,181,183,185,186,187,188,189,190,193,194,195,197,199,201,202,204,207,208,211,213,214,215,216,217,218,220,221,227,229,230,231,232,233,236,237,238,239,240
84,89,92,93,95,96,97,99,100,102,103,104,105,106,107,109,110,111,113,116,118,120,122,125,127,128,131,133,134,138,140,141,147,148,150,153,156,157,162,163,165,166,169,171,173,174,175,176,177,178,179,180,181,182,183,184,188,191,192,196,200,201,202,203,204,207,208,209,211,214,219,222,223,225,226,227,228,229,230,233,236,238,240
85,88,90,92,93,95,96,100,101,104,106,107,109,110,113,116,117,118,119,122,124,125,126,127,128,131,132,134,136,137,138,139,141,143,144,146,147,148,150,151,152,153,154,157,158,159,160,161,163,164,165,167,169,170,171,172,174,176,177,178,180,181,186,189,190,192,199,201,202,203,205,206,207,211,212,213,214,215,216,218,219,223,224,227,228,229,230,232,233,236,237,238,239
86,87,88,89,90,91,92,94,95,96,97,98,101,102,103,104,105,107,112,113,114,115,116,118,121,123,124,126,132,133,136,138,143,144,145,146,148,149,150,153,154,155,156,160,163,164,165,166,168,170,175,176,177,178,179,182,184,192,196,198,201,204,205,207,209,213,214,215,216,219,220,221,223,224,225,226,227,230,231,232,233,234,235,239,240
87,88,89,90,92,93,96,98,99,100,106,108,109,112,113,117,118,119,120,123,126,127,128,130,132,133,134,135,137,138,142,143,148,149,152,154,155,156,157,159,160,161,163,164,165,168,169,170,171,173,175,178,179,181,183,184,186,187,188,189,190,191,193,195,197,199,200,202,205,206,214,215,216,217,218,219,222,223,225,226,229,231,232,236,240
88,90,91,92,93,96,97,98,99,102,103,105,106,107,108,110,112,114,116,118,120,122,125,126,127,132,133,134,135,136,137,138,142,143,144,145,146,147,148,149,151,152,153,155,156,158,160,161,164,166,168,171,172,173,175,176,177,180,181,183,190,192,194,196,197,199,200,201,202,204,206,209,211,212,217,218,220,221,224,225,226,227,228,229,230,231,232,233,234,235,237,238,240
89,91,92,93,95,96,97,99,100,103,104,105,106,107,109,111,114,115,116,119,123,124,125,127,128,129,130,134,135,137,138,139,140,141,143,145,146,151,153,154,155,157,160,162,164,166,168,169,170,171,172,173,174,175,176,179,180,181,182,183,184,185,187,189,192,194,196,198,199,202,203,205,206,207,208,210,211,214,215,216,220,223,224,225,226,227,228,229,231,232,233,234,235,238,240
90,92,93,94,98,100,101,102,103,104,106,108,111,113,115,116,119,123,124,125,127,131,133,134,136,137,141,142,143,146,147,148,152,153,154,156,157,159,160,162,163,165,166,168,169,174,177,178,180,185,187,188,192,193,194,196,198,199,200,201,202,203,204,205,207,211,213,214,215,216,220,223,224,226,227,230,232,233,234,236,240
91,92,94,96,99,100,103,105,107,108,109,110,111,113,114,115,118,119,121,125,127,129,130,134,137,140,141,144,145,147,151,152,153,156,159,160,162,163,164,165,166,168,169,172,173,176,177,179,181,183,184,186,187,189,190,192,194,196,198,200,204,206,207,209,210,211,212,218,219,223,224,225,226,227,228,229,230,232,234,235,237
92,95,97,98,100,101,103,104,106,107,109,112,115,116,118,119,120,121,122,124,125,126,127,128,129,131,133,134,135,136,138,140,141,143,144,145,146,147,150,153,155,156,158,159,163,165,167,168,169,171,172,173,174,175,177,178,180,181,182,184,186,188,193,196,198,199,200,201,202,204,205,207,208,210,211,212,213,214,215,217,218,226,228,229,233,234,235,236,237,238,239,240
93,97,100,101,102,103,105,107,108,109,111,114,116,117,118,119,120,121,122,127,128,129,130,131,133,134,136,138,141,142,145,147,149,151,153,155,157,158,159,161,164,166,168,169,170,172,176,177,181,182,184,190,191,192,194,197,198,199,200,203,205,206,207,208,209,210,212,214,215,216,218,219,220,222,224,226,227,228,229,230,232,233,237
94,96,98,104,105,107,109,111,112,113,114,115,118,119,121,122,123,124,127,129,130,131,133,135,137,138,139,141,144,145,146,149,150,153,154,155,156,158,159,160,161,163,164,166,168,169,171,172,173,174,176,178,179,181,184,185,186,190,194,195,201,202,204,205,206,207,208,212,213,214,215,216,218,219,220,221,224,226,227,228,229,230,232,233,234,236,237,238,239,240
95,97,98,100,102,105,107,109,110,113,114,115,116,117,119,120,122,123,125,126,127,130,131,134,135,139,140,142,143,145,146,148,149,150,153,154,156,158,163,164,166,167,170,173,175,176,178,180,182,184,187,189,191,192,197,198,199,200,202,203,204,205,207,208,209,210,212,214,215,217,218,220,221,222,223,226,227,231,233,237,240
96,97,98,101,109,110,111,112,114,121,123,127,128,129,130,134,136,137,138,139,140,141,142,145,146,148,149,150,151,152,155,156,159,164,165,166,168,169,170,172,173,174,176,177,178,179,182,184,188,189,192,193,194,196,198,200,205,206,207,208,209,211,212,213,215,216,217,219,220,223,224,225,226,227,231,232,233,235,238,240
97,99,100,101,103,105,107,108,109,111,112,116,118,120,121,123,124,125,126,127,128,130,131,133,134,135,136,137,139,143,144,147,148,149,151,153,156,158,162,164,165,166,167,171,172,173,175,176,177,179,180,181,182,187,189,190,194,195,196,198,199,201,203,204,205,207,209,211,212,213,216,217,220,221,224,226,229,230,231,233,235,236,237,238,240
98,102,103,104,105,107,109,110,111,113,117,118,119,121,122,124,126,127,128,130,131,132,133,134,139,140,141,144,146,150,153,156,157,158,159,160,161,162,164,165,166,168,169,172,175,177,179,180,184,185,189,190,194,197,199,202,204,207,209,210,213,214,217,219,220,221,223,225,227,228,231,232,234,235,236,237,239,240
99,100,102,106,108,109,111,112,114,116,117,118,120,124,125,126,127,128,130,131,132,133,134,135,136,137,138,139,140,141,142,144,145,146,148,149,150,151,154,156,157,158,160,163,168,170,171,172,173,177,178,179,180,181,182,183,184,185,186,187,188,189,192,196,198,199,202,203,206,207,208,210,212,214,219,221,222,223,226,228,230,231,233,234,236,237,238,239
100,102,104,106,107,112,115,117,118,124,125,126,127,129,132,134,138,140,141,142,144,146,151,152,158,159,163,164,166,167,168,169,170,171,173,174,175,177,178,179,182,183,184,187,193,194,195,196,197,198,200,202,204,206,207,209,210,211,212,213,217,218,225,227,228,229,231,232,233,234,237,238,239,240
101,102,103,107,109,111,113,116,117,118,119,122,124,126,127,128,130,132,134,135,136,137,138,142,143,146,147,148,151,152,153,154,156,159,162,163,164,168,174,175,176,177,179,181,182,183,185,186,187,189,190,193,195,196,198,199,200,201,203,205,207,210,211,214,216,217,219,221,222,225,226,227,229,230,231,233,235,236,237,239
102,103,104,107,110,112,113,114,115,116,118,119,122,123,125,127,129,130,131,132,134,138,140,142,143,144,145,147,148,151,154,155,157,160,161,168,169,171,174,175,177,178,180,183,184,187,188,189,192,194,195,200,201,202,203,204,205,206,208,209,211,212,215,216,218,219,220,221,223,224,225,228,231,232,233,234,237,239
103,104,105,106,108,109,112,113,114,116,117,121,122,127,131,132,135,136,138,139,140,141,142,143,144,149,150,152,153,154,156,157,158,159,164,165,166,168,169,170,171,175,176,178,179,187,189,190,193,196,201,202,204,205,206,207,209,211,213,216,217,218,221,223,225,226,227,228,229,231,233,234,235,236
104,105,106,107,108,110,111,112,113,114,115,116,117,119,120,121,122,123,126,128,130,132,133,134,135,136,138,139,140,141,142,143,146,147,150,152,153,154,155,158,159,160,166,170,171,174,179,180,181,182,183,184,189,191,193,196,197,199,203,206,207,208,211,212,214,216,218,220,221,222,223,224,226,227,232,234,235,237,239
105,106,107,109,110,114,115,116,117,118,119,120,121,122,123,125,126,128,129,131,132,133,138,140,142,145,146,147,148,149,150,151,152,153,155,160,163,165,166,167,170,171,172,174,175,176,179,181,182,184,186,189,190,191,192,193,195,197,198,199,200,202,203,204,205,208,210,214,216,217,218,220,222,223,225,227,230,238
106,107,108,110,111,113,115,116,117,120,122,123,124,125,127,128,130,134,135,138,139,140,144,145,149,150,154,155,156,159,162,163,164,165,167,170,171,172,173,174,176,177,179,181,182,183,184,185,186,187,188,189,190,196,197,198,200,201,203,205,207,210,212,213,215,216,223,224,226,227,233,234,238
107,109,110,112,116,117,121,122,123,127,128,130,131,133,134,135,136,137,138,139,147,150,151,152,154,155,156,158,159,161,162,163,164,165,166,167,168,169,171,172,174,175,176,178,180,181,187,188,190,191,192,193,195,199,200,201,202,203,204,205,209,211,213,214,215,216,218,220,222,223,224,225,228,230,231,235,238,239,240
108,111,113,115,116,117,118,120,121,123,124,125,126,127,131,132,133,134,136,137,138,140,141,142,143,144,146,147,148,150,154,155,156,158,159,160,161,164,168,169,170,173,174,177,179,180,184,185,186,190,192,193,194,195,196,201,202,207,212,213,218,222,224,225,230,231,232,234,235,236,237,238,239,240
109,110,111,114,116,117,121,123,124,125,126,128,129,131,132,133,135,136,137,140,143,144,145,147,148,149,150,153,156,157,158,163,167,168,171,173,176,177,178,180,182,184,186,187,188,189,191,192,193,194,197,199,201,202,204,205,206,207,208,210,211,213,214,217,220,223,226,229,235,236,239
110,111,113,114,117,118,119,124,126,127,128,130,132,133,136,138,139,140,141,144,145,149,150,151,152,153,155,156,157,159,160,161,165,166,169,171,172,173,174,175,176,177,179,180,181,182,183,185,186,190,191,192,193,194,195,196,200,201,202,204,205,206,208,209,210,211,212,213,214,216,217,219,221,222,223,224,225,228,229,231,233,234,235,236,237,238,239,240
111,112,114,115,121,122,123,124,125,127,128,129,131,132,133,138,140,142,148,149,150,152,153,155,157,158,161,163,164,166,169,173,174,175,177,178,179,180,181,188,190,192,193,197,198,199,200,201,202,204,205,208,210,211,213,215,216,217,218,219,220,221,222,224,227,229,231,232,233,235,236,237,238,239,240
112,113,114,116,117,122,124,125,126,127,128,129,130,132,134,135,136,137,138,140,141,143,144,145,147,148,149,150,152,155,160,161,162,163,164,165,167,169,170,172,175,176,177,181,182,183,185,186,188,190,192,194,195,197,198,200,201,203,206,214,219,220,224,226,229,231,232,233,234,236,237,238,239
113,115,116,118,120,121,122,123,124,126,128,129,131,133,134,135,138,141,142,143,146,148,151,152,153,157,158,163,164,165,166,167,168,170,171,172,173,178,179,182,183,184,185,186,187,188,189,190,191,192,193,194,195,197,199,201,204,207,209,211,212,214,215,216,217,218,221,223,224,231,232,233,234,235,237,238,239
114,116,118,125,130,132,133,138,140,141,142,143,145,146,147,149,151,153,154,155,157,158,160,163,165,166,168,169,171,172,175,176,177,179,181,182,185,186,187,189,190,191,193,195,196,199,200,201,202,204,210,211,212,213,214,215,217,218,227,228,231,232,233,234,239,240
115,117,118,120,121,122,123,125,127,129,130,131,134,135,136,139,140,142,145,146,147,151,158,162,164,165,169,170,171,173,174,175,178,180,184,185,187,188,189,190,191,192,193,196,200,201,202,203,204,205,207,208,214,215,217,218,219,220,221,223,224,225,227,228,229,230,235,236,239,240
116,118,119,121,123,124,125,127,129,131,132,133,134,135,137,138,140,142,144,145,146,153,154,158,159,160,163,164,165,167,169,170,171,172,175,177,178,179,181,182,183,184,185,186,187,188,191,193,196,197,199,201,205,208,209,211,213,214,217,218,220,221,222,224,226,228,229,231,232,234,235,236
117,122,123,125,132,135,138,140,142,144,147,148,149,150,151,152,153,155,156,158,159,161,162,163,165,166,167,168,169,175,176,177,181,182,183,185,189,190,191,192,193,194,195,196,197,198,199,200,202,205,207,208,209,210,211,212,213,217,219,221,224,226,228,230,232,235,237,238,240
118,120,121,123,125,128,130,131,133,135,137,139,141,142,143,148,149,151,152,153,154,156,157,159,160,163,164,165,166,170,171,173,174,175,176,177,178,182,187,188,189,190,195,196,197,198,200,201,202,204,206,207,208,210,213,214,217,218,220,221,222,224,225,228,229,230,231,236,237,239,240
119,120,121,123,125,127,129,130,132,133,136,137,138,141,145,146,148,149,150,151,152,154,157,158,159,163,164,167,168,169,170,174,175,176,177,178,180,181,183,184,186,187,188,189,191,193,195,196,197,198,199,202,203,204,205,206,208,209,210,211,214,216,217,222,223,224,228,230,231,233,234,235,236,238
120,121,123,124,125,128,129,131,132,133,135,136,137,139,140,142,143,146,147,148,150,152,153,154,156,159,160,161,162,165,169,170,172,173,174,175,176,177,178,179,180,183,185,186,187,189,191,194,195,197,201,203,204,206,208,210,212,214,215,217,219,228,230,234,237,238,239
121,122,123,125,127,128,129,130,131,134,139,140,143,145,150,151,156,157,158,160,161,163,165,166,171,173,176,177,178,181,184,185,186,188,190,191,192,195,196,197,198,201,203,204,205,206,207,210,211,212,217,218,222,223,224,230,231,233,234,237,238,240
122,123,124,126,127,128,129,134,136,137,138,139,140,142,144,145,147,148,151,152,154,155,157,162,163,164,165,168,169,172,173,174,175,177,178,181,184,189,190,193,195,197,199,200,201,202,204,206,208,212,216,217,218,219,223,224,227,229,231,233,234,235,236,237,240
123,124,125,126,127,128,129,130,131,132,133,134,136,138,140,141,142,144,145,147,149,150,151,153,154,156,158,159,160,161,164,165,166,167,176,179,181,183,184,186,188,190,191,192,193,195,196,198,199,201,202,203,205,208,210,211,212,213,217,218,219,220,222,224,226,227,230,231,232,233,235,237,240
124,125,129,130,132,134,135,136,137,138,140,142,144,145,146,147,148,150,151,152,153,154,156,162,165,166,167,168,169,170,171,173,175,176,177,179,181,183,185,186,187,188,189,192,193,197,198,199,204,205,206,208,210,211,212,214,217,218,220,221,222,223,225,226,228,229,232,234,237,239,240
125,126,127,128,129,130,131,133,135,136,137,140,141,142,143,145,147,149,150,151,152,157,158,159,164,165,166,168,169,170,173,174,176,178,180,181,182,183,185,186,187,188,191,192,194,197,198,199,201,205,206,207,208,209,214,215,217,218,219,220,221,222,224,228,229,230,231,233,238,239,240
126,127,128,129,130,133,134,136,137,139,140,141,142,143,145,147,148,150,151,154,155,156,157,158,159,161,162,164,165,166,167,168,170,171,175,178,179,180,182,183,184,189,191,192,194,196,197,198,201,202,203,204,206,210,211,212,213,215,217,219,220,221,223,224,225,226,229,231,233,235,237,238
127,128,131,134,135,136,137,139,140,141,143,149,151,153,154,157,158,160,162,163,164,165,167,174,175,176,177,178,179,180,181,184,187,188,189,190,195,196,197,199,200,202,204,207,211,212,213,214,215,217,219,220,224,228,229,230,231,232,233,235,236
128,130,132,134,137,138,139,141,142,146,147,150,152,153,154,156,157,160,161,164,165,166,167,168,169,170,171,172,175,177,178,179,180,185,188,189,190,191,194,195,196,197,198,199,202,204,207,209,211,212,214,215,217,221,222,223,227,228,229,234,236,238,239,240
129,131,134,135,136,137,141,142,143,146,147,148,150,151,152,156,157,158,163,164,166,168,169,171,172,174,175,176,177,178,179,183,186,188,189,191,192,193,194,196,199,201,202,203,204,206,208,212,215,216,217,219,220,221,222,227,228,229,231,233,234,235,237,239
130,132,138,139,140,141,142,144,147,148,149,150,152,153,154,155,157,158,159,160,162,163,165,167,168,170,173,174,175,176,178,181,183,184,185,188,189,192,193,195,198,200,201,203,208,209,210,212,215,216,217,218,219,223,225,226,228,230,231,232,234,236,237
131,133,134,136,137,138,139,140,141,142,143,145,146,147,153,154,158,159,160,162,163,164,171,172,173,177,178,179,180,182,183,185,186,187,189,191,192,197,198,200,201,204,206,207,208,209,211,212,213,214,216,217,218,219,220,221,222,226,227,228,229,230,235,236,238,239,240
132,134,135,136,137,138,139,141,144,147,150,151,155,156,159,162,165,166,167,168,169,170,171,174,175,176,177,181,182,183,184,185,186,187,191,192,193,196,198,200,202,203,204,207,209,217,218,224,225,226,227,228,230,234,235,236,237,239
133,135,136,137,138,141,143,145,146,149,152,155,156,157,159,160,163,164,165,166,168,171,172,173,175,176,179,181,182,183,184,185,186,190,191,193,194,195,196,197,198,199,200,201,204,205,207,208,209,210,212,213,215,216,218,219,220,223,224,225,226,227,228,230,231,232,235,236,239
134,135,137,138,140,141,142,143,145,148,150,152,153,154,160,161,162,164,165,171,172,174,177,179,180,182,185,186,187,189,190,194,197,198,202,203,205,206,209,216,218,219,220,221,222,225,230,232,233,235,237,238,239,240
135,136,139,140,141,142,144,145,146,147,149,150,151,152,153,154,155,156,158,161,162,165,167,168,169,170,171,172,175,177,178,179,181,183,187,188,189,190,193,194,195,196,198,199,200,201,204,207,209,211,213,216,217,220,221,223,224,228,229,230,231,232,235,236,237,238,239,240
136,137,140,142,144,146,147,148,149,153,154,156,157,159,163,166,167,168,171,173,175,179,182,183,184,189,190,191,192,197,199,200,201,204,206,207,208,210,211,212,213,217,218,220,221,222,223,225,227,229,231,233,235,236,237,239
137,139,142,144,145,147,153,155,157,163,164,165,167,168,170,171,172,173,174,175,178,180,181,184,186,190,191,192,194,196,197,198,200,207,209,211,213,215,218,219,220,221,223,225,226,229,230,234,235,236,239,240
138,139,141,142,144,146,147,148,152,154,155,159,161,163,165,166,169,170,171,172,173,174,178,179,184,185,186,188,190,191,192,193,194,195,196,198,199,200,202,204,206,208,210,214,215,216,217,218,220,222,223,224,225,227,228,229,231,232,235,236,237,240
139,141,142,144,145,147,148,149,151,152,153,154,156,157,159,160,161,162,163,164,166,167,168,170,171,172,174,175,176,177,180,181,185,186,187,188,189,190,191,193,194,195,196,199,200,201,202,205,208,209,211,212,213,215,217,218,220,221,222,224,225,227,229,232,233,234,235,238,239
140,141,142,143,144,147,149,150,151,152,153,156,157,158,159,160,161,163,164,165,167,169,171,172,173,174,175,176,179,180,181,182,185,186,187,188,189,191,193,194,195,197,198,199,200,203,204,205,206,207,209,212,215,218,219,221,223,225,227,231,233,235,236,237,238
141,144,145,146,147,149,151,153,154,157,158,159,161,162,163,165,167,168,169,170,171,173,176,177,178,179,180,182,184,186,188,189,192,194,198,201,203,205,207,210,217,219,220,221,222,226,227,228,236,237,238,240
142,144,146,147,148,149,150,155,156,157,161,163,164,165,167,168,169,171,173,174,180,182,183,185,186,188,189,190,191,192,194,195,196,197,198,199,200,201,202,203,204,205,206,207,208,209,210,213,214,216,217,218,219,223,224,225,226,227,230,231,232,233,237,238,239
143,144,145,147,148,149,150,151,152,154,158,159,161,164,166,167,168,174,175,177,179,180,181,182,183,185,187,188,190,191,194,197,198,200,201,202,204,208,209,210,211,212,213,214,215,217,221,222,223,224,225,227,228,230,232,233,236,238,239,240
144,145,146,148,151,152,153,154,155,156,157,158,159,160,164,166,167,169,170,173,174,175,176,181,182,183,185,187,188,189,191,192,193,195,196,199,203,204,209,211,216,218,219,220,221,222,223,224,227,228,229,230,234,235,236,237,238,240
145,146,149,154,155,156,158,160,161,164,166,168,173,174,175,176,177,178,179,180,182,183,184,186,187,188,189,191,193,195,196,198,199,204,205,210,211,212,213,214,215,217,219,220,222,223,224,225,227,228,229,231,233,234,236,240
146,148,154,155,158,160,163,164,167,169,170,172,173,174,176,177,178,179,180,181,185,186,187,188,189,191,192,194,197,201,203,206,208,209,210,211,212,213,214,215,216,218,222,225,226,228,229,230,231,232,233,234,235,236,239,240
147,148,149,150,151,152,153,154,156,159,161,162,164,166,167,168,175,177,178,181,183,185,188,189,190,192,193,194,195,196,198,199,200,202,203,208,209,210,213,214,215,216,219,220,222,223,226,227,230,231,232,233,234,235,238
148,149,150,151,153,154,155,157,159,160,161,162,163,164,166,169,170,172,173,174,175,181,183,187,188,189,190,192,193,194,196,198,199,200,205,206,208,209,210,211,214,215,216,217,218,219,225,226,228,230,231,233,234,235,236,238,239,240
149,153,154,157,158,159,161,163,164,166,167,169,172,173,174,177,179,181,182,183,185,186,189,190,191,193,194,197,198,199,200,201,203,204,205,207,208,210,211,212,213,216,218,219,221,222,224,225,226,227,229,230,233,234,238,239,240
150,157,158,159,162,163,167,168,169,170,172,176,177,178,179,182,183,185,186,187,189,190,191,200,203,204,205,206,210,212,214,215,219,221,222,223,225,226,227,229,233,235,236,238
151,153,154,156,158,165,166,168,169,170,171,172,173,174,175,177,178,181,182,184,187,189,190,192,193,196,200,201,202,203,205,209,211,212,213,215,216,217,219,220,221,222,223,224,225,226,227,228,235,240
152,153,154,155,157,160,162,164,167,168,170,172,173,174,178,179,181,182,183,184,185,187,188,192,193,195,196,199,201,202,206,208,209,210,212,215,216,217,218,219,222,223,224,228,232,233,234,238,239
153,154,156,157,158,159,160,162,163,164,167,168,169,171,172,173,174,175,176,178,180,181,183,184,185,186,188,189,192,195,197,198,200,201,202,203,205,208,210,212,215,216,217,219,221,224,226,230,231,232,234,235,237,238,239,240
154,156,157,159,160,165,166,168,170,171,172,173,174,175,176,178,180,184,187,188,189,190,192,193,198,199,200,201,204,205,207,208,209,210,214,217,218,219,221,222,225,226,229,231,232,237,239
155,156,160,163,166,167,168,169,170,174,176,177,178,180,181,182,183,185,186,189,190,191,192,193,194,195,196,197,199,200,201,209,212,213,214,217,219,220,221,222,223,224,225,228,230,232,237,238,239,240
156,158,159,161,162,163,168,169,171,173,176,177,180,181,182,183,184,185,187,188,189,191,193,194,195,198,200,201,202,203,204,205,206,211,212,213,214,215,216,217,218,220,225,226,228,229,231,233,234,239
157,159,162,165,170,171,172,175,178,179,181,182,183,184,185,186,188,189,190,191,192,195,197,202,204,206,207,208,209,212,213,214,215,216,217,221,231,233,234,235,237,239
158,160,161,162,163,164,166,169,171,175,177,178,180,181,182,188,189,192,193,194,197,199,200,202,205,208,210,211,212,213,215,216,220,221,222,224,225,226,228,230,231,233,234,235,237
159,160,163,164,166,167,169,170,171,172,178,181,183,184,188,190,191,192,194,195,196,197,198,201,202,203,205,206,207,208,209,211,212,213,216,217,218,222,224,225,226,227,228,229,230,231,233,234,236,238,239,240
160,161,162,163,167,169,170,172,173,176,177,180,182,183,184,185,186,187,188,190,193,194,196,197,200,202,203,204,206,207,208,209,210,212,213,217,219,221,222,224,225,226,228,230,231,234,236,237,239,240
161,163,164,165,167,169,170,171,173,176,178,180,181,182,184,185,187,189,191,193,194,195,196,197,199,204,207,210,212,218,221,223,224,227,229,230,231,232,233,234,235,238,239,240
162,163,164,167,169,170,171,172,176,177,178,180,181,182,183,185,186,189,191,194,196,201,203,206,207,213,216,218,219,220,221,222,224,226,227,228,229,230,231,232,233,234,236,238
163,164,167,169,170,172,173,174,175,176,177,178,179,181,183,184,185,186,188,189,191,196,199,200,203,204,205,206,207,209,210,211,213,214,218,219,220,221,222,223,224,226,227,228,230,231,233,235,236,237,239,240
164,166,167,174,176,177,179,182,183,184,187,190,192,195,196,199,208,210,214,215,218,219,220,221,222,223,226,228,230,231,233,235,236,237,239
165,167,168,169,171,172,173,176,177,178,181,183,184,186,188,190,191,192,193,194,195,196,198,199,200,201,202,205,208,211,213,214,215,217,219,224,226,228,231,232,234,237,238,239,240
166,167,169,171,172,178,180,183,184,185,186,187,188,189,190,191,194,198,199,201,202,204,205,206,207,209,210,213,214,217,221,222,223,225,229,236,237,239
167,168,171,174,176,184,185,186,187,188,189,191,192,194,196,197,199,201,202,203,205,208,211,214,216,219,220,222,223,224,226,227,228,229,230,231,233,235,238,239,240
168,170,177,178,180,181,182,183,184,186,187,188,189,190,193,195,198,199,200,202,203,205,206,208,210,211,212,213,214,216,217,218,219,221,224,225,226,227,228,229,234,235,236,237,238
169,170,171,172,173,174,177,178,181,182,183,184,185,186,188,189,190,192,194,195,196,197,200,202,203,205,207,209,212,215,216,217,218,224,225,229,231,233,234,235,236,237,238,239,240
170,171,172,173,174,175,176,177,178,179,183,184,185,187,188,190,191,193,194,195,196,197,199,200,203,205,206,208,210,212,214,219,220,221,222,225,226,228,229,231,233,234,235,236,239,240
171,173,174,177,178,180,181,182,184,185,186,188,189,190,192,194,197,198,199,200,202,204,205,208,209,210,213,214,215,217,218,221,222,223,227,228,231,233,234,240
172,176,177,180,182,186,187,194,198,201,202,203,204,205,207,210,213,214,215,216,217,220,222,223,224,226,227,228,230,231,233,234,236,237,238,239
173,174,179,182,183,184,185,187,188,189,192,193,194,196,198,199,201,202,203,205,206,208,210,212,213,214,217,218,219,222,224,225,226,229,230,233,234,235,236,237,238
174,175,177,178,179,180,181,182,183,184,185,186,189,190,192,193,194,196,197,198,200,204,206,211,213,214,215,218,220,223,224,225,226,227,228,232,233,235,236,237,240
175,176,177,179,180,181,184,186,188,189,190,194,195,196,197,198,200,201,203,213,214,217,220,221,224,225,229,231,232,233,236,237,239
176,179,180,181,183,188,189,190,191,192,194,196,197,198,199,203,204,205,206,208,209,212,213,215,217,218,222,223,225,227,228,229,232,233,234,237,238,240
177,184,185,187,188,189,190,192,196,197,198,199,204,205,206,208,212,214,215,216,217,218,219,220,221,223,226,227,230,231,232,233,234,237,238,240
178,180,183,184,188,189,192,194,195,197,198,200,201,203,204,206,209,211,213,214,216,219,221,222,223,224,225,226,227,228,230,233,234,236,238,239,240
179,180,181,182,183,184,185,186,187,189,191,192,193,194,195,196,197,198,199,200,204,205,207,208,209,212,213,214,215,217,218,219,220,223,224,227,228,233,235,237,239
180,183,184,186,188,190,196,197,198,204,205,206,208,210,215,218,219,221,222,225,226,227,229,231,232,233,234,237,238
181,182,183,184,185,186,188,191,193,194,196,198,201,202,203,205,206,208,213,214,216,217,218,220,222,226,229,233,234,235,237,240
182,184,185,186,187,188,189,190,193,194,199,200,201,202,203,204,205,206,207,208,210,211,212,213,214,215,216,217,218,219,220,221,222,224,225,226,231,234,235,236,237,238,239
183,184,185,186,188,189,191,194,195,196,197,201,202,203,206,207,209,210,211,216,217,219,220,224,225,228,229,230,232,234,235,236,239,240
184,185,186,188,189,192,194,196,198,199,201,202,203,204,209,212,213,214,215,216,217,218,221,223,224,227,229,230,232,235,237,238,239
185,189,191,193,194,196,197,198,202,203,204,205,208,209,211,213,216,219,221,222,224,230,233,236,239,240
186,188,194,196,197,199,202,204,205,210,213,214,216,217,224,226,227,228,231,233,236,237,238,239,240
187,189,193,194,196,197,203,206,207,210,211,212,213,215,216,218,222,223,224,226,229,230,231,232,233,235,237,239,240
188,190,191,193,194,195,196,197,202,203,205,206,207,208,209,212,213,214,215,216,217,218,221,222,224,226,227,228,229,233,234,237,239
189,190,191,193,194,195,196,197,200,203,204,206,207,210,211,213,215,216,217,219,220,222,224,225,227,228,231,232,233,234,240
190,193,194,196,198,200,202,205,208,213,215,221,222,223,224,226,227,232,233,234,235,236,239
191,196,197,199,200,201,202,207,208,209,212,213,216,218,221,222,224,225,227,228,229,230,233,234,235,236
192,194,195,196,197,198,199,201,202,204,207,208,210,211,213,215,217,218,219,220,221,222,223,224,229,230,231,233,234,235,236,237,239
193,200,201,202,203,206,207,209,210,211,212,214,215,217,218,219,220,221,222,223,225,226,227,229,231,233,234,235
194,195,197,200,201,204,206,207,209,210,216,217,219,221,222,223,224,226,228,229,230,232,234,235
195,200,201,202,205,206,207,209,210,212,213,215,216,217,219,221,223,225,226,227,231,233,234,235
196,197,199,200,201,203,204,205,206,207,208,209,210,211,212,216,217,218,219,220,221,222,225,226,227,234,235,236,237,238,239,240
197,199,201,203,204,205,206,209,210,213,214,218,220,221,222,225,226,229,230,236,237,238,239,240
198,199,200,201,202,203,206,207,208,210,211,212,214,215,217,219,220,221,222,224,225,227,229,232,233,234,235,237,238,239,240
199,201,202,203,205,206,209,210,211,213,214,216,218,221,224,226,227,230,231,232,233,235,237,239
200,201,202,203,206,207,208,209,212,213,214,217,219,220,225,226,229,231,232,234,236,237,238
201,205,211,212,213,215,218,219,221,222,225,227,228,229,231,233,235,236,239,240
202,204,207,208,211,214,215,216,217,218,219,220,221,222,223,224,225,228,229,232,235,236,237,240
203,204,205,206,208,209,210,211,212,214,216,217,218,222,224,225,226,227,228,229,230,233,234,235,236,237,238,239,240
204,205,207,208,210,212,213,217,219,221,223,225,228,229,231,234,235,237,238,239
205,206,208,211,212,213,215,217,221,223,224,226,227,228,231,232,234,237,239,240
206,207,208,209,213,215,216,217,218,219,220,221,223,224,225,226,227,228,230,231,232,238,239
207,209,210,211,212,217,218,219,220,221,222,224,225,229,231,233,236,237,238,239,240
208,209,210,217,218,219,220,223,224,226,227,232,233,234,237,238,239,240
209,210,212,213,218,220,221,222,225,226,227,228,229,232,234,235,236,238,240
210,212,213,214,217,218,220,221,222,223,225,226,227,228,230,231,235,237,238,240
211,212,214,215,217,218,219,222,224,225,226,230,232,234,237,238,240
212,214,215,216,217,218,219,220,222,226,227,229,230,233,235,236,237,239,240
213,214,217,222,223,224,225,226,227,228,233,235
214,215,217,218,219,220,221,227,229,230,231,233,234,236,237,239
215,217,218,219,220,222,223,224,228,230,234,235,236,239
216,219,220,222,223,224,226,227,228,230,231,233,236,237,238,239,240
217,218,219,220,221,222,223,224,225,227,228,229,233,235,236,238
218,221,222,223,227,229,230,231,232,235,236,237,239,240
219,220,221,222,224,225,227,228,231,237,239
220,221,222,223,224,229,233,234,235,236,237,238,239
221,223,224,226,227,228,229,234,236,237,238,240
222,223,225,226,227,229,231,234,235,236,238,239
223,224,225,229,232,235,237,238,239,240
224,227,228,230,236,237,238,240
225,226,228,229,231,232,236,237,238,239,240
226,227,228,231,232,233,234,236
227,231,232,233,234,235,236,238,240
228,229,230,232,233,235,236,237,238,240
229,231,232,234,235,236,239
230,236,238,240
231,232,234,236,237,238,239
232,234,236,238
233,234,237,239,240
234,235,236,238,240
235,238,240
236,237,239
237,238,239
238,239
239
240
