n_nodes:122
n_edges:3383
density:0.45834
0,1,2,8,12,15,17,20,21,22,23,25,27,28,29,33,36,40,47,48,49,50,54,57,58,61,63,64,66,67,68,69,71,73,74,75,76,78,79,82,85,88,89,90,93,94,96,98,99,102,104,105,106,107,108,109,110,114,115,116,117,119,120,121
1,5,6,11,13,16,21,22,27,28,30,32,34,36,37,39,40,41,43,54,55,61,63,65,69,70,73,75,76,77,78,80,81,82,83,84,88,89,90,91,93,94,95,96,99,102,103,104,105,108,109,111,114,115,116,117,118,121
2,7,8,11,12,16,17,18,20,22,23,24,26,30,31,34,36,37,38,39,41,42,46,54,55,56,57,58,60,66,67,69,70,71,73,75,76,80,81,82,83,85,87,89,91,92,96,97,100,101,102,107,109,111,116,120,121
3,5,7,8,11,12,14,16,19,20,21,23,29,30,34,35,36,37,39,40,42,43,45,55,57,60,61,64,67,68,69,77,81,82,83,85,88,89,91,92,93,94,96,97,100,101,102,105,113,115,116,118,121
4,5,6,9,10,11,12,14,20,26,27,29,30,31,33,35,36,38,40,42,45,48,50,52,53,57,58,59,64,67,73,79,81,82,83,84,85,92,93,94,96,98,101,103,104,105,108,109,111,113,119,120,121
5,8,11,12,13,15,17,22,23,24,27,28,31,32,33,36,37,44,45,51,52,55,56,57,60,61,64,65,68,71,74,75,76,81,87,88,89,92,93,96,97,103,104,105,109,110,114,120,121
6,8,10,14,16,19,20,21,22,23,25,29,32,40,43,45,47,49,51,52,54,55,57,59,60,61,62,64,68,69,70,71,73,74,75,77,78,82,84,85,86,87,89,94,95,96,98,99,100,101,104,105,106,109,112,114,117,120
7,10,11,12,13,19,21,22,23,24,26,27,29,30,31,40,44,54,55,56,58,59,61,63,64,65,66,68,71,72,73,74,77,79,84,86,88,89,90,93,94,95,96,100,103,104,105,107,113,114,115,118,119,120,121
8,11,13,14,16,18,20,24,29,30,31,33,34,35,37,38,45,46,47,50,51,52,54,55,57,58,61,62,63,64,65,66,67,69,71,72,75,76,78,80,82,86,88,89,90,92,95,97,98,101,102,103,105,106,108,109,110,112,115,118,120
9,10,11,13,14,15,16,19,24,33,35,36,42,43,44,45,46,49,50,51,52,53,56,57,58,61,63,64,66,67,73,76,79,81,82,86,93,94,95,97,98,99,100,101,102,103,104,108,110,112,113,115,117,121
10,13,15,16,18,19,20,21,22,25,27,28,29,30,32,33,34,35,37,42,43,44,45,46,49,50,51,52,53,56,57,63,64,66,67,68,69,71,74,75,78,79,81,82,84,87,89,91,96,98,99,100,102,104,105,107,108,118,120,121
11,15,16,17,18,19,27,28,31,37,42,48,50,51,56,57,60,61,62,65,66,68,69,70,71,72,73,77,78,85,86,87,88,89,92,94,95,96,101,102,103,106,108,109,110,113,115,116,117,118,119
12,13,15,18,20,21,24,30,31,32,33,34,38,41,42,46,47,48,50,51,53,55,58,59,61,62,65,67,69,72,77,80,82,83,85,88,91,92,93,94,96,97,99,102,103,104,107,108,109,113,115,116,117,120,121
13,16,18,20,23,24,26,27,28,29,32,34,35,39,40,42,43,45,47,48,49,50,51,52,53,55,58,60,61,64,69,75,77,80,81,83,84,87,88,91,92,94,96,102,103,107,109,110,115,118,119,120,121
14,16,17,21,22,23,25,31,35,36,37,40,41,42,44,45,47,48,50,51,57,58,59,60,63,65,66,68,70,72,76,78,79,82,84,86,90,93,95,97,99,100,102,103,111,113,118,119,120
15,20,21,22,23,24,25,28,29,30,34,35,42,43,44,45,49,50,51,53,55,56,60,61,62,63,69,70,72,75,82,86,87,90,91,92,94,95,97,99,100,101,103,106,108,110,111,113,114,116,117
16,18,19,22,26,29,30,32,34,38,39,43,44,46,47,49,50,52,53,55,57,59,60,62,65,66,68,69,76,77,79,87,90,95,97,98,99,101,103,105,106,108,109,110,112,116,117,119
17,18,19,20,23,24,27,31,32,33,35,38,39,40,41,42,47,48,49,50,51,53,56,67,68,69,71,75,77,78,79,80,83,84,85,88,90,91,93,98,104,105,107,108,109,112,117,119
18,22,28,29,32,35,36,38,39,42,43,44,47,53,56,58,63,64,66,67,71,74,75,79,81,82,83,84,85,87,88,90,91,93,97,98,100,103,105,106,109,111,113,115,116,119,121
19,64,65,66,68,72,77,107,20,92,87,24,26,27,81,30,31,80,98,35,100,37,38,39,41,43,44,45,111,115,53,54,105,121,60,102
20,22,25,26,27,30,31,33,34,35,36,38,39,40,41,44,45,49,51,55,56,63,65,66,69,73,75,76,78,79,80,82,83,84,85,86,89,92,95,99,100,101,104,106,111,114,116,117,119
21,24,25,28,29,31,32,33,36,37,38,41,43,45,46,47,49,51,53,54,56,58,63,67,71,77,78,82,84,86,89,90,91,93,101,103,104,108,109,110,111,113,115,116,117,118,119,120,121
22,25,27,28,30,36,37,38,40,42,53,55,59,60,61,62,66,67,69,70,73,74,76,83,87,91,93,94,95,98,99,100,102,103,104,105,106,108,114,115,116,118,120,121
23,24,25,29,30,31,32,34,38,39,42,45,50,51,52,55,56,57,58,59,60,61,63,64,65,72,75,77,79,82,84,86,90,96,99,101,102,103,105,107,108,109,110,111,112,113,118
24,26,29,31,40,41,42,43,49,50,51,54,55,57,58,61,62,63,64,67,69,71,74,76,78,79,82,83,85,90,91,94,97,99,100,103,104,106,108,112,114,115,116,117,118,121
25,27,28,29,32,34,37,38,39,44,47,48,49,52,55,56,60,61,64,67,68,69,70,71,72,73,75,76,77,79,80,84,86,87,88,92,94,96,97,98,104,105,106,107,109,110,111,114,116,120
26,27,28,29,30,37,38,39,42,44,46,47,49,50,51,52,53,55,59,62,63,64,69,71,72,74,77,79,80,88,91,95,96,97,99,101,104,105,110,112,113,114,115,118,119,121
27,29,30,31,33,34,37,38,42,43,46,51,53,57,67,69,70,73,76,79,80,83,84,86,94,96,97,99,100,102,104,105,107,109,116,118,119,120
28,31,32,36,38,42,43,44,46,48,53,55,56,59,65,67,68,70,72,76,77,78,79,83,85,86,88,93,94,96,100,102,103,104,109,111,113,115,119,120,121
29,30,31,33,38,42,45,47,50,51,53,61,62,65,67,71,72,73,75,79,80,82,83,84,85,87,93,94,95,96,98,104,107,108,109,110,111,112,114,116,117,120,121
30,33,35,38,40,41,44,47,48,49,50,51,53,55,57,62,63,64,67,68,69,70,72,76,77,78,80,82,84,88,91,94,96,97,98,99,100,101,103,106,108,110,114,116,117,118
31,33,36,37,38,40,41,44,46,48,49,51,54,55,57,59,66,68,69,72,74,75,76,81,82,83,87,89,95,96,97,100,103,105,106,107,108,109,110,111,112,114,115,118,121
32,34,37,39,40,41,42,43,52,53,56,57,58,59,60,61,67,68,72,73,74,75,77,78,79,80,82,84,85,86,88,91,93,94,96,97,103,106,108,109,110,111,114,116,117,118,121
33,36,37,38,39,42,47,48,52,55,56,59,60,63,69,71,75,76,78,80,84,85,90,91,96,97,101,103,108,109,111,112,118,121
34,36,39,42,43,44,45,47,50,52,53,56,57,60,61,62,63,64,70,72,73,74,78,80,81,84,86,87,90,93,96,99,101,103,104,106,107,108,111,112,113
35,37,38,42,43,47,48,49,53,55,58,62,63,64,68,71,73,75,80,84,85,87,88,90,91,96,97,98,101,103,106,111,112,113,116,120,121
36,37,39,41,43,46,48,49,55,57,61,66,68,70,73,74,76,80,81,82,83,84,86,88,89,90,91,92,93,95,101,105,107,112,113,114,115,116,118,120
37,38,39,41,45,46,49,50,55,56,59,60,61,62,65,68,72,73,75,76,78,80,82,83,86,87,88,91,96,98,99,102,106,107,111,112,115,116,117,119,120
38,40,41,46,48,49,50,51,55,64,70,73,79,81,82,87,89,90,93,96,97,99,102,104,105,107,108,113,116,118,119
39,41,43,48,49,51,53,56,57,58,59,61,63,64,65,66,83,87,89,90,91,92,94,95,97,99,111,112,113,114,116,117
40,47,48,50,53,54,61,62,63,64,66,67,69,72,79,80,81,82,83,91,93,96,100,104,107,110,113,114,119,121
41,44,46,49,50,52,53,59,60,62,66,68,70,71,73,74,76,77,78,80,81,84,85,88,90,92,98,99,100,101,102,104,108,109,112,115,116,118,119
42,43,44,45,48,49,52,55,57,61,65,69,70,73,78,79,80,82,83,84,86,90,94,97,105,107,108,110,116,119,120,121
43,46,47,49,50,54,57,58,60,62,63,67,68,69,72,73,75,76,77,78,79,82,83,85,88,93,94,95,96,97,104,105,106,108,111,118
44,45,47,49,57,58,59,64,65,66,67,70,71,75,76,81,85,86,91,92,100,102,105,106,110,112,113,114,116,117,118,119
45,48,49,52,55,57,58,61,62,63,69,71,73,75,76,79,80,82,83,89,93,95,97,100,101,103,106,110,113,118,120,121
46,47,48,51,52,57,59,62,64,66,67,68,73,74,75,78,81,84,85,86,89,91,92,95,96,97,98,99,100,101,102,103,104,105,108,110,112,114,115,116,119,121
47,51,56,57,63,65,66,67,73,75,76,77,78,86,89,95,97,98,99,101,105,106,111,112,113,114,115,117,121
48,49,50,54,58,59,60,67,69,70,72,73,74,75,82,85,86,88,89,90,92,94,95,97,101,103,104,105,107,108,112,116,117,119,120,121
49,51,55,57,60,63,69,70,71,72,76,78,79,82,84,85,86,87,89,91,92,95,96,99,108,110,111,116,117,118,119,120
50,57,58,63,64,66,67,68,69,71,72,74,75,76,78,80,81,84,87,91,92,94,96,99,100,101,103,105,107,110,114
51,53,54,55,59,61,63,65,66,68,70,75,76,77,79,80,81,82,92,93,96,98,102,107,108,109,110,111,112,113,117,118,120,121
52,55,56,57,58,60,61,63,64,67,68,71,72,75,78,79,86,87,90,91,93,95,97,101,102,104,118,119
53,54,55,56,57,58,59,60,64,65,68,70,71,73,76,77,78,79,86,92,93,97,100,102,103,104,108,109,110,112,113,115,117,118,119,121
54,55,57,63,65,66,67,68,69,70,71,72,76,78,79,81,82,85,89,90,93,98,100,101,102,103,107,108,111,114,116,121
55,57,60,64,66,68,69,70,71,74,75,76,77,80,81,85,94,95,97,98,101,108,109,110,111,112,116,117,118,119,120
56,60,61,63,65,66,68,70,71,73,74,75,76,78,79,81,83,89,92,95,98,103,104,105,107,108,109,110,111,112,114,116,117,121
57,61,63,64,66,67,68,71,73,75,77,81,82,85,86,88,90,95,96,98,106,108,113,115,116,117,118,120
58,59,60,61,63,65,66,70,73,76,77,79,80,81,82,84,90,91,92,95,104,105,106,107,108,111,112,114,117,118,120
59,61,63,65,66,67,69,70,71,72,73,74,75,76,77,79,81,82,83,85,86,89,90,91,95,96,97,100,102,103,104,105,107,109,110,111,114,116
60,62,63,64,69,70,80,82,84,87,88,90,92,94,95,97,98,101,104,106,107,108,112,116,118,119,120
61,62,63,68,69,76,77,78,79,82,84,86,87,88,89,93,96,97,98,99,102,103,104,109,110,113,115,118
62,63,65,66,67,69,70,72,73,75,76,77,79,81,82,88,89,90,91,92,95,97,99,106,109,110,112,117,118,119,120,121
63,66,67,70,75,77,78,79,80,83,85,88,89,92,94,97,98,100,103,109,111,112,116,117,118,119,121
64,66,68,70,75,77,80,83,85,90,91,92,93,95,101,103,104,107,111,116,119,120,121
65,68,69,70,72,76,79,80,85,86,87,88,89,91,98,103,105,106,107,108,109,111,112,114,119,121
66,67,72,73,74,75,76,77,78,79,83,84,86,87,90,92,93,94,96,99,101,103,104,105,106,107,108,110,111,112,115,118,119
67,71,72,73,76,77,78,79,82,85,86,87,90,92,95,98,107,109,111,112,116,118,119,120
68,70,71,73,74,76,77,80,85,86,88,89,90,95,98,101,105,107,108,110,112,115,118,119,121
69,72,75,76,77,78,79,82,86,90,91,102,103,104,107,108,109,112,116,117,121
70,72,73,74,76,82,84,85,86,92,93,94,97,101,102,103,109,111,112,113,115,116,117,121
71,73,74,75,78,79,82,87,91,92,94,95,96,97,98,100,102,103,106,107,108,111,114,115,116,121
72,74,76,77,79,82,84,86,90,91,92,93,94,96,99,100,105,106,108,110,111,112,113,114,118,119,120
73,76,79,83,85,86,89,93,94,95,96,98,99,103,104,105,108,110,111,112,113,114,115,119,120,121
74,75,76,78,82,85,89,92,93,94,99,102,104,105,106,107,110,111,113,114,116,118,119,121
75,76,78,79,80,81,82,84,86,89,91,92,93,94,95,96,97,100,102,103,108,109,110,111,112,115,117,118
76,80,84,85,87,91,92,93,95,96,98,100,101,104,106,112,114,117
77,79,84,88,89,93,94,103,106,107,110,111,113,114,115,116,117,119,120
78,79,80,82,83,85,86,89,90,93,96,97,101,103,104,107,110,111,112,113,114,116,120
79,80,81,83,90,92,93,97,98,102,103,106,108,109,110,112,113,114,118,120,121
80,81,87,91,92,94,97,102,106,108,112,114,116,117,118,119,120
81,82,83,84,86,87,89,91,93,95,96,98,102,103,106,107,110,113,114,119,120,121
82,83,86,88,89,92,94,98,100,101,103,106,108,111,119,121
83,85,87,88,92,93,97,98,100,101,102,103,106,110,112,114,117
84,87,88,90,93,98,100,101,102,103,104,108,110,111,113,115,117,118,119,120
85,87,88,90,96,99,100,103,104,105,106,109,111,115,116,117,118,119,121
86,88,89,93,94,96,98,99,100,103,104,106,110,112,117,118,119,121
87,88,91,94,96,98,99,101,103,104,105,106,107,108,111,113,114,117,118,119,120,121
88,92,93,94,95,96,97,99,100,107,109,111,113,114,115,118,119,120
89,90,91,93,96,102,103,111,113,115,118,119
90,91,92,93,94,95,98,99,101,102,103,106,107,108,110,111,112,113,117,118,120,121
91,93,95,96,98,99,100,101,103,105,106,110,111,117,119,120,121
92,93,95,96,97,98,99,102,104,106,107,110,112,115,118,119,120
93,94,95,96,97,99,100,106,109,115,117,120
94,95,96,100,102,105,109,113,115,116,119,120
95,102,105,108,111,112,114,115,117,118,119,120,121
96,98,99,101,103,104,105,109,110,116,117,118,121
97,98,101,103,112,113,114,115,120
98,106,108,112,113,114,115,116,117,118
99,101,102,103,108,110,112,113,114,115,117,119
100,101,102,109,111,113,114,115,117
101,103,106,108,113,116,118
102,107,108,109,110,113,115,116,119,120
103,107,108,109,110,114,117,119,120
104,108,115,118,119
105,106,107,114,117,118,120
106,108,109,111,112,114,116,119
107,109,112,114,115,117,118
108,110,116,118,120,121
109,112,119
110,112,117,118,119,120,121
111,112,113,117,120
112,113,114,116,121
113,114,115,118,119,120
114,117,121
115,118
116,119,120,121
117,119,120,121
118,119,120
119,121
120,121
121
