n_nodes:248
n_edges:6324
density:0.20648
0,192,2,3,11,141,14,60,22,155,31,163,165,38,169,43,176,49,54,55,59,188,189,215,64,194,139,196,200,202,77,208,81,211,142,87,88,217,92,93,225,231,105,234,109,110,61,245,118,123,124,126,213
1,128,107,9,139,142,19,20,22,23,152,154,163,36,167,45,177,52,181,183,184,58,59,62,64,193,194,68,197,199,200,75,76,83,227,93,223,226,99,101,232,106,39,111,112,115,116,234,124,125
2,192,130,150,8,9,138,11,12,142,144,20,22,25,27,28,32,161,39,169,44,175,172,180,236,55,56,64,67,69,200,201,183,204,184,79,81,82,212,220,93,94,224,98,99,107,108,210,110,241,243,116,245,120,122,126,127
3,128,131,9,11,12,141,14,237,145,147,20,25,154,29,31,167,45,46,49,179,180,53,185,186,59,188,62,63,65,195,69,70,75,79,80,86,89,219,222,208,232,234,108,109,115,116,247,123
4,193,66,179,69,134,199,8,229,74,203,140,13,141,80,81,18,85,150,87,153,90,207,95,133,227,101,146,145,168,108,50,173,176,200,114,51,118,55,241,57,59,189
5,130,135,137,10,224,12,13,20,22,23,26,27,154,159,33,165,38,49,169,174,48,177,51,94,183,59,62,193,70,203,77,86,216,91,220,93,222,96,99,230,231,115,117,118,120,123
6,130,133,8,11,15,17,18,19,148,151,156,30,35,70,241,172,50,175,178,181,182,55,59,189,65,66,139,198,71,75,207,83,84,213,143,223,98,228,105,107,146,239,240,113,245,121
7,230,179,69,211,199,72,137,139,98,78,207,82,19,110,150,151,90,156,93,231,97,34,228,102,38,103,40,188,170,43,46,221,49,50,83,244,183,120,123,124,189,127
8,128,133,136,15,16,145,146,148,23,24,239,158,34,165,38,40,169,172,47,177,178,179,52,30,182,180,60,61,62,53,195,197,70,71,119,78,79,82,227,212,206,88,97,226,99,228,166,103,233,235,108,110,189,245,41,124
9,133,129,139,13,142,15,146,148,235,154,28,33,34,163,37,38,40,41,45,48,54,184,186,189,62,63,64,224,66,195,202,208,81,212,214,217,92,96,226,228,101,102,231,107,108,237,240,113,114,122
10,128,131,137,138,139,12,141,15,17,151,152,25,156,160,162,166,167,46,177,181,54,201,57,191,32,66,49,197,73,204,80,83,85,87,217,90,92,93,224,208,227,104,107,238,112,114,211,235,118,119
11,193,133,70,243,145,183,140,13,206,144,120,19,212,149,224,154,91,28,29,81,32,33,27,165,103,220,170,231,172,47,147,116,245,55,56,59,124,190,247
12,130,135,19,21,22,152,26,157,158,48,34,36,38,39,168,46,176,180,30,183,52,59,60,138,53,65,66,67,199,194,204,205,211,88,92,224,226,227,100,231,104,108,109,110,111,113,243,244,245,119,124
13,135,140,143,145,18,147,148,21,151,24,155,28,160,161,162,35,241,169,44,45,174,49,178,52,181,238,184,185,191,66,245,196,199,204,74,203,76,78,82,213,86,215,92,93,96,98,99,233,107,146,110,113,115,116,117,247,120
14,65,66,68,193,226,204,77,239,208,17,107,20,85,150,23,152,103,221,240,31,224,225,34,228,102,39,40,43,109,238,111,48,113,242,51,53,247,148,122,188,149
15,130,179,226,22,233,145,146,20,21,150,25,153,26,28,157,30,231,163,134,167,220,174,46,50,51,181,219,185,187,191,65,72,201,224,207,209,211,214,90,91,92,93,94,96,97,98,100,17,105,103,236,111,240,115,117,119,121,122,126,127
16,132,133,138,215,147,21,152,26,27,157,159,160,161,34,91,45,48,177,155,59,60,192,65,67,246,70,199,72,202,203,212,214,87,219,92,222,224,195,103,232,106,112,242,118,119,136
17,223,133,236,139,145,146,152,157,197,34,163,37,166,168,170,172,46,48,49,50,59,62,64,193,67,69,71,78,80,84,87,216,217,143,95,226,228,103,233,108,238,239,112,243,116,117,118
18,128,130,131,137,139,194,143,19,27,156,157,161,49,206,177,179,53,57,181,66,69,70,72,205,78,80,209,82,85,87,88,89,218,91,92,94,229,98,227,101,103,107,114,119
19,135,143,20,149,26,159,33,34,38,167,169,170,174,48,177,180,182,55,187,189,190,192,65,72,205,79,80,211,89,220,221,97,98,100,101,234,46,109,238,111,112,113,116,118,200,126
20,128,132,129,215,140,141,146,22,24,153,28,157,158,32,161,38,168,41,135,173,46,47,49,50,54,55,56,59,188,189,63,64,65,194,195,198,199,201,76,207,210,87,218,220,93,222,224,99,100,231,104,106,107,236,110,239,232,114,115,116,169,120,234
21,51,134,136,139,147,148,24,154,31,219,164,167,169,42,43,173,179,53,202,59,188,61,62,191,193,195,196,181,204,74,60,78,207,83,213,86,89,91,92,227,104,105,234,39,110,232,247,120,121,122
22,132,128,140,130,144,147,150,26,156,160,161,162,37,223,180,53,57,59,245,198,32,70,77,79,211,212,214,215,89,219,93,95,97,228,102,107,236,237,111,114,243,116,117,122,123,125,127
23,137,138,139,140,144,147,151,154,27,29,31,163,36,38,42,175,48,50,179,53,55,184,185,190,191,192,195,196,198,199,200,75,76,206,82,84,217,220,94,96,225,102,239,241,212,122,170,126
24,130,134,209,142,150,152,196,218,30,35,164,166,167,169,170,172,50,179,158,182,183,187,61,191,195,68,70,71,72,74,203,204,205,206,207,80,81,87,217,90,93,223,226,227,103,232,234,112,113,117,118
25,96,134,71,194,129,160,219,141,142,216,82,163,213,87,152,207,211,94,159,32,226,99,100,38,103,104,233,199,44,109,232,242,179,52,245,54,56,121,59
26,192,139,140,46,153,155,156,32,33,35,36,210,43,173,174,181,201,56,187,188,189,190,64,65,195,196,197,70,200,205,206,82,212,214,88,93,99,60,107,236,109,112,241,243,244,246,122
27,67,132,71,72,140,237,209,195,139,149,197,196,179,155,29,158,31,34,227,166,103,242,178,43,109,239,240,114,115,190,183,60,62,63
28,43,138,140,130,188,149,152,154,33,37,166,241,40,41,171,175,178,180,181,182,59,60,62,66,67,246,194,74,205,208,211,212,86,88,90,97,101,195,231,105,106,235,237,239,240,168,116,118,120,122,123,125,126
29,64,160,69,97,73,226,142,171,149,86,216,91,203,234,95,133,33,162,101,103,168,106,167,159,45,47,114,179,116,117,120,57,59,170,190,245
30,137,138,139,146,147,152,153,154,48,35,37,169,42,173,174,176,179,180,55,185,186,61,194,67,197,140,202,204,78,207,84,85,86,87,58,222,101,104,105,240,232,242,120,123,126
31,193,147,133,198,202,75,179,152,131,84,154,88,89,90,93,222,214,162,164,230,103,232,178,108,173,238,111,240,114,51,54,184,186,59,190,149
32,129,132,216,238,161,36,37,38,170,43,45,176,178,181,184,185,186,60,61,190,191,64,66,195,197,74,203,78,80,56,210,84,85,88,220,58,222,96,208,231,236,110,240,62,247,121,123,125
33,128,135,136,145,150,163,36,169,42,44,45,174,176,51,183,184,60,65,194,67,197,70,71,73,203,76,77,206,80,209,139,85,215,91,93,222,223,100,101,103,105,108,111,242,115,246,121,122,123
34,129,130,131,132,134,139,235,152,154,231,167,168,220,43,172,45,175,200,178,51,52,56,187,188,192,193,68,70,71,72,83,215,88,91,92,93,222,96,225,226,103,242,39,236,240,113,221,211,244,117,121,122,127
35,201,133,135,137,138,140,145,150,151,157,214,162,134,166,40,169,170,173,50,51,180,183,184,185,187,188,61,63,194,195,197,198,199,73,80,83,84,86,215,94,211,225,227,104,60,234,237,110,240,168,115,244,247,121,232
36,130,235,132,133,136,146,152,153,164,37,39,42,177,50,180,181,55,60,191,64,66,72,203,77,80,209,84,86,218,222,225,99,100,229,103,104,107,242,115,244,246,123,200,127
37,129,130,132,230,147,46,217,162,163,164,165,38,39,168,41,170,174,50,51,53,54,137,185,186,189,193,70,200,247,204,207,209,82,89,219,221,94,229,224,98,228,101,102,103,233,231,237,238,240,241,114,117,119,126,166
38,134,138,142,144,146,149,150,151,155,156,157,164,166,170,44,48,177,57,186,59,189,190,72,201,207,210,85,153,90,220,221,94,96,225,98,230,103,239,240,115,119,120,121
39,132,134,129,137,149,51,161,162,169,42,43,142,47,48,177,179,182,185,59,69,199,73,202,207,213,86,217,218,91,93,97,227,230,106,235,109,239,113,244,120,121,234,85
40,129,132,133,138,148,149,154,158,159,214,176,165,41,173,47,48,177,178,180,54,191,64,65,194,68,69,70,71,201,224,79,80,209,82,83,213,86,92,221,94,96,105,106,210,110,111,238,114,118,119,121,126
41,130,68,197,75,76,209,238,151,88,89,155,186,159,246,219,228,221,156,170,46,47,112,177,140,179,180,189,247,84,122,123,61,215,63
42,130,131,178,228,201,236,141,207,144,209,210,87,100,220,93,159,247,163,165,166,208,109,114,180,94,246,119,213,57,95,188,189,190,181
43,140,237,147,151,197,244,164,165,171,173,48,182,55,56,57,186,202,224,54,71,74,207,82,83,212,85,215,219,220,95,96,99,102,105,107,236,210,238,111,112,241,114,115,116,245,246,120,125,126,127
44,65,67,196,69,162,72,137,138,140,79,124,82,188,85,218,89,90,93,159,160,98,163,230,105,171,238,47,48,189,114,181,54,233,56,221,60,125
45,132,138,239,216,146,131,149,152,155,156,158,169,46,175,179,180,55,58,189,63,195,197,204,210,84,213,87,88,218,223,225,229,47,106,111,240,115,116,117,246,212,125,126
46,136,139,141,144,147,151,47,157,180,166,49,175,177,243,52,54,183,185,61,191,193,67,198,199,74,203,77,208,82,88,219,94,223,226,229,230,105,108,239,112,114,123
47,135,195,149,150,155,162,163,174,157,48,49,178,56,57,58,60,61,190,63,67,72,73,203,204,77,208,210,88,89,90,93,229,167,120,218,126,127
48,128,171,136,155,161,165,220,170,50,179,186,137,58,191,192,194,67,70,71,202,80,81,82,83,87,216,92,93,222,211,224,97,100,230,145,232,106,108,109,239,113,221,115,244,121
49,129,130,147,152,133,162,164,165,167,171,172,173,175,232,182,201,186,189,194,68,70,200,73,202,83,218,92,227,229,104,233,106,235,238,113,244,117,118,123
50,128,130,140,149,153,162,176,178,181,219,201,184,188,62,191,64,195,68,197,198,73,75,208,210,211,212,143,92,222,97,98,100,231,105,234,245,247,121,122,63,124
51,135,145,154,155,160,162,221,179,184,244,188,192,194,72,76,204,80,82,237,90,92,93,223,228,101,230,104,235,108,109,112,114,115,116,117,120,122,124,127
52,135,137,236,143,222,151,161,163,165,169,174,178,181,182,183,56,187,192,66,197,198,72,203,204,141,209,82,213,217,218,93,94,59,100,101,106,108,114,115,117,246,120
53,137,215,141,150,153,158,163,165,170,199,175,177,54,55,56,61,245,65,195,196,197,198,71,72,74,75,204,78,207,80,209,83,87,91,110,238,117,246,125,126
54,130,131,133,140,238,146,147,174,151,182,137,185,168,188,138,64,193,194,197,199,201,55,204,210,212,214,90,223,96,226,229,230,106,235,110,113,114,124,126
55,129,133,142,132,239,163,165,168,171,184,186,189,190,245,67,197,72,201,74,75,78,207,208,84,216,91,224,227,230,103,232,233,107,109,110,111,112,243,244,62,122
56,131,138,141,239,147,155,218,160,162,167,176,177,178,182,61,190,64,195,197,199,72,75,205,78,207,82,211,90,220,224,226,103,105,234,210,111,115,116,245,247,120,127
57,98,134,136,140,151,160,167,182,59,60,202,63,193,67,197,198,96,74,77,78,80,216,217,223,224,226,99,166,102,231,104,105,106,238,111,112,241,243,244,247
58,66,67,135,136,137,74,183,175,78,190,80,237,84,203,215,111,94,97,226,163,158,166,102,233,193,231,236,112,200,212,119,185,122,202,126,245
59,128,142,145,147,218,158,162,165,170,199,174,175,178,179,181,182,159,189,224,194,195,71,200,202,226,207,209,227,84,90,221,96,225,98,187,166,114,245,122
60,132,135,138,215,142,143,147,218,154,160,193,167,156,170,172,173,223,180,182,186,187,61,62,63,195,196,200,205,81,163,87,90,92,95,227,100,229,209,104,231,110,239,232,211,120,123,124,125
61,131,140,152,165,170,171,175,177,178,183,186,181,193,195,198,71,73,74,226,206,207,209,84,86,87,88,91,220,222,96,97,98,101,230,109,239,241,244,119,136
62,142,137,159,161,162,163,166,170,171,172,175,155,183,185,186,190,63,65,196,69,70,200,202,204,78,79,80,206,86,87,217,152,219,220,94,227,232,233,106,236,239,240,120,123,125,213
63,129,133,134,138,141,143,144,146,131,155,164,168,177,180,192,65,67,69,198,78,84,86,216,217,92,93,97,226,195,104,240,221,118,212,122,123
64,128,144,195,154,175,156,160,169,170,172,174,183,184,191,67,196,69,201,77,208,210,216,220,222,223,228,101,104,234,107,112,168,242,115,245,119,120,148
65,132,160,134,166,169,242,179,184,244,186,223,188,195,198,71,200,73,203,142,218,94,95,226,101,231,108,109,114,147,116,245,123
66,132,133,237,153,158,219,165,167,172,177,178,181,183,186,138,193,70,72,140,75,78,79,212,86,217,91,93,96,97,100,231,232,234,146,246,247,122,126
67,136,137,147,150,153,152,196,154,155,164,168,156,179,219,188,190,68,198,71,202,205,79,163,213,87,217,207,223,96,225,230,232,107,108,238,239,116,246,121,126
68,128,134,135,141,144,147,148,149,152,240,170,172,173,180,187,199,77,80,214,215,216,218,95,208,226,229,232,233,239,112,115,246,124,126,127
69,128,129,133,137,140,130,143,147,151,153,156,163,165,170,157,189,195,71,200,73,209,210,86,87,88,91,93,97,226,228,101,108,146,112,241,114,117,122
70,132,162,138,98,143,88,82,86,95,133,228,145,156,171,236,233,241,200,223,188,202
71,130,131,133,140,142,143,147,150,214,166,169,171,172,174,190,191,181,199,200,73,77,79,208,209,210,237,212,215,218,223,224,226,230,145,235,109,112,118
72,129,130,133,141,151,201,208,158,164,170,178,244,186,191,195,196,199,73,76,206,80,210,218,91,92,222,97,230,231,104,144,107,108,146,110,239,113,243,204,245,246,121,127
73,130,235,132,136,137,140,231,159,164,220,170,172,242,174,177,222,183,185,187,188,138,195,205,78,79,208,85,214,91,92,94,97,98,228,230,103,104,234,107,157,114,243,118,123,124
74,129,130,235,136,137,139,142,144,161,168,174,184,186,190,198,199,201,203,204,205,207,81,84,214,216,228,92,225,97,99,212,102,107,236,111,115,116,123
75,128,132,236,138,194,146,156,163,164,178,182,183,187,188,192,195,200,201,203,76,81,210,212,85,88,89,218,95,224,228,101,231,104,106,108,109,240,232,243,204,247,127
76,128,130,195,179,135,201,138,140,188,149,216,154,220,218,158,96,200,99,227,105,170,171,172,151,175,176,177,117,241,122,119,124,190,191
77,128,131,129,136,192,144,171,154,169,199,172,173,174,178,179,180,191,201,204,205,206,82,215,92,95,225,98,230,231,108,241,115,116,119,121,122
78,128,140,143,149,156,164,168,221,136,192,195,194,204,209,82,211,85,86,216,217,91,93,95,228,81,231,239,115
79,192,133,138,83,194,206,217,88,169,218,221,222,161,164,102,105,240,238,112,178,244,137,183,213
80,129,134,243,141,152,148,153,155,158,165,200,219,183,190,117,147,197,204,205,81,82,86,88,164,218,91,92,221,94,225,237,240,115
81,128,134,135,136,147,148,155,157,160,165,179,185,202,191,192,228,199,204,205,213,215,217,91,97,98,99,100,101,231,234,107,236,238,189,245,118,121
82,128,133,134,138,215,145,150,154,158,167,169,221,178,189,195,197,198,83,220,87,88,219,92,222,95,103,168,211,245
83,131,215,140,145,146,152,241,129,92,135,181,192,203,208,209,87,220,94,228,229,232,105,106,235,238,239,112,118,124,234,127
84,135,140,144,149,153,134,173,181,182,159,202,195,196,197,199,200,203,163,212,88,91,92,97,226,99,106,240,211,123,124,234,126
85,235,145,149,150,157,159,161,162,170,173,174,177,184,187,190,191,194,202,211,86,87,89,218,91,221,230,105,106,107,236,109,110,114,115,117,233,124
86,137,140,144,150,153,158,159,161,198,156,176,178,184,191,195,205,210,216,89,94,224,208,98,230,104,234,167,108,111,112,246
87,137,143,217,239,197,161,164,165,169,138,191,199,202,208,213,89,152,220,222,144,232,233,108,211,119,126
88,128,133,137,149,150,151,155,157,165,168,170,174,178,181,183,185,190,226,213,214,219,220,96,98,227,102,234,111,241,243,120,127
89,132,150,134,135,139,144,149,154,157,158,159,160,170,174,181,238,186,191,203,196,201,205,210,211,212,97,229,103,104,236,237,110,113,114,120,123,125,126
90,131,134,139,144,145,151,156,218,160,165,167,168,171,242,177,178,183,186,190,224,227,198,201,203,204,206,211,214,152,135,221,94,95,96,225,98,99,100,102,231,104,109,238,113,114,243,124,126
91,139,195,155,156,160,163,166,176,178,185,189,192,193,92,221,96,230,232,167,112,242,115,244,117,118,121
92,139,153,201,156,160,175,177,137,193,195,203,207,213,93,98,100,101,232,188,108,210,110,114,116,233,120,200,125
93,132,137,142,144,147,149,152,153,150,219,182,138,192,161,201,247,162,207,208,213,143,223,98,103,231,237,112,245,119,120,123
94,129,132,149,152,157,133,162,165,172,175,180,182,201,185,159,189,245,194,196,205,215,95,226,99,228,230,103,105,237,240,221,190,118,218,126,127
95,149,151,152,156,164,157,178,184,186,201,205,208,209,212,215,224,97,226,228,101,230,231,235,210,240,113,117,120,218
96,130,156,219,169,173,181,187,198,212,215,220,101,100,229,102,106,240,241,242,243,122,126,127
97,140,141,144,145,151,152,153,197,160,172,176,200,179,181,182,183,184,193,196,199,204,207,213,215,224,231,104,107,237,241,147
98,132,140,145,149,152,158,159,161,163,164,168,169,173,176,177,199,202,205,217,99,100,101,209,104,113,115,245,119,232,127
99,132,135,236,142,143,155,159,160,166,169,170,176,178,184,193,203,206,207,216,217,235,108,109,243,245,246,212,122,127
100,134,209,140,194,144,156,158,160,220,173,177,184,185,247,141,237,215,217,227,231,232,234,107,109,111,169,121
101,133,134,148,151,132,168,171,172,174,176,158,182,183,184,194,208,215,217,225,230,232,105,106,114,124,234
102,128,160,195,197,140,205,142,167,217,219,231,157,223,163,243,103,233,193,108,109,175,206,177,236,186,117,201,189
103,129,131,140,162,155,221,177,192,139,197,200,206,122,215,152,143,220,224,225,227,228,166,233,106,238,111,241,245,246,247,121,136,125
104,128,129,141,156,218,160,162,166,170,172,173,177,178,179,158,183,184,187,190,197,202,223,230,231,188,238,111,113,140,123
105,145,166,167,170,172,176,186,187,188,189,198,204,208,214,174,231,234,107,110,239,168,244,245,126
106,134,146,149,150,151,155,175,177,191,193,202,203,208,215,218,220,221,246,231,157,114,116,118,123
107,171,133,135,237,201,145,149,151,157,159,160,161,134,169,172,142,236,182,186,188,202,197,225,183,204,208,214,218,227,230,235,108,109,174,240,241,115,116,120,121,122,126
108,133,135,142,146,149,153,155,158,220,203,190,194,206,205,208,213,145,234,237,238,240,114,120
109,132,134,144,146,131,174,152,158,167,168,169,199,172,173,142,177,180,181,182,186,187,198,224,208,227,217,222,233,239,113,242,115,117,122,126,149
110,128,140,144,151,152,153,201,157,164,169,170,175,179,183,187,192,194,195,202,209,211,214,227,230,231,234,238,239,112,113,245,233,121,124,126
111,130,132,214,134,141,155,161,219,167,170,176,179,184,232,192,194,201,205,207,208,228,218,143,220,221,222,223,229,230,238,168,243,244,122
112,134,142,148,174,151,152,155,160,165,167,199,172,180,190,203,204,236,239,211,116,245,118,120,126
113,192,129,194,235,196,193,138,241,209,146,238,143,220,240,231,117,188,202,190
114,131,140,142,143,152,165,166,167,169,174,137,188,182,219,222,223,243,244,247,218,125,126,127
115,128,130,134,129,136,139,147,149,196,156,133,175,177,183,189,194,200,205,210,211,215,241,243,116,126,127
116,132,133,137,140,130,205,151,240,155,158,161,162,164,167,173,157,177,189,192,197,198,200,201,224,226,237,148
117,130,145,151,150,133,161,173,157,178,184,188,192,194,199,211,212,216,217,221,222,208,225,118,126
118,128,135,137,140,141,143,157,219,171,173,175,176,181,182,192,245,197,198,200,209,224,144,227,129,247,120
119,133,134,135,141,151,154,158,162,164,172,221,136,181,138,187,188,189,196,198,204,202,224,144,228,232,234
120,235,136,150,155,158,159,161,172,173,177,183,180,188,194,195,198,204,209,214,218,225,226,234,244,125,126
121,130,133,135,231,195,150,153,154,156,159,134,169,173,177,183,194,198,161,207,208,212,215,217,220,222,224,230,247,124
122,131,134,162,153,157,163,171,172,173,179,191,198,161,203,208,214,233,222,223,225,226,228,229,240,169,123
123,129,132,134,136,142,145,217,152,160,163,164,171,174,175,177,179,181,201,185,189,196,200,247,218,223,227,229,230,233,169
124,149,152,157,165,168,169,175,136,178,185,187,189,190,194,202,203,205,210,217,221,229,239,240,244,212,125
125,235,196,198,137,138,203,140,142,173,208,146,212,206,153,154,165,232,201,185,215,187,189
126,134,243,242,144,148,149,150,166,173,179,183,187,245,192,199,200,201,202,206,207,210,214,216,221,229,231,232,246
127,128,195,133,192,206,208,152,210,148,213,224,219,135,197,214,227,178,180,158,187,189
128,134,139,140,230,143,216,156,157,158,159,162,165,170,173,177,180,181,186,189,194,195,213,214,215,218,246,229,234,240,241,244,245
129,138,143,154,167,170,171,174,179,183,188,190,191,198,201,204,207,214,231,235,242,247
130,136,148,154,239,157,150,133,160,161,166,199,181,183,184,244,194,195,219,225,229,242,169
131,178,198,137,171,143,161,155,146,232,169,167,172,174,244,195,190
132,136,141,142,146,153,201,155,163,164,173,174,175,179,180,199,202,237,215,219,220,144,230,188,167,221,243,246,233,148
133,138,141,148,153,154,231,158,161,197,177,179,137,196,202,163,218,224,144,227,145,194,239
134,235,136,144,217,152,158,237,161,164,191,179,180,183,194,195,198,202,204,206,211,213,214,219,220,223,225,230,145,241
135,136,138,146,148,152,154,156,157,159,161,166,242,175,177,178,188,201,203,215,239,241,140,204,245
136,175,179,180,185,188,190,194,197,198,200,206,220,144,231,174,241,242,245,213
137,216,152,166,183,184,186,181,192,196,199,204,210,222,224,233,237,238,241
138,172,141,158,146,152,155,160,167,177,179,181,187,192,193,199,206,214,217,229,232,188,236,238,240,245,191
139,235,158,144,147,148,219,170,172,177,181,192,197,198,208,209,229,232,233,234,231,239,240,149
140,143,146,149,154,159,160,170,175,177,187,215,192,193,198,205,141,210,185,216,227,236,237
141,149,217,155,156,164,169,178,187,197,199,203,205,206,212,214,222,228,229,246,231,234,235,208,238,245
142,237,148,235,163,167,169,199,242,221,178,179,182,187,202,196,198,201,204,206,208,214,216,225,232,238,244,246
143,148,149,150,153,239,156,197,165,167,171,174,187,192,202,207,209,213,220,246,226,232,233,235,237
144,192,218,154,155,157,160,161,165,167,151,180,188,190,225,201,204,210,213,220,222,224,232,235,239,243,217
145,194,236,187,153,157,231,160,228,196,232,171,146,185,186,234,213
146,147,149,151,157,159,161,162,170,181,187,201,205,208,220,211,244,148
147,193,196,156,162,221,177,191,192,198,202,203,204,206,207,210,211,214,199,227,225,240,246
148,192,203,204,218,198,197,225,209,237,206,245,246,247
149,152,153,160,169,175,183,189,202,207,209,237,218,219,220,239,168,242,244,212,213
150,153,157,158,164,166,167,175,181,182,187,190,202,205,212,235,236,238
151,157,165,172,173,185,192,196,207,211,215,216,219,222,232,236,243,246
152,196,173,239,165,167,181,183,184,159,191,192,194,198,214,230,234,241,244,247
153,157,166,220,177,182,188,192,193,198,201,207,209,210,211,223,231,234,242
154,164,165,156,172,174,176,179,182,183,184,189,203,216,224,228,232,235,238,242
155,162,164,165,174,177,191,192,194,197,227,230,237,246,169
156,162,243,180,183,193,196,199,207,218,226,228,234,240
157,158,161,164,173,175,181,187,189,193,198,199,203,210,214,215,226,236,239
158,194,217,170,171,174,180,183,228,204,203,206,219,221,222,229,208,210,240,232,246
159,162,164,166,167,182,184,203,207,215,216,221,230,233,234,237,240,244
160,193,218,219,168,178,182,187,189,195,196,199,203,207,212,223,230,233,237,239
161,239,214,163,172,181,244,188,190,196,204,226,207,225,227,230,243
162,172,222,194,195,199,200,203,204,205,210,218,187,228,229,167,243
163,230,205,201,228,167,188,173,172,185,234
164,215,195,169,179,192,193,199,206,216,207,221,229,228,166,230,231,235,240
165,222,176,168,177,180,189,190,191,181,197,200,201,202,206,214,219,221,224,226,229,245,247
166,193,169,175,176,184,190,245,194,202,205,208,210,213,216,217,220,228,230,236,239,232,246
167,168,173,174,184,192,196,197,198,204,206,228,225,226
168,205,214,215,169,175,222,170,235,178,212,191,239
169,192,170,171,174,176,219,189,190,216,223,229,245,246
170,238,239,197,174,177,179,201,184,198,202,218,233,230,236,237,246,217
171,192,196,200,204,206,213,218,207,224,219,233,230,232,180,244,191
172,173,176,179,181,201,184,188,189,191,200,202,205,209,223,224,239,235,245,246,225
173,177,180,186,192,224,194,195,200,201,212,205,220,229,242
174,176,177,183,187,196,198,203,210,212,221,229,230,241,245,246,233
175,177,180,193,197,198,199,206,207,224,246,228,230,231,235,236,237,234
176,226,199,177,180,192,195,198,225,200,202,205,209,212,215,222,224,230,232,235,241,247
177,194,189,178,201,181,195,203,220,217,233,240,245,213
178,202,218,193,181,191,200,207,208,221,225,235,237
179,184,191,196,198,225,205,210,193,212,207,221,224,233,236,242,211,239
180,205,196,192,194,207,210,211,216,221,224,228,232,242,243,246
181,237,184,185,186,188,194,201,203,206,210,213,234,236,244
182,198,231,196,242,216,184,215,227,214,188,186,241
183,243,201,189,196,205,210,222,228,231,208,237,240,247
184,223,186,195,225,201,208,227,212,221,234,213
185,197,209,206,245,238,218,216,225,246,230,237,239,244,201
186,193,194,200,189,190,209,219,222,231,244,247
187,191,197,207,208,212,223,229,239,240
188,214,235,191,199,245,213,203,215,218,226,227,228,234,246
189,213,247,243,192,199,233,206,207,214,230,232,237,246
190,236,216,241,222,232,191,200,205,211,219,224,208,226,228,230,237,238
191,221,196,197,204,222,226,228,238,242,245,217
192,209,203,196,246,198,204,208,226,228,230,233,234
193,194,195,197,205,227,212,224,229,233,239,240,243
194,243,238,196,198,208,209,210,215,241,219,221,223,229,235,240,247
195,197,219,196,218,224,228,231,232,240,217
196,214,199,201,205,206,210,226,232,234,225,244,245,217
197,225,237,199,203,207,220,222,234,210,240,242,243
198,210,246,199,224,208,209,213,217
199,240,200,201,203,213,219,222,227,231,234,238,243
200,201,202,215,224,237,241,247
201,238,220,221,244,223,205,210,213,219,242,237,240
202,215,226,205,220,222,227,228,233,239,245
203,240,210,213,215,219,223,228,245,218
204,235,205,211,233,220,222,224,228,229,236,243
205,242,237,239,206,216,221,224,225,233,235,241
206,239,212,213,226,228,236,240,241,242,245
207,239,245,209,213,217,223,230,234,236,243
208,210,212,225,228,246
209,219,238,228,226,213,214,217,218,221,227,230,233
210,217,213,231,232
211,243,245,216,219,223,224,225,233,212,217
212,245,226,228,238,244
213,235,220,216,224,226,225,241,244
214,217,221,241,242
215,244,233
216,247,237,227,236,246
217,219,218,225,232,234,240,243,246
218,223,221,237,238,232
219,238
220,236,221,229,237,243
221,243,245,233,240,234
222,237,228,232,235
223,245,247
224,230,244,229,235,247
225,226,228,232,238,243
226,227,233,234,235,238,240
227,235,229,239,240,244
228,231,233,238,240
229,233,244
230,238,240,232,242,244
231,236,234
232,239,238,247
233,238,237,242,243
234,237,239,238,245,246
235,246,247
236,237,238,242
237,243,245
238,242,247
239
240,242
241
242,245,244
243
244,245
245,246
246
247
