n_nodes:110
n_edges:1259
density:0.21001
0,1,2,73,13,79,18,83,20,25,89,90,91,28,29,31,35,40,92,44,109,47,51,63
1,65,2,4,5,7,64,78,109,16,18,84,85,22,23,68,28,30,31,96,98,105,106,107,45,48,56,57,63
2,67,69,70,7,76,10,11,12,14,79,16,75,78,90,91,28,29,98,37,38,41,48,52,105,60
3,66,67,4,5,40,108,95,12,13,47,24,86,87,56,89,26,91,31
4,64,97,37,102,7,104,103,44,15,81,67,84,53,100,59,61,62,85
5,68,65,73,74,75,13,14,16,88,83,89,24,25,90,29,32,98,99,103,41,7,108,46,19,60,62
6,66,68,70,72,76,14,15,84,26,28,29,31,33,100,37,103,41,44,46,48,52,90,59,62
7,70,65,8,73,13,77,15,80,17,20,66,22,23,25,90,92,93,32,34,100,101,38,105,42,71,108,109,53,54,55,62
8,107,72,10,12,14,16,19,85,86,23,25,90,91,96,33,34,99,37,104,71,46,48
9,71,73,23,76,79,80,20,87,25,27,92,96,100,37,28,42,48,53,105,56,57,59,63
10,99,38,103,105,74,77,14,45,80,104,106,84,78,22,87,31,29,63
11,64,107,27,72,42,43,45,77,30,21,24,59,60,93,62,63
12,76,66,14,79,16,19,87,88,89,29,31,96,33,98,35,102,104,105,107,47,48,99,54,57,58,61,62
13,72,75,81,82,19,87,88,25,90,96,98,101,38,103,104,42,71,108,48,50,106,58,61
14,68,15,80,81,87,25,28,29,94,96,37,17,108,109,47,51,53,89,55,57
15,64,66,68,78,80,89,91,29,30,97,101,38,103,106,43,44,46,47,51,25
16,77,78,22,87,88,90,94,33,34,35,100,103,44,47,54,56,61
17,64,34,100,72,108,47,88,20,87,56,61,30
18,82,96,74,77,109,49,50,19,52,21,54,105,56,90,63,61,94,31
19,98,68,70,78,84,21,86,23,90,96,97,34,37,103,40,41,82,46,48,72,52,54,55,56,104,61,62,63
20,64,66,69,78,80,82,23,88,26,29,98,102,104,41,45,51,52,73
21,107,77,82,84,85,22,25,91,92,30,32,98,35,37,39,28,106,45,46,58
22,67,69,70,75,82,86,89,28,35,100,102,38,39,105,71,50,52,57,63,85
23,107,69,70,76,109,86,25,30,102,42,71,45,54,55,56,59,60,62
24,67,70,72,105,42,75,109,79,81,86,57,62,63
25,64,65,80,84,87,29,101,44,52,54,57,63
26,96,33,70,65,74,81,46,48,49,51,85,54,87,52,27,60,94,63
27,32,97,66,67,36,37,39,40,41,44,104,50,99,105,85,29,94,101
28,86,97,76,79,89,30,33,99,39,104,50,52,53,55,57,60,62,63
29,65,72,77,82,78,88,90,92,93,31,97,37,38,106,53,55,60
30,64,70,65,80,84,86,88,89,91,37,103,105,49,53,54,56,59
31,67,68,74,73,78,79,87,89,91,94,33,98,35,102,38,105,107,93,50,83,52,59,61
32,96,66,69,38,41,79,39,47,91,88,59,93
33,69,74,101,99,85,91,93,97,35,70,103,104,43,108,109,49,50,55,56,58,95,62
34,64,51,67,68,38,40,103,39,109,78,79,104,58,59,93,81
35,91,100,37,102,72,41,75,79,81,99,87,59,85
36,97,100,40,63,44,79,81,53,105,89,85
37,64,69,66,77,82,68,98,105,50,51,54,73
38,98,71,72,89,90,92,94,44,45,47,51,53,58,60
39,71,79,80,81,84,105,88,92,94,99,100,102,40,109,47,49,52,55,56,57,61
40,64,65,73,98,78,81,85,107,99,101,105,106,103,46,48,58,63
41,64,73,74,76,90,98,103,104,43,108,45,83,54,56,84,58,63
42,64,67,76,77,78,82,85,87,89,95,104,45,46,51,58,109,63
43,100,69,70,80,72,106,46,48,104,53,105,56,57,101,85,63
44,65,80,96,81,83,54,88,59,100,69
45,68,70,75,76,81,90,100,47,48,52,54,56,61
46,64,67,75,76,77,81,93,97,98,70,109,50,51,53,59
47,64,70,71,73,67,88,92,93,81,80,102,104,103,48,49,76,63
48,67,65,74,66,80,84,85,87,88,89,92,102,49,53,55,72,104,59
49,65,75,79,84,85,86,92,93,106,103,52,54,56,59,62
50,67,71,74,75,79,85,88,94,100,101,103,107,108,54
51,67,72,105,107,74,106,86,88,58,70,63
52,65,71,74,79,80,91,90,82,101,92,103,53,56,60,61
53,71,80,81,84,85,99,102,104,106,109,58,60
54,64,72,82,93,103,105,58
55,96,105,73,77,92,84,89,57,103,94
56,66,68,69,78,67,99,82,101,102,104,57,58,61
57,65,72,78,90,101,102,105,73,61,62
58,64,67,65,107,96
59,66,69,74,80,81,82,85,90,92,102,60,62
60,64,73,76,83,84,94,99,103,104,109,61
61,101,76,106,75,85,109,94
62,64,83,75,98,80,101,68
63,100,71,76,92,85,91,95,96,98,106
64,67,77,80,83,88,95,96,102,103,105,106
65,90,81,76,85,72,101,95
66,100,104,73,86,89,81,94,69
67,69,74,68,95,101,108
68,96,100,103,73,78,98
69,102,108,77,90,94
70,80,81,84,94,95,96,98,88
71,96,82,73,83,89,87,85
72,78,84,85,86,95,97,102,108
73,76,98,93,92,90
74,98,107,87,88,106
75,97,106,76,80,84,94,79
76,86,98,94
77,97,91,93,95,86,79
78,89,95,96,97,103,105,109
79,104,83,97
80,83,86,93,95,99,100,102,106,109
81,84,85,91,96,101,106,103
82,91,105,90,92
83,101,96,94,86,87,90
84,90,97,104
85,91,107,87,94,105
86,102,103,92,99,93
87,91,94,97,100
88,98,102,101
89,100,96,99,103,109,106
90,97,99,102
91,100,94,99
92,103,93
93,95
94,98,104,106
95,96,107
96,97,98,102,103,107
97,102,103,106,107
98,105,101,99,107,102
99,100
100,104
101,102,103,106
102,104,106
103
104
105,109
106
107
108
109
