n_nodes:78
n_edges:2355
density:0.78422
0,1,2,3,4,5,6,8,9,10,11,14,15,16,17,18,19,21,23,28,29,30,32,33,34,39,40,41,42,44,45,46,47,48,49,51,52,53,55,56,57,58,59,60,61,64,66,67,68,69,72,73,74,75,76,77
1,2,3,4,7,8,9,10,13,14,16,17,20,21,22,23,24,25,26,27,28,29,30,31,32,33,34,35,36,38,40,41,42,43,45,46,47,48,49,50,51,52,53,54,55,56,57,58,59,60,61,62,63,64,65,68,70,71,72,73,74,75
2,4,6,7,8,12,13,16,17,18,19,20,21,22,23,24,28,30,31,33,34,35,36,37,38,39,40,41,42,43,45,47,50,51,53,55,57,58,59,60,61,62,63,64,65,66,67,68,69,70,71,72,73,74,76,77
3,4,6,7,8,9,10,11,12,13,14,16,17,18,22,23,24,26,27,29,30,31,33,34,35,36,37,38,39,41,42,44,45,46,47,48,49,53,54,55,56,57,58,59,60,63,64,65,66,67,68,69,70,72,73,74,75,76,77
4,5,6,7,8,9,10,11,12,13,14,15,16,20,21,22,23,24,27,29,30,31,32,34,35,37,38,39,41,42,43,44,45,46,47,51,53,54,55,56,58,59,60,63,64,65,66,67,68,69,71,72,73,74,75,76,77
5,7,8,9,10,11,13,14,17,20,21,22,23,24,27,28,29,30,31,32,34,35,36,37,38,39,40,42,44,45,46,47,49,50,51,52,53,54,55,56,58,59,60,61,63,64,65,66,68,69,70,71,72,73,74,76,77
6,7,8,9,10,11,12,13,15,16,19,20,21,22,23,25,26,31,32,34,35,37,38,40,41,42,43,45,46,47,48,49,50,51,53,54,55,56,58,60,61,62,64,65,66,67,68,70,71,72,73,74,75,77
7,8,9,10,11,12,13,14,15,17,18,19,20,21,22,25,26,27,29,30,31,32,33,34,35,37,38,39,40,41,42,44,45,46,47,48,49,50,52,53,55,57,58,59,60,61,62,63,64,66,67,69,71,72,74,75,77
8,9,10,12,13,15,16,17,19,20,21,22,23,24,25,26,27,29,30,31,32,33,34,35,36,37,38,39,40,43,44,45,46,47,48,49,50,51,52,53,56,57,58,59,60,61,62,63,64,65,66,67,68,69,70,71,72,74,76
9,10,11,12,13,14,17,18,19,21,22,23,24,26,27,28,29,31,32,33,34,35,36,37,38,40,41,42,43,45,46,47,48,49,50,54,55,57,59,60,61,62,63,64,65,67,68,69,70,71,72,73,74,75,76,77
10,11,12,13,14,15,16,17,18,19,20,21,22,24,25,26,27,28,30,32,33,34,35,37,38,39,40,41,42,43,44,45,46,48,50,51,52,53,54,55,56,57,58,59,60,61,62,63,66,67,69,70,72,73,74,75,76,77
11,15,16,17,18,19,21,22,23,24,25,26,28,29,30,31,32,33,34,35,36,37,38,40,41,42,44,46,48,49,50,51,52,55,56,57,60,61,62,63,64,65,67,68,69,70,71,72,73,74,75,76,77
12,13,16,17,18,19,20,22,24,25,26,27,28,29,30,31,33,35,36,38,39,40,41,44,45,46,47,48,50,51,53,54,55,56,57,59,60,61,62,63,64,65,67,68,69,70,73,74,75,76,77
13,14,15,16,17,18,19,20,21,22,23,24,25,26,27,28,29,30,31,32,33,34,35,36,37,38,39,40,41,42,43,44,45,48,49,51,52,53,54,56,57,58,60,61,62,64,65,66,67,68,69,70,72,73,74,75,76,77
14,15,17,19,20,21,22,23,24,26,27,28,29,31,32,33,36,37,38,39,40,41,42,43,44,45,46,47,48,49,50,52,54,55,56,57,58,59,60,62,63,64,66,67,68,69,70,71,74,75,77
15,16,18,19,20,21,23,24,25,26,27,28,29,30,31,32,33,34,35,36,37,38,39,40,41,42,44,46,47,48,50,52,53,54,55,56,58,59,61,64,65,66,67,68,69,71,72,74,75,76,77
16,17,18,21,22,23,24,26,27,28,29,31,32,33,36,37,39,40,41,42,43,44,46,47,48,49,50,51,52,54,55,58,61,62,63,64,65,66,68,69,70,71,72,73,74,75,76,77
17,18,19,20,21,23,24,25,26,28,29,31,32,33,34,35,36,37,38,39,42,44,46,47,48,49,50,51,53,54,55,56,58,59,60,62,63,64,66,67,69,70,71,72,74,75,76,77
18,21,22,23,24,25,26,27,29,31,32,33,34,35,38,40,41,42,43,44,45,46,47,50,52,54,57,58,61,62,63,64,65,66,67,68,69,70,71,72,73,75,76,77
19,20,21,22,23,24,25,27,30,32,33,34,36,40,42,43,44,45,47,48,49,50,51,53,54,56,57,58,59,61,63,64,65,66,67,68,70,71,72,73,74,75,77
20,21,22,23,24,25,26,27,29,30,32,33,34,35,36,37,38,40,41,42,43,44,45,46,47,49,50,51,52,53,54,56,57,58,59,60,61,62,63,64,66,68,70,71,73,75,76
21,24,26,28,29,31,32,33,36,37,38,39,42,45,46,47,49,50,51,52,54,55,56,57,58,60,61,64,65,66,67,68,69,72,73,74,75,76,77
22,24,25,27,28,29,33,34,35,37,39,40,41,42,43,44,45,47,48,50,51,52,53,54,56,57,58,59,61,62,63,65,66,67,68,69,70,71,73,74,75,77
23,24,25,26,29,30,31,32,33,34,35,36,37,38,39,40,41,42,44,45,46,47,48,49,51,52,54,55,57,58,59,60,62,64,65,67,68,69,70,71,72,74,75,76,77
24,25,26,27,28,29,30,31,32,33,34,35,37,38,39,43,44,45,46,47,48,49,50,52,53,54,55,56,57,58,59,62,66,67,68,69,70,71,72,73,75,76,77
25,26,27,28,29,30,31,32,33,34,35,36,37,38,39,40,42,43,45,46,47,48,49,50,53,54,55,57,58,60,62,63,64,65,66,67,68,70,71,72,74,75,77
26,27,28,29,31,32,33,34,35,36,37,39,41,42,43,44,45,47,48,49,50,51,52,53,57,59,60,61,62,63,64,65,66,67,68,69,70,71,72,73,75,76,77
27,28,29,31,32,33,34,35,36,37,39,42,43,44,45,46,47,48,49,50,51,52,56,57,58,59,61,62,65,66,67,68,69,70,72,73,74,75,76,77
28,29,30,32,33,35,36,39,40,41,42,43,44,45,46,47,48,51,52,53,54,55,56,57,59,60,61,62,63,64,65,66,67,68,69,70,71,72,73,75,76,77
29,31,32,33,34,36,37,38,39,41,42,43,44,46,48,49,50,52,53,54,56,57,58,59,60,61,62,63,64,65,67,68,69,70,71,72,73,74,75,77
30,32,33,36,37,40,41,44,45,47,48,50,51,52,53,54,56,57,59,60,61,62,65,67,68,69,70,71,72,73,75,76,77
31,33,34,35,36,37,39,41,42,43,44,45,46,47,48,50,51,52,53,55,56,57,59,62,63,64,65,66,68,69,70,71,72,74,75,76,77
32,34,35,36,37,38,39,41,42,43,45,48,49,50,51,52,53,56,57,58,59,60,61,62,63,64,65,66,68,69,70,72,73,74,75,76,77
33,34,35,36,37,38,40,41,42,43,44,47,49,50,52,54,55,57,58,59,60,62,63,64,65,66,67,68,69,70,71,72,73,74,75,76,77
34,35,36,37,39,40,41,42,43,44,45,46,47,48,49,50,51,52,53,54,55,56,57,58,59,60,61,62,63,64,66,67,68,69,70,71,72,73,74,75,76,77
35,36,37,38,41,42,43,44,45,47,48,49,50,51,52,55,56,57,58,59,60,62,64,65,66,67,68,69,70,72,75,76,77
36,37,38,43,44,47,49,50,52,53,54,55,56,57,58,59,60,61,62,63,64,65,67,68,69,70,71,72,73,74,75,76,77
37,38,39,40,41,42,44,45,46,47,49,50,51,52,54,55,56,57,58,62,63,64,65,67,68,70,71,72,73,74,75,77
38,39,40,42,44,45,47,49,50,51,52,54,55,56,59,60,61,62,63,64,65,66,67,68,69,70,71,73,74,75,76,77
39,40,41,42,44,45,46,47,49,50,51,52,53,54,55,56,57,58,59,60,61,62,63,64,65,66,67,70,71,72,73,75,76
40,42,43,44,45,46,48,49,50,52,54,56,57,59,60,64,65,67,68,69,70,71,75,76,77
41,42,43,45,47,48,49,50,51,52,53,54,55,56,57,58,60,61,62,63,65,66,68,69,72,73,74,76,77
42,43,44,46,47,49,50,52,53,54,55,56,57,58,59,60,61,62,63,64,65,66,67,70,74,75,77
43,45,46,47,48,49,50,51,52,57,58,59,60,61,62,63,64,66,67,68,69,70,72,73,74,75
44,46,47,48,49,50,51,52,54,55,56,58,60,61,62,63,64,65,66,67,68,69,70,72,73,74
45,48,49,52,55,56,57,58,60,61,62,65,66,67,68,69,71,74,75,77
46,47,50,52,54,56,58,60,62,63,64,65,66,67,68,69,70,71,72,73,74,76,77
47,48,49,50,51,52,55,56,57,58,59,60,61,62,64,65,66,67,68,70,71,72,73,74,75,77
48,49,50,51,54,56,57,58,62,64,65,66,68,69,70,71,72,73,75,76,77
49,51,52,53,54,55,56,57,60,61,62,63,64,65,66,67,68,70,71,74,75,76,77
50,51,52,53,54,55,57,58,59,60,61,62,63,64,65,66,67,68,69,70,71,72,73,74,75,76,77
51,52,53,54,55,57,58,59,60,61,62,63,64,65,67,69,71,73,75,76,77
52,54,57,58,59,61,63,64,65,66,67,68,69,72,73,74,75,76,77
53,56,57,58,60,61,62,63,64,65,66,67,68,69,71,72,74,75,77
54,55,56,58,60,61,62,63,64,65,66,67,68,69,71,72,74,75,76
55,56,57,58,59,60,61,62,63,65,66,67,68,70,71,72,73,74,75,76
56,57,58,59,60,61,62,63,64,65,66,67,68,69,70,71,73,74,76,77
57,60,61,62,63,64,65,66,68,69,70,71,72,73,74,75,76,77
58,59,60,61,62,64,66,67,68,69,70,71,74,75,76,77
59,61,62,64,65,66,67,68,69,71,72,73,74,75,76,77
60,61,64,66,68,69,72,73,74,75,77
61,62,63,64,65,66,67,68,69,71,73,74,75,76
62,63,64,65,66,67,68,69,70,71,73,74,75,76
63,64,65,66,70,71,72,73,74,75,77
64,65,66,67,68,69,70,71,72,73,75,76,77
65,67,68,71,72,73,74,75,76,77
66,67,68,69,70,71,72,73,74,76,77
67,68,70,71,72,73,74,75,76,77
68,69,70,71,72,73,74,76,77
69,70,71,72,73,74,75,77
70,71,72,76,77
71,72,74,75,76,77
72,73,74,75,76,77
73,75,76,77
74,75,76,77
75,76,77
76
77
