n_nodes:269
n_edges:17643
density:0.48946
0,257,2,3,260,262,263,264,9,266,12,13,14,18,19,21,22,23,25,26,265,29,35,38,41,49,50,51,52,54,55,59,60,61,65,69,72,73,74,75,77,80,81,84,85,87,89,93,94,95,97,98,99,101,102,104,105,106,108,110,111,112,114,115,128,130,133,135,137,138,140,142,146,147,149,150,151,152,155,157,158,162,163,164,167,169,170,172,175,178,180,182,185,192,193,194,195,196,198,205,207,209,211,213,214,215,216,219,220,221,222,223,224,228,229,230,231,233,234,235,236,239,240,241,243,246,247,248,251,252,255
1,257,2,259,4,262,7,9,10,12,14,15,16,18,20,22,23,24,25,260,30,32,37,39,42,43,44,46,47,48,49,51,53,265,57,58,62,64,66,67,268,76,81,82,83,91,92,94,96,98,99,102,104,105,108,111,112,114,115,116,117,119,121,122,124,132,133,134,135,137,138,139,141,142,143,146,147,148,149,154,155,157,159,162,164,167,170,171,174,176,179,182,184,185,186,188,190,192,193,194,198,202,203,207,208,211,214,216,218,219,221,222,223,224,225,226,229,230,231,232,233,235,236,239,240,242,243,245,246,250,251,252,254,255
2,6,7,264,10,11,13,256,15,17,19,27,28,29,30,31,35,36,39,41,42,263,45,48,50,51,52,53,54,57,58,60,61,62,66,67,76,77,79,80,82,85,86,88,89,91,92,94,97,98,101,105,106,107,108,110,112,113,115,116,117,119,121,122,123,127,131,138,144,146,147,150,153,154,155,157,267,159,160,163,165,168,169,171,173,176,179,182,183,185,187,188,192,193,194,195,199,202,204,205,209,210,211,214,217,218,220,223,224,227,228,229,231,232,238,239,240,243,244,248,250,254,255
3,258,4,7,8,265,266,267,268,13,15,16,17,19,21,25,27,260,31,35,36,40,44,45,47,48,264,52,53,58,59,60,61,63,65,66,67,69,71,72,75,77,78,79,84,86,87,88,92,93,94,95,97,98,100,101,103,104,105,107,108,109,111,113,114,115,117,119,120,122,123,133,134,135,137,141,142,144,146,147,148,149,151,153,154,156,159,160,163,164,165,168,169,172,173,174,177,178,179,180,183,186,187,189,193,194,195,197,198,199,201,202,203,204,206,209,210,211,212,214,216,217,218,219,224,226,229,231,234,237,240,241,242,243,250,252,254
4,258,260,5,262,8,9,266,267,13,14,15,17,18,259,23,27,30,32,35,37,38,39,42,43,44,45,46,48,51,52,53,54,55,56,59,60,62,63,64,66,68,72,75,76,78,81,82,86,87,94,95,97,98,99,100,101,102,104,105,107,108,111,114,115,118,122,124,128,131,132,134,136,137,141,143,145,146,147,154,155,158,160,162,163,166,167,173,176,178,181,182,186,189,190,196,199,201,202,203,205,208,209,211,212,214,215,217,218,220,222,224,225,226,227,228,230,231,237,238,239,240,242,244,245,248,250,251,252,255
5,257,258,262,7,8,9,10,11,268,15,17,18,19,21,22,24,260,26,28,29,32,34,35,38,42,263,49,55,57,59,60,63,64,66,267,69,72,74,76,78,80,82,84,86,88,89,90,91,94,95,96,97,98,99,101,103,105,109,111,112,113,116,120,121,124,127,129,130,132,135,137,138,139,140,265,143,144,145,146,148,150,151,153,154,160,161,162,167,168,169,170,175,176,182,183,184,185,186,189,193,196,197,200,204,206,207,208,209,210,215,216,219,222,223,224,225,230,231,232,233,236,238,240,241,242,244,246,248,249,255
6,257,259,262,7,8,9,266,267,12,13,14,16,18,21,26,27,29,31,32,33,36,37,40,42,43,45,46,48,49,50,51,53,54,55,56,58,59,63,66,68,71,75,77,78,79,82,84,85,86,87,88,89,90,95,96,108,109,112,113,115,116,117,118,121,124,125,126,127,129,131,135,136,137,138,140,141,142,143,148,149,150,152,159,160,161,163,164,165,166,167,168,169,172,173,178,181,182,183,184,187,193,194,195,201,207,209,210,211,213,214,215,216,217,218,219,222,224,230,231,233,234,235,238,240,241,242,243,245,248,249,250,251,253,254,255
7,265,11,258,14,16,17,18,22,23,24,25,27,28,29,30,31,37,38,39,41,45,48,50,51,53,58,61,63,67,74,77,78,79,82,86,88,89,92,94,95,97,98,100,102,105,110,113,118,119,120,122,125,126,127,131,133,135,136,143,144,147,151,152,156,157,163,165,166,167,168,169,170,171,172,173,174,176,180,181,182,190,193,262,195,197,198,199,200,202,204,205,207,208,214,215,216,217,219,220,222,225,226,228,229,231,236,237,239,242,243,245,246,247,250,251,252,255
8,256,257,264,9,10,13,14,15,17,259,22,23,24,260,26,265,29,30,261,32,33,35,36,37,38,39,40,44,46,50,51,52,53,54,55,57,59,60,266,62,63,64,66,68,71,74,75,76,77,79,80,84,87,88,89,91,92,96,98,101,102,104,106,108,109,110,112,113,115,116,117,118,119,121,122,123,124,125,127,128,129,130,131,132,133,134,136,138,140,142,143,146,147,148,151,152,153,158,160,161,162,164,165,166,167,168,171,172,173,175,179,181,182,183,186,187,188,189,193,194,195,198,199,202,203,206,208,211,212,213,217,219,220,222,223,227,228,230,232,237,238,242,243,244,245,247,262,249,251,254
9,258,259,257,265,10,11,12,13,256,15,17,18,19,20,21,260,26,28,31,32,33,36,37,39,42,45,46,47,48,264,50,51,53,54,55,57,266,65,66,67,69,73,75,76,80,82,85,87,88,94,96,98,99,100,103,105,107,108,112,113,115,119,120,126,127,131,132,135,136,137,138,144,145,147,150,153,154,155,261,160,161,163,164,166,168,169,170,173,177,178,181,182,267,187,188,191,193,194,197,198,200,201,203,207,210,212,213,215,216,262,219,220,227,228,229,230,233,234,236,237,238,239,240,241,248,253,255
10,256,260,263,266,11,13,18,22,25,26,27,28,29,30,261,32,35,37,39,42,44,47,50,51,53,54,265,56,58,62,63,64,67,69,70,72,73,75,76,78,81,82,83,84,87,267,89,90,91,93,94,95,98,99,103,105,106,109,110,113,114,115,116,117,122,123,126,128,129,133,135,137,139,142,144,145,147,149,154,156,158,161,163,165,168,170,171,172,173,174,175,176,179,182,183,184,185,187,191,194,196,198,200,201,204,205,206,209,210,213,217,220,224,225,226,227,228,229,230,231,233,234,235,238,239,240,242,245,246,248,249,250,251,252,254,255
11,256,257,259,262,264,12,258,14,15,18,19,20,21,22,23,30,261,32,34,37,42,263,44,45,46,47,48,54,56,57,58,60,62,63,66,68,72,73,78,81,83,89,90,91,93,94,97,100,102,105,106,113,268,126,128,130,131,132,134,135,136,138,141,144,146,149,150,151,152,153,154,155,162,165,166,168,169,173,174,176,178,179,181,185,187,190,191,194,195,198,200,202,206,207,208,216,217,219,222,223,224,225,226,227,228,230,232,234,235,237,238,240,243,244,245,246,252,254,255
12,258,259,261,263,264,266,268,13,14,16,17,21,27,33,35,38,40,45,46,48,49,50,53,55,56,57,58,59,61,62,63,64,68,69,70,256,72,73,74,75,76,81,83,86,88,90,92,93,95,96,97,98,102,104,107,109,111,113,117,118,120,121,125,134,135,137,140,141,142,144,148,149,152,154,157,158,159,163,164,165,167,172,173,174,176,179,181,183,184,187,189,192,196,197,199,201,205,209,210,211,212,215,216,220,222,224,227,228,231,232,233,234,235,236,238,239,240,242,243,247,248,250,254,255
13,256,261,258,16,17,18,19,21,22,23,24,260,27,29,32,33,39,40,41,43,44,45,259,47,49,50,51,53,54,55,60,266,62,64,66,68,70,73,75,77,78,268,83,84,85,86,87,88,92,93,94,95,96,98,99,100,103,104,105,106,109,110,111,114,116,118,119,123,124,127,128,129,130,132,134,135,136,138,148,149,150,155,156,158,160,162,164,167,169,173,178,180,182,183,187,188,189,190,191,193,195,196,199,200,201,205,208,217,218,221,223,226,228,229,230,233,234,237,241,242,245,247,248,249,250,251
14,258,259,261,265,256,15,16,17,21,22,23,27,28,30,31,32,33,36,39,40,41,42,43,44,45,46,47,48,50,51,54,56,57,59,60,62,65,66,267,68,69,70,71,72,75,76,77,79,81,82,86,88,89,91,92,93,96,97,98,99,101,104,108,110,111,112,113,116,117,118,119,120,122,126,128,129,133,136,138,139,143,144,146,148,150,151,152,257,158,160,162,163,165,167,168,171,172,173,174,175,176,177,179,182,185,186,187,188,189,191,192,193,194,195,196,197,198,200,202,203,204,205,207,208,209,210,213,215,216,217,218,219,220,221,222,224,229,230,232,233,237,238,240,242,243,246,251
15,256,262,263,266,268,16,259,22,25,265,30,31,32,35,36,40,41,45,46,47,264,51,52,55,57,59,63,67,68,71,73,77,78,81,84,89,90,92,94,96,98,100,101,104,108,110,111,113,114,115,119,121,122,124,129,132,133,134,135,136,138,139,140,144,145,147,148,149,150,151,157,158,159,160,169,173,174,180,181,183,185,189,191,193,194,196,198,202,203,204,205,208,211,212,219,220,222,224,227,230,232,235,236,238,239,240,244,247,248,251,252,255
16,260,20,22,24,26,27,28,29,30,33,34,35,262,41,42,257,46,48,49,50,56,57,59,60,62,63,68,70,72,73,74,75,76,77,78,79,82,84,88,89,92,93,94,95,96,98,101,106,107,111,114,115,117,118,119,121,122,125,126,128,129,130,131,132,133,134,136,141,146,147,148,149,150,152,155,157,158,159,160,164,168,169,174,176,179,181,182,184,187,190,193,194,197,200,203,204,205,207,208,212,213,214,215,216,219,224,225,227,228,229,230,231,233,235,237,240,242,244,246,248
17,266,259,20,22,23,25,26,30,261,36,37,38,39,40,41,263,44,45,46,264,50,51,52,265,56,57,58,61,62,63,64,65,68,69,70,72,73,258,75,79,80,82,86,87,88,92,98,102,103,105,109,111,113,114,115,118,121,123,124,125,127,128,129,130,133,134,135,136,138,142,143,144,146,148,149,152,154,155,156,157,158,160,162,164,165,179,183,184,185,191,194,198,202,203,204,205,207,208,209,211,213,216,220,230,231,233,234,236,237,238,240,241,249,251,253
18,258,264,256,22,23,25,28,29,261,33,34,36,39,41,42,257,46,50,51,54,265,56,266,60,61,63,64,65,267,68,70,73,75,76,77,79,80,82,84,85,86,87,89,91,93,96,98,100,102,103,107,110,113,114,118,122,123,124,125,129,130,132,134,135,136,137,138,139,140,141,142,143,145,146,150,151,152,153,154,157,260,161,162,163,164,165,166,167,169,171,174,176,178,179,182,183,184,193,196,198,199,200,201,206,208,211,213,215,217,218,220,221,222,224,225,228,229,230,231,233,234,236,241,242,243,250,251,254,255
19,256,262,264,268,20,22,24,25,27,30,261,32,37,38,39,43,44,45,49,51,52,265,57,61,66,267,69,70,71,73,74,76,77,79,81,82,85,86,88,93,94,95,96,97,100,102,103,107,108,112,113,115,117,118,120,122,124,125,127,132,133,134,137,138,140,142,143,147,149,156,157,160,162,165,166,167,169,171,173,176,178,180,181,182,183,185,186,188,189,192,193,195,196,197,199,201,202,206,212,215,217,218,220,222,224,225,227,229,230,234,235,236,237,240,241,242,243,244,246,247,249,250,252
20,256,258,262,257,268,21,24,26,27,28,31,32,34,36,38,41,42,44,46,48,53,265,56,58,59,60,61,63,64,67,70,75,76,77,81,83,84,86,89,92,93,95,97,98,100,104,105,106,107,108,109,110,113,118,121,123,127,128,130,132,133,134,141,143,145,149,151,154,155,157,158,160,161,163,164,166,168,169,170,173,174,176,177,178,180,181,183,184,197,201,202,205,206,209,210,211,212,213,215,216,217,218,219,220,227,232,236,237,238,240,241,245,246,249,252,253,254,255
21,257,258,260,263,266,22,24,25,26,27,28,30,261,32,34,38,41,42,43,44,50,51,52,54,55,56,58,60,63,66,67,70,71,268,75,78,79,82,83,86,89,91,92,95,97,98,101,102,103,106,107,110,111,112,113,114,116,117,118,119,122,123,128,131,132,139,265,144,146,148,149,153,156,159,161,162,163,167,169,170,171,174,176,177,181,182,184,185,186,187,188,194,196,197,199,200,201,202,203,204,205,207,212,216,217,223,225,226,227,228,229,231,233,236,237,238,239,242,244,245,246,247,250,251,252,253
22,260,262,265,23,24,28,30,261,32,37,38,39,40,43,44,45,46,47,48,49,51,52,53,54,55,56,60,64,65,66,67,68,70,73,79,81,82,84,91,92,95,96,102,105,106,109,110,111,112,113,114,115,116,117,118,119,121,125,126,128,130,131,137,139,142,146,149,153,154,156,158,160,162,167,169,170,173,176,177,178,179,180,181,184,186,187,188,190,191,192,193,194,195,197,199,200,201,207,208,209,214,216,218,219,221,222,223,225,227,232,233,238,245,247,248,249,251,254
23,261,265,266,24,31,33,34,35,36,38,39,40,41,42,44,45,46,48,49,51,53,57,58,59,62,63,267,69,256,72,73,74,75,76,77,78,80,81,82,83,84,87,90,91,92,93,94,95,98,99,103,104,107,110,111,114,117,118,120,121,123,126,127,130,131,133,134,136,137,139,141,143,148,149,151,154,155,156,162,163,164,166,170,171,172,173,174,175,176,177,180,181,182,183,187,189,191,192,193,194,199,201,203,204,205,209,214,215,216,217,221,224,225,227,228,231,232,233,235,236,237,246,247,250,251,254,255
24,259,262,266,27,28,30,32,33,36,39,41,42,43,257,45,46,48,264,50,56,59,60,62,63,64,67,68,69,72,76,77,82,84,87,89,91,93,94,95,97,102,103,105,106,107,108,109,112,116,117,118,120,121,122,125,127,129,132,134,135,136,137,138,142,143,145,147,152,154,155,157,158,161,163,166,167,169,171,172,175,176,178,180,183,184,185,186,187,192,196,198,199,203,204,205,206,207,210,211,212,214,217,221,222,224,225,228,263,233,236,237,238,239,243,244,247,248,249,253
25,260,262,259,268,256,28,29,31,35,37,38,40,42,43,44,46,47,52,55,266,61,62,66,68,69,75,77,78,79,81,82,83,85,86,90,91,94,96,97,98,101,102,104,106,110,111,113,115,116,118,120,122,124,126,129,130,134,135,138,139,140,141,144,147,150,152,257,156,158,159,162,163,166,167,168,175,176,177,178,179,184,185,186,187,188,190,193,194,197,199,200,202,203,204,205,206,209,214,217,220,221,223,224,225,227,228,263,232,235,237,240,243,244,245,246,251,254
26,256,258,259,29,31,32,35,37,38,41,42,43,44,45,46,51,52,53,266,56,58,61,63,64,65,80,82,83,84,86,90,91,92,95,97,99,101,103,104,108,110,111,113,117,118,121,122,123,124,125,127,128,130,132,133,134,136,137,140,142,149,150,152,154,261,158,161,162,164,166,168,171,174,175,176,178,179,181,182,190,194,195,196,198,200,201,202,203,206,207,208,211,212,213,214,215,262,218,222,223,224,225,228,231,232,233,234,236,237,239,240,243,244,248,250,253,254,255
27,257,265,260,28,29,30,31,32,33,34,35,262,38,39,40,46,48,49,51,52,53,56,266,59,61,66,67,68,72,268,74,76,81,85,86,88,90,94,98,100,103,104,109,111,112,115,116,119,120,121,123,124,125,126,130,131,133,135,136,138,139,140,141,143,144,145,146,151,154,158,159,163,166,168,169,171,174,176,178,180,181,184,186,188,189,193,194,196,203,204,205,208,211,213,214,216,217,219,220,222,224,225,228,229,231,232,235,236,237,238,244,245,246,247,248,249,251,253,254
28,262,267,258,29,261,34,36,38,40,263,44,47,57,59,60,63,64,65,66,67,68,69,70,73,74,75,77,79,81,85,88,89,97,99,100,101,102,103,105,106,107,110,112,113,118,120,121,123,124,126,128,131,136,137,140,141,143,147,148,149,153,154,157,160,161,165,169,170,172,173,175,176,177,179,182,183,184,185,189,190,194,196,199,204,205,208,212,213,215,217,220,224,226,230,231,232,238,239,242,243,245,247,248,250,252,255
29,265,31,33,34,35,37,38,39,42,47,48,49,50,261,56,57,60,66,68,72,73,74,76,77,80,82,83,84,85,86,87,88,89,91,93,95,97,98,103,104,105,107,108,109,111,113,258,117,118,119,120,122,125,128,133,135,136,140,141,142,143,145,146,147,148,150,152,153,155,156,159,161,164,166,167,168,170,171,173,176,178,181,184,185,187,190,192,193,194,196,199,200,202,206,208,209,210,212,213,214,216,217,219,222,224,226,227,228,231,232,234,236,240,241,243,244,250,251,252,255
30,256,261,265,34,35,36,38,39,41,42,43,45,46,48,49,51,52,55,57,59,266,63,64,67,69,71,73,74,76,78,80,82,84,85,86,87,89,92,94,95,96,97,98,99,101,102,105,108,110,113,115,116,118,119,120,121,122,124,125,126,127,129,130,131,132,133,134,136,140,147,148,149,150,151,157,159,160,167,168,170,171,172,174,176,179,181,182,183,185,191,196,199,203,204,205,206,209,210,213,215,218,226,228,230,231,233,234,235,237,240,241,242,243,245,246,251,252,253,254
31,256,260,267,258,259,265,32,33,38,39,40,44,45,46,48,49,50,51,55,64,65,67,69,70,77,81,82,84,85,87,88,89,90,91,93,95,98,99,104,105,108,109,110,113,114,116,117,118,119,121,122,124,126,128,129,131,132,136,137,138,140,141,142,146,150,151,153,154,155,158,159,160,162,164,166,168,172,175,176,178,179,181,182,185,186,187,189,191,196,197,198,202,204,205,207,208,211,212,213,216,217,218,219,221,226,227,228,229,233,236,237,238,240,241,242,243,249,250,251,252,253,254,255
32,258,259,263,268,33,38,40,43,45,46,48,264,52,53,55,56,58,59,60,62,64,65,66,67,68,69,70,71,76,77,78,84,90,91,92,94,95,96,97,99,100,107,108,110,111,112,113,114,116,119,120,122,123,125,128,130,134,138,139,150,151,152,153,154,157,159,163,164,165,166,167,168,169,170,172,173,175,178,182,183,187,190,192,193,196,199,200,201,202,203,204,208,209,211,212,216,217,218,219,221,223,224,227,229,231,233,237,239,244,245,246,248,253,254
33,260,263,37,39,41,45,46,47,53,54,265,56,57,58,60,63,67,68,70,72,268,74,75,76,78,79,81,82,83,84,86,87,88,90,92,93,97,99,103,107,110,111,112,113,116,118,119,122,126,127,128,129,132,135,137,138,139,141,143,145,147,148,149,150,151,152,153,154,159,160,163,164,165,167,168,169,171,176,179,182,185,187,189,192,262,195,196,200,202,205,207,208,210,211,212,218,219,220,223,226,227,229,231,232,235,236,238,239,240,243,244,247,248,249,250,252,254,255
34,257,259,260,263,264,265,36,37,41,44,46,49,50,52,53,54,55,61,67,68,71,72,75,77,79,80,81,82,83,84,85,86,87,88,90,91,92,94,101,105,106,107,108,109,110,116,118,119,120,121,127,128,129,132,134,136,139,142,144,145,147,149,151,153,157,161,163,165,166,167,170,174,175,176,181,182,187,189,190,192,194,195,196,197,201,202,204,205,207,210,212,214,217,218,219,223,224,226,228,230,233,234,235,236,237,238,239,240,242,246,247,249,250,255
35,256,263,265,267,258,259,261,37,38,40,41,42,47,48,49,50,52,53,59,60,61,62,67,68,69,70,71,72,73,75,76,77,78,80,82,87,88,90,91,92,93,103,104,108,110,111,113,116,268,121,124,125,126,129,130,133,260,137,138,140,141,142,143,144,145,148,149,150,152,153,160,163,167,170,171,172,174,176,177,180,181,185,186,188,191,194,197,199,201,202,205,208,212,213,214,216,218,219,223,226,228,232,234,236,239,242,243,245,246,248,249,251,253,264
36,256,261,263,266,267,262,39,40,42,43,45,46,47,49,50,52,53,54,57,62,64,65,66,68,69,70,74,76,80,83,84,85,90,94,98,102,103,104,106,109,112,113,114,116,117,118,119,121,122,123,133,134,136,139,140,142,143,144,146,148,151,152,154,155,156,157,165,166,167,168,170,171,172,173,176,177,182,184,185,186,187,189,190,193,198,201,206,207,208,209,211,213,214,216,220,223,224,225,226,227,228,229,230,232,234,238,240,242,243,247,249,250,251,255
37,268,265,38,39,41,42,44,47,48,49,50,51,52,54,55,56,57,59,60,61,62,65,67,68,69,70,73,74,76,77,78,79,80,82,83,87,88,94,97,101,103,104,107,108,109,112,113,114,118,121,124,125,126,129,131,134,135,136,137,138,139,140,144,147,148,151,152,154,156,159,165,167,168,171,172,174,176,180,182,185,186,188,192,193,196,201,203,205,209,210,211,212,214,218,219,221,222,226,227,231,232,233,234,235,237,238,239,242,243,246,247,253,264
38,256,258,259,262,265,42,43,257,45,46,47,49,50,261,54,56,58,61,63,64,65,67,69,70,74,77,79,82,83,85,87,90,93,94,95,96,97,98,100,102,103,107,111,112,114,121,123,125,127,128,129,131,132,133,134,135,138,139,140,141,142,146,147,148,149,150,151,152,153,154,155,156,157,158,260,161,162,164,165,170,172,173,174,177,180,181,182,183,184,187,194,198,201,203,205,206,207,209,210,213,214,218,221,223,224,227,229,231,232,233,234,236,237,238,239,240,241,243,247,251,252
39,256,259,261,267,268,260,266,40,41,42,44,45,46,49,50,51,54,55,56,58,59,61,63,64,258,67,68,74,76,82,83,87,88,91,92,94,96,97,103,104,105,108,110,112,113,114,115,116,117,119,121,122,124,127,130,132,134,136,137,138,139,140,142,145,149,150,152,153,154,158,159,160,162,264,165,169,170,171,173,175,177,179,181,184,186,187,189,190,191,192,194,196,198,200,201,202,204,205,206,208,209,211,212,214,217,218,221,222,223,224,226,227,229,230,231,233,237,239,240,241,242,243,244,245,246,247,248,249,251,252,254
40,256,257,263,265,259,43,44,46,49,50,51,53,58,62,63,68,70,73,76,79,81,82,86,88,91,92,94,95,96,98,102,103,105,106,107,110,113,116,117,118,119,121,122,123,124,125,128,129,131,132,135,136,137,138,139,145,148,150,158,161,168,170,171,173,174,175,176,178,180,181,184,185,189,190,191,192,193,194,197,201,204,206,209,212,214,218,219,220,221,222,225,228,230,236,237,238,239,241,245,246,247,264
41,257,262,268,42,263,44,46,47,49,52,55,57,58,61,64,66,67,69,72,74,75,77,78,79,80,81,82,91,92,95,96,97,98,102,103,108,109,110,111,113,258,116,117,119,121,123,124,127,128,129,131,133,134,137,138,144,145,146,148,150,151,154,155,158,160,162,164,165,168,169,170,172,177,181,187,188,192,193,197,198,199,202,205,207,208,210,217,224,226,230,232,233,234,235,236,237,239,240,242,247,248,252,255
42,259,257,264,268,43,44,46,50,51,62,67,69,71,74,75,78,79,82,84,85,86,87,267,89,91,93,94,96,98,99,102,104,107,111,112,113,119,120,121,125,126,128,133,136,138,139,142,144,145,148,154,155,156,157,158,161,163,164,167,168,172,173,174,177,178,179,181,182,185,186,189,190,191,194,195,196,198,201,202,262,205,206,207,208,209,211,212,213,214,216,217,219,220,222,224,229,230,231,232,235,239,240,241,243,244,246,248,249,250,253
43,256,264,266,268,44,48,50,52,53,57,60,62,63,64,65,66,69,71,72,75,78,79,81,82,84,85,86,87,88,89,91,92,95,98,107,109,110,112,113,115,116,117,118,119,120,125,126,127,128,131,132,134,135,136,137,138,142,143,145,149,150,151,152,153,154,159,161,162,163,164,165,167,168,170,172,176,178,179,180,181,185,189,190,192,195,197,201,202,203,204,206,209,210,211,212,214,216,219,220,225,228,230,234,236,238,241,242,243,245,246,247,249,253,254
44,256,258,261,262,257,265,45,46,49,50,51,53,54,266,59,61,67,69,70,72,73,74,78,79,84,85,86,94,95,97,99,100,104,106,108,109,111,114,115,120,122,124,125,127,128,129,133,134,139,142,143,146,147,149,153,155,156,158,161,164,165,166,167,168,172,173,176,178,180,181,182,183,185,188,189,191,194,196,198,199,206,208,211,217,221,223,263,225,226,227,229,230,231,233,237,239,242,244,245,247,250,251,253,254
45,266,262,49,51,52,265,56,57,58,59,60,63,65,66,67,68,70,77,80,81,82,86,87,90,91,92,93,95,96,97,102,103,104,106,108,110,111,113,115,116,118,120,121,125,131,132,133,134,135,137,138,141,143,144,146,148,149,150,151,155,156,157,159,160,166,167,168,169,171,173,174,177,179,180,182,184,187,189,190,192,197,200,201,202,203,204,207,209,210,211,212,213,214,215,218,219,220,221,223,226,227,229,230,231,232,234,238,240,241,242,243,244,245,249,250,255
46,256,261,257,47,48,49,52,55,57,58,59,60,61,67,267,70,71,73,75,77,78,80,81,82,86,88,89,90,91,94,96,97,99,100,102,103,104,105,106,109,112,114,116,118,119,123,126,127,130,138,142,143,144,146,148,149,155,157,158,159,161,162,165,166,168,169,174,176,177,182,185,188,189,191,193,194,195,196,197,201,204,205,206,207,209,212,213,214,215,223,225,229,234,237,239,240,242,243,245,264,248,250,251,252,253,254,255
47,258,260,262,263,48,49,51,52,54,265,56,57,61,62,63,66,267,69,70,72,73,77,78,81,83,84,87,90,91,92,93,94,95,103,104,105,108,110,111,112,113,114,117,121,127,128,134,136,137,140,141,144,145,149,150,151,152,155,158,160,161,164,166,167,168,170,171,172,173,175,177,178,179,180,182,188,189,190,191,193,195,196,199,200,201,202,205,207,209,215,219,221,223,224,227,228,230,231,232,235,238,239,243,244,245,246,247,248,249,250,251,255
48,256,264,259,260,257,50,52,54,55,60,62,63,65,66,68,69,70,72,73,74,78,80,83,84,86,87,94,95,96,97,100,103,109,110,113,114,116,118,119,122,125,126,129,130,131,134,135,137,141,142,147,149,151,152,154,155,156,158,162,164,165,167,168,171,173,174,179,180,185,191,193,194,196,197,199,200,201,203,204,205,206,207,208,209,210,215,216,220,221,226,227,229,230,231,232,233,238,239,240,241,243,244,245,246,247,249,250,251,252,253,255
49,260,257,266,263,52,261,54,57,61,62,64,65,66,71,74,76,77,80,81,86,87,89,90,92,95,97,98,102,103,104,105,107,108,109,110,111,113,114,115,116,118,122,123,124,125,128,130,131,132,133,134,135,136,139,143,146,148,151,156,157,162,164,165,166,171,173,175,176,181,184,185,190,191,192,193,194,197,198,199,200,201,204,208,212,214,216,219,220,221,224,225,226,230,232,235,238,239,241,243,247,249,251,252,255
50,256,260,257,52,53,54,265,58,62,64,65,66,68,70,71,72,73,75,80,81,82,83,84,85,90,92,95,97,98,99,100,103,104,107,109,111,113,115,118,121,126,128,129,131,134,137,138,139,140,142,146,147,148,149,150,151,152,153,154,155,158,159,162,163,170,174,176,177,180,182,183,184,185,186,187,188,189,190,192,194,195,198,200,202,203,206,207,209,212,214,217,221,223,224,225,226,227,228,263,233,235,236,239,242,243,247,248,252,253,254
51,261,268,263,264,52,55,56,57,266,59,60,61,62,63,67,69,73,74,75,77,78,79,82,84,85,86,87,88,90,92,96,102,103,104,107,110,112,113,115,116,118,119,120,121,122,126,127,129,131,136,137,138,141,142,143,144,148,149,151,152,154,156,158,159,161,162,163,164,165,167,169,172,173,174,176,177,178,180,182,185,187,189,190,191,193,194,195,197,198,200,202,203,204,205,208,209,211,212,213,214,216,220,257,222,224,229,231,235,236,239,240,242,243,245,246,247,248,252,255
52,262,265,268,258,55,58,61,62,63,65,68,74,76,78,79,80,83,84,87,88,90,91,93,95,97,100,103,259,109,112,114,115,116,118,119,120,124,125,127,130,131,133,134,135,138,140,141,142,144,146,151,154,156,158,159,161,163,165,167,171,172,174,175,177,178,179,180,182,185,190,191,194,197,199,200,204,205,206,209,212,214,217,225,227,228,229,231,232,235,236,241,242,246,249,251,253,264,255
53,256,261,56,266,59,61,64,65,67,68,70,71,72,73,77,78,80,257,83,85,86,88,90,92,93,95,97,99,103,105,106,107,111,112,117,118,119,121,124,125,127,135,138,140,146,147,150,151,153,154,157,158,159,166,167,171,174,179,181,183,184,186,188,189,194,197,199,200,206,208,212,213,214,216,217,218,221,227,228,232,233,234,235,237,239,240,242,243,244,245,246,252,254
54,257,259,261,263,268,260,55,60,64,65,67,68,70,72,73,74,77,79,81,83,84,85,87,267,96,97,98,101,102,105,113,114,115,116,117,118,119,121,123,124,129,130,131,132,133,135,136,138,141,143,147,148,149,150,152,154,156,157,159,160,161,162,164,165,168,172,173,174,179,182,187,190,191,196,199,201,202,203,204,205,207,209,211,212,214,218,221,222,227,231,234,235,237,238,240,242,244,245,247,248,253,264,255
55,263,264,56,57,60,64,65,66,70,71,72,74,79,80,81,82,83,85,87,92,94,96,97,98,99,100,101,103,104,105,108,109,110,111,114,116,117,118,119,120,124,127,129,131,133,134,136,137,138,139,140,144,146,147,148,153,158,160,163,166,167,168,169,170,175,176,177,178,185,186,188,189,193,195,196,197,198,199,200,202,203,204,205,206,207,208,209,210,211,212,214,215,216,218,220,221,222,224,225,226,230,231,232,233,237,238,239,243,244,245,247,249,255
56,258,259,261,264,260,57,58,64,66,70,71,72,73,74,75,76,81,82,83,84,87,90,92,93,95,97,99,100,102,109,110,111,113,114,115,116,118,120,123,125,127,128,129,131,132,136,137,140,148,149,160,161,162,165,166,167,168,169,170,171,172,174,175,177,178,179,180,181,183,185,186,187,188,191,194,195,196,198,202,203,209,212,213,222,223,225,226,230,234,235,236,241,244,246,249,250,251,253,254
57,259,262,266,261,58,60,61,66,68,71,72,268,75,76,78,79,81,82,86,87,90,96,100,101,103,107,108,110,111,113,120,123,124,125,129,133,134,136,137,139,140,141,143,144,146,147,148,149,151,152,154,156,157,158,160,162,165,166,168,169,176,179,180,181,185,186,188,190,192,193,265,197,199,200,202,204,206,209,212,213,216,217,219,223,224,225,229,231,233,234,235,236,238,239,241,242,246,248,249,253,264,255
58,256,264,265,258,262,263,257,266,59,60,61,63,64,267,68,71,73,74,76,78,79,80,82,84,89,92,93,94,96,98,99,101,103,105,106,107,108,113,114,116,117,268,119,120,121,125,130,131,132,133,134,136,138,142,145,146,149,151,152,154,158,159,161,162,163,168,169,171,176,177,183,185,188,191,192,194,195,196,197,198,199,202,206,210,211,213,214,217,218,220,225,228,230,231,236,237,239,241,243,244,247,248,249,251,253,254
59,257,263,259,260,261,264,61,62,64,65,68,71,73,74,77,80,81,82,83,84,87,89,90,92,93,95,97,99,100,101,103,105,108,109,111,113,115,116,117,268,119,120,123,125,126,127,128,129,130,131,137,138,139,141,145,146,147,148,149,150,154,155,156,158,162,163,164,168,170,171,172,173,174,176,178,179,180,181,188,190,191,192,193,196,198,200,202,204,205,207,218,219,220,228,229,230,231,234,237,238,239,241,247,248,250,251
60,256,268,259,261,264,62,63,267,68,70,73,80,81,82,83,86,87,88,91,92,93,94,99,104,105,106,108,109,113,116,117,119,121,126,127,128,131,132,135,139,146,147,151,152,153,154,156,157,159,161,164,165,169,170,173,177,178,180,181,184,186,189,190,191,192,194,197,198,199,201,202,203,204,205,206,209,211,216,219,220,221,223,226,230,231,235,236,240,245,247,248,249,251,252,255
61,264,265,258,263,62,63,65,67,72,268,74,76,77,79,84,87,89,91,93,96,97,100,101,102,104,105,110,112,113,114,115,117,118,120,125,127,128,129,132,133,134,135,136,138,140,142,143,145,146,149,151,154,155,161,163,164,166,167,168,173,174,175,177,178,180,181,183,184,186,189,190,197,198,199,201,205,207,210,211,212,215,216,217,218,219,220,221,225,229,231,232,234,237,239,240,241,242,245,247,248,251,253,254
62,262,257,266,63,64,267,68,73,75,79,80,82,84,89,90,94,95,97,98,99,100,101,102,103,105,107,108,109,111,112,118,120,121,122,124,125,129,130,131,133,260,136,140,141,142,148,156,158,159,165,166,167,172,173,174,176,177,178,179,180,181,184,187,191,193,194,196,197,198,200,202,206,208,209,210,211,213,215,216,217,218,225,228,229,231,234,235,236,237,238,239,240,241,242,244,249,250,255
63,256,265,266,262,67,68,69,70,71,72,268,74,75,76,77,79,80,83,85,86,88,89,91,92,94,96,263,99,101,102,103,104,109,110,112,113,120,122,126,127,129,130,133,134,135,137,140,147,151,153,154,156,158,160,161,162,164,165,166,167,168,169,170,172,173,175,177,179,180,183,184,185,186,188,189,190,192,195,196,197,200,202,203,205,207,208,210,211,215,220,223,224,226,227,229,232,235,236,239,241,244,247,249,252
64,256,265,266,65,69,70,72,268,74,75,77,78,80,81,82,84,85,90,91,94,95,96,98,99,103,104,106,111,113,118,119,120,121,122,124,128,131,132,135,136,137,139,141,142,145,146,147,149,150,151,152,153,157,158,159,160,168,171,174,176,177,178,180,181,182,183,184,186,187,190,195,196,200,202,210,212,213,215,217,218,220,221,223,225,226,227,229,230,235,236,238,241,242,245,246,249,251,253,264,255
65,257,260,261,262,263,267,66,71,73,74,78,80,82,84,85,86,87,88,93,95,100,102,104,105,107,108,111,112,115,120,121,123,124,127,128,129,137,139,142,145,146,147,149,152,153,156,157,159,160,161,162,163,165,169,172,173,178,179,180,181,183,185,188,191,192,194,196,198,199,202,203,212,215,216,217,218,221,224,225,227,230,231,237,238,241,242,243,244,245,248,250,253,254
66,266,268,261,262,68,69,76,77,79,80,81,82,91,94,95,96,102,103,104,105,107,111,113,117,118,119,120,122,126,133,134,135,136,137,139,141,142,144,145,146,156,157,159,161,162,163,165,167,168,169,171,172,174,175,176,178,182,184,185,186,188,193,194,203,204,205,264,218,222,224,225,226,228,230,231,233,234,239,241,243,244,246,247,265,252,253,254,255
67,260,261,262,264,267,268,258,266,70,72,74,77,79,80,82,83,84,85,86,87,88,89,93,94,95,97,101,102,104,106,107,110,111,112,114,115,118,121,122,123,124,126,127,130,134,138,141,142,143,145,152,154,156,157,158,161,165,166,168,170,174,182,183,185,188,189,190,192,194,195,197,198,199,200,201,203,204,205,208,209,210,211,212,213,214,216,219,220,257,224,226,228,230,231,234,235,236,237,238,241,244,245,248
68,258,261,265,264,267,70,72,73,74,78,81,86,88,90,91,94,95,97,98,99,102,103,104,106,107,108,113,116,268,121,124,127,129,130,131,132,260,136,139,140,141,142,144,147,150,151,152,155,156,159,160,163,164,167,169,170,175,176,178,179,182,183,184,185,187,189,190,191,194,197,199,200,202,207,210,211,212,215,216,219,222,223,226,227,228,229,231,233,236,237,242,243,245,247,248,249,251,253,254,255
69,258,263,267,71,268,75,76,80,82,83,84,86,87,89,93,94,99,100,101,102,106,107,108,109,112,116,117,119,122,124,127,131,132,133,134,137,140,141,142,144,145,147,149,152,158,160,161,164,165,167,169,172,173,175,176,178,179,181,182,184,186,187,190,198,199,201,202,203,204,205,207,208,212,215,218,219,223,224,225,226,227,228,229,230,233,237,238,239,240,241,242,245,246,255
70,257,260,262,263,264,265,266,71,72,73,74,75,78,268,80,81,82,83,84,85,87,89,90,91,98,107,111,115,116,117,118,123,127,128,129,130,131,133,134,137,139,144,145,147,151,153,154,156,157,159,162,163,164,166,168,170,171,175,177,178,180,181,185,186,191,192,194,197,199,200,202,204,205,206,212,213,214,216,217,218,222,223,224,226,228,232,233,236,240,241,243,246,247,248,251,252,255
71,256,258,261,268,262,72,75,82,85,86,88,89,91,93,94,95,101,103,259,106,107,111,113,115,116,117,128,132,141,143,144,147,150,152,153,154,156,158,159,160,161,162,164,167,168,169,171,173,174,175,178,182,183,192,194,195,197,198,199,203,204,205,209,216,218,220,221,222,224,227,231,232,233,235,236,239,240,241,244,246,248,249,251,252,254,255
72,256,263,264,265,266,74,75,76,77,80,81,82,86,88,93,95,97,98,101,102,105,106,107,108,112,118,119,121,122,124,125,130,131,133,136,137,139,143,144,147,149,152,267,159,160,163,164,170,172,173,175,177,178,182,183,185,186,190,191,192,193,194,195,196,197,215,217,218,221,222,223,225,227,228,230,233,235,238,239,241,243,245,246,247,250,254
73,256,258,259,267,268,78,80,82,84,87,89,92,94,98,102,108,110,111,114,115,116,117,120,121,122,133,136,137,140,141,142,147,150,151,153,157,161,163,164,166,167,171,172,173,176,177,178,181,183,184,185,186,191,195,196,200,202,206,207,208,211,213,215,217,219,220,224,228,234,235,238,243,247,248,249,250
74,260,262,265,75,77,79,81,85,86,87,89,97,98,101,104,106,109,111,112,114,118,120,122,124,126,127,128,129,130,132,133,136,137,138,139,140,141,146,147,149,151,155,157,159,161,163,164,167,168,169,170,171,173,175,176,178,179,180,190,195,196,199,200,201,206,207,209,210,216,222,223,224,225,229,232,234,235,237,238,239,242,244,245,249,253,255
75,256,261,259,266,76,78,80,81,85,89,90,94,95,96,98,100,103,106,107,108,109,110,111,116,117,119,123,126,131,132,260,137,139,140,145,147,148,154,155,156,157,158,159,160,161,162,165,166,167,168,170,174,175,180,183,185,187,188,190,192,194,195,196,197,200,203,204,205,207,208,212,213,214,215,218,219,223,226,232,233,237,240,242,246,247,248,249,252,253,254,255
76,262,260,261,78,79,80,84,86,88,95,96,98,101,102,105,106,107,110,118,119,123,128,130,133,136,137,139,140,142,143,144,146,148,149,152,153,154,156,157,159,161,166,167,169,170,171,177,181,182,187,188,190,191,192,196,197,198,200,201,202,203,206,208,210,213,214,215,216,219,220,223,225,227,228,230,234,235,236,241,247,248,249,250,252,264
77,256,261,265,266,267,268,263,78,79,80,81,84,85,90,92,99,102,259,106,107,108,111,112,258,116,119,122,124,128,133,135,136,138,144,145,147,148,149,150,152,153,154,155,158,163,164,165,167,169,174,175,178,179,180,181,183,185,186,191,195,196,197,198,200,201,206,208,209,210,213,215,216,217,219,220,222,225,226,227,230,231,233,234,235,237,238,240,241,243,251,264
78,256,258,268,261,266,267,81,82,83,86,88,89,91,92,93,95,97,100,101,102,104,112,113,114,115,116,118,120,121,122,123,124,129,131,133,136,138,139,142,143,147,148,150,151,152,153,157,158,160,161,162,163,165,167,172,173,175,176,177,178,180,182,185,187,188,189,191,192,193,262,195,198,200,201,202,203,207,209,210,211,214,215,216,217,219,220,222,223,263,227,230,234,238,239,240,241,242,243,244,245,246,249,250,252,255
79,256,257,261,265,266,267,268,264,80,81,82,84,92,93,97,98,101,102,103,105,110,111,115,116,117,118,120,121,125,127,128,129,133,134,136,138,139,140,141,142,143,144,145,146,147,150,151,153,157,159,160,161,162,163,164,165,167,168,171,172,173,176,177,178,179,181,184,189,190,192,195,196,199,201,204,205,207,208,210,212,214,215,216,217,218,219,220,221,263,225,228,236,237,241,242,244,246,251,252,253
80,259,260,263,266,268,258,261,83,85,86,87,88,89,90,92,94,96,97,99,101,102,106,111,112,114,117,122,124,125,128,131,132,133,134,135,137,139,140,146,147,148,150,151,152,157,158,159,161,162,163,167,168,171,173,177,178,179,181,182,183,185,186,187,198,201,202,203,204,206,207,208,211,213,216,217,220,226,227,231,232,237,238,239,242,247,249,250,251,252,254
81,257,264,265,266,256,268,82,84,85,88,89,90,96,101,102,103,108,110,114,115,116,118,120,121,122,125,127,128,129,131,132,135,136,140,142,143,146,149,150,152,154,157,159,161,162,164,165,167,170,172,173,175,180,183,184,187,189,193,197,201,202,206,207,209,210,211,212,214,215,216,217,223,263,226,231,234,235,236,238,241,242,244,246,249
82,256,264,268,258,260,89,93,95,96,263,101,102,106,110,117,120,121,122,125,129,134,135,137,138,140,141,144,147,150,151,155,156,158,159,160,161,162,163,261,165,167,169,170,173,174,180,181,183,184,185,186,189,190,192,194,195,197,198,199,265,204,206,207,209,210,213,215,216,218,219,220,222,223,224,225,226,228,235,239,240,241,243,245,246,247,248,249,251,254
83,256,258,259,260,261,268,87,267,91,92,93,94,97,99,101,104,105,106,107,108,109,110,113,115,124,126,128,129,130,131,134,139,140,141,143,147,151,152,156,158,164,165,166,171,176,180,181,182,183,184,188,189,196,197,198,199,202,203,205,206,209,211,212,214,215,216,217,221,225,228,234,235,236,238,240,241,242,243,244,248,249,250,251,252,253,254
84,256,258,265,267,268,264,87,89,92,93,94,95,98,102,104,107,110,115,117,118,119,120,121,126,127,128,130,133,134,136,137,138,139,141,143,147,149,151,153,154,155,156,160,163,164,165,167,169,170,172,173,174,175,176,179,180,181,182,183,184,187,188,191,193,194,196,201,203,210,214,215,221,229,230,231,232,233,238,242,245,246,247,250,251,253,254,255
85,259,260,261,264,266,268,262,90,91,92,93,94,95,96,99,100,101,102,105,107,108,109,110,111,114,115,119,120,124,126,128,129,131,132,133,135,138,139,140,141,142,143,148,149,150,155,156,157,159,160,162,164,165,166,170,171,172,177,182,183,185,186,265,198,205,209,210,211,212,217,219,222,224,225,226,228,229,230,231,233,234,236,238,240,241,242,243,244,245,247,248,249,252,253,254,255
86,256,257,264,265,267,261,268,87,88,90,91,93,98,100,102,107,108,110,112,113,117,119,121,123,124,126,127,129,132,133,134,136,138,139,140,141,142,145,149,150,152,153,154,155,156,157,158,159,160,163,165,167,168,169,171,172,173,175,176,178,180,187,188,195,199,204,205,209,211,212,214,215,218,220,223,263,228,229,230,233,235,236,238,239,242,243,245,246,248,249,250,251,254,255
87,256,258,261,257,260,265,91,92,95,97,99,102,104,106,107,111,113,114,116,123,125,128,135,138,140,144,145,147,148,149,150,152,153,160,161,162,165,167,168,170,171,172,173,175,176,178,180,181,184,185,186,187,192,194,197,198,200,201,208,209,211,212,214,216,220,221,222,263,225,226,227,229,230,231,232,236,240,242,243,245,246,248,249,250,252,254,255
88,260,267,268,89,92,93,94,95,98,101,104,108,110,111,112,113,120,122,123,125,130,131,133,134,135,136,137,138,139,143,144,146,148,149,150,151,153,154,158,161,163,165,166,167,169,172,173,174,175,176,177,178,181,182,183,184,186,187,190,262,195,196,199,202,203,207,208,211,213,214,215,218,221,223,226,232,233,235,236,237,238,240,242,244,245,246,247,248,252,253,254,255
89,256,259,265,268,266,262,90,91,92,263,98,101,103,107,108,112,113,114,115,120,123,125,127,128,131,133,135,136,137,140,142,143,146,148,149,150,152,156,157,159,160,161,163,164,167,171,173,176,177,178,179,182,183,185,186,187,189,190,191,192,194,195,199,201,202,204,209,210,211,213,216,218,219,220,221,223,224,227,228,230,231,233,234,235,236,238,240,242,243,244,246,247,249,250,253,264,255
90,256,261,259,262,266,91,93,94,95,97,98,99,101,106,107,111,112,114,116,122,123,128,130,131,133,134,138,142,143,146,147,148,149,151,153,156,158,163,164,166,168,169,171,172,173,175,176,181,184,185,187,192,195,197,198,199,200,201,202,205,207,208,209,210,211,212,213,218,219,221,226,227,230,233,238,240,241,243,244,245,246,248,251,252,255
91,259,262,257,265,266,92,97,103,104,105,106,110,111,112,114,116,117,121,122,123,126,129,130,132,135,136,137,138,145,148,150,151,152,153,154,156,157,158,159,164,165,166,169,170,175,177,180,181,182,184,185,188,192,193,195,197,199,201,202,204,205,208,209,211,212,213,217,218,219,222,225,226,229,231,232,233,234,235,236,238,240,247,250,251
92,256,260,261,267,259,95,97,98,101,108,109,110,112,114,116,118,119,120,124,126,128,130,134,135,136,137,139,140,144,150,151,152,153,156,157,158,159,162,166,170,171,173,174,175,180,182,183,184,187,188,189,190,191,192,197,198,200,202,204,206,207,208,209,211,213,214,215,216,221,223,263,226,227,230,232,233,234,239,241,244,245,247,251,254,255
93,258,260,262,263,265,268,94,97,99,100,101,102,104,107,108,110,113,114,115,116,117,118,124,125,127,128,130,140,141,142,144,146,147,151,153,155,156,157,158,160,161,165,166,169,170,171,172,173,174,266,179,180,181,182,183,188,189,192,194,195,196,198,199,200,201,202,205,206,209,210,211,212,213,215,218,220,222,223,224,227,228,233,234,235,240,241,245,251,252,253
94,256,265,261,266,258,97,100,102,103,104,105,106,107,109,110,114,115,117,118,119,121,123,125,134,137,138,140,141,142,143,146,148,149,150,151,152,153,155,156,267,164,165,166,168,169,171,175,176,179,185,186,189,192,193,195,197,198,199,200,202,206,209,211,213,217,219,257,224,226,228,229,232,236,237,240,241,242,243,244,245,247,250,252,253,254
95,256,99,101,102,104,108,109,110,111,114,115,116,118,119,123,125,127,128,129,130,131,135,136,138,139,141,143,144,145,148,153,157,158,160,161,162,167,168,171,173,174,175,176,177,179,180,182,186,189,190,191,195,197,198,199,201,202,203,204,207,208,209,211,212,213,214,215,218,219,220,221,222,223,224,225,226,227,228,229,232,233,234,238,239,240,241,242,243,244,245,247,248,250,251,253,255
96,258,263,261,262,268,100,102,107,108,109,111,112,115,116,117,118,119,122,123,124,129,131,132,134,135,136,137,140,141,142,145,148,153,158,160,162,163,170,178,181,183,185,188,189,190,191,193,195,196,198,199,201,203,204,212,213,217,218,220,223,226,229,233,235,237,239,240,242,243,244,246,248,250,251,252,254
97,256,262,266,261,263,257,267,99,101,102,103,104,108,109,110,114,116,118,119,124,126,136,137,140,141,143,144,146,147,148,149,150,152,154,156,157,158,159,160,161,162,164,166,168,169,171,173,174,175,176,178,181,182,185,188,190,191,192,194,195,199,206,207,209,210,211,213,214,219,221,222,224,226,227,231,233,234,235,239,240,246,250,251,252,253,254,255
98,259,265,257,261,266,256,263,99,101,102,105,106,108,109,110,114,117,118,119,123,127,129,132,133,136,137,139,141,142,143,144,146,149,154,156,158,159,164,165,166,167,168,169,178,179,180,181,182,184,189,190,191,193,194,202,205,206,208,212,215,219,220,221,224,226,228,230,231,235,237,239,241,242,244,247,248,250,253,264,255
99,262,257,264,266,105,107,110,113,114,116,118,121,122,124,125,126,127,129,130,132,133,135,144,146,148,149,151,153,155,158,159,162,164,165,168,169,172,174,177,180,181,182,184,185,187,189,190,192,194,195,199,200,201,204,206,207,211,213,216,217,222,224,227,229,230,236,238,241,245,247,249,253,254
100,256,257,261,262,260,267,104,106,112,113,114,116,118,120,121,122,124,125,127,128,129,130,131,259,135,138,139,140,142,143,145,147,150,152,153,158,159,160,161,163,166,168,169,170,171,174,176,178,180,181,183,184,185,188,190,191,192,194,196,198,202,206,207,208,210,213,216,221,222,224,225,227,229,230,231,232,233,237,238,239,244,245,248,250,254
101,257,262,263,265,267,268,259,264,102,103,104,105,109,110,112,114,115,116,117,118,119,121,122,123,125,126,127,130,131,133,137,138,139,142,144,148,149,154,160,162,166,167,169,170,172,174,178,179,181,184,187,188,189,192,193,195,200,201,202,203,204,205,207,208,209,210,214,215,217,218,219,220,221,223,226,227,228,231,232,233,235,236,238,239,241,245,246,247,250,252,255
102,258,261,266,256,267,103,104,107,109,111,112,113,115,117,120,123,124,125,130,131,132,260,135,139,140,142,146,147,148,152,153,155,159,161,163,168,169,170,171,172,173,177,180,182,184,186,190,191,194,195,200,202,204,210,211,215,222,224,225,226,227,230,231,233,234,236,240,242,243,246,249,252,253
103,256,257,263,268,261,104,105,106,107,109,114,115,116,117,118,119,120,121,123,124,126,128,129,131,132,135,138,140,142,144,146,147,150,151,152,155,160,161,163,168,169,170,172,173,175,177,179,180,183,184,185,187,188,192,196,198,200,202,204,205,206,207,210,211,212,215,217,221,223,227,229,230,231,233,237,241,245,250,252,254,255
104,261,265,267,259,268,105,106,107,109,110,111,112,114,115,117,118,119,120,122,123,126,129,132,133,260,136,138,140,141,145,147,148,149,150,151,152,153,161,162,164,167,171,173,177,178,179,182,185,188,189,190,192,193,196,201,206,208,210,211,212,214,217,218,219,220,222,224,228,230,233,235,236,240,245,246,248,250,252,264,255
105,264,268,259,266,257,261,258,106,108,109,110,112,113,114,115,117,118,119,121,123,125,126,127,129,132,133,135,136,138,139,141,142,147,150,151,154,156,157,158,159,161,162,163,164,170,171,172,173,175,178,179,181,182,184,187,188,189,195,197,201,202,210,213,214,215,216,218,219,221,222,223,225,228,231,234,236,237,241,242,243,244,246,248,249,253,255
106,257,262,265,264,266,258,108,112,113,114,115,116,119,121,122,124,125,126,128,129,130,134,135,136,138,139,143,145,146,150,153,156,158,164,166,167,171,177,178,182,183,186,189,195,198,201,203,205,206,209,211,212,216,217,224,226,227,228,234,236,237,238,241,243,247,249,255
107,256,257,261,264,267,260,259,265,108,109,110,114,115,116,117,118,119,122,124,125,131,133,134,135,140,143,144,146,148,151,153,154,156,157,158,161,164,166,167,168,172,174,176,178,181,183,186,189,199,200,201,203,204,205,207,208,209,211,212,214,215,216,217,224,226,227,229,230,233,234,235,238,241,242,243,244,245,246,248,249,254,255
108,260,265,109,111,112,116,118,119,121,126,127,133,134,135,137,142,143,144,146,153,155,156,158,160,162,163,164,167,169,170,175,176,177,178,179,181,184,185,190,192,193,262,195,197,200,201,202,204,206,209,218,219,220,224,228,229,232,234,236,237,238,241,243,245,246,247,248,249,253,255
109,263,267,111,114,116,117,120,122,125,126,128,129,131,132,134,135,136,140,142,147,151,152,153,157,158,159,161,164,167,168,169,172,173,174,176,177,179,180,181,182,183,184,187,188,189,190,192,193,194,195,196,197,198,200,203,204,205,207,208,209,210,211,213,214,216,217,219,221,222,223,228,232,234,236,237,238,241,246,248,249,253
110,256,261,262,267,257,266,258,111,114,118,119,120,121,124,125,126,134,135,136,137,140,141,142,143,145,146,149,150,152,155,158,159,161,162,167,169,172,176,177,178,181,183,186,188,192,193,197,199,201,204,206,207,208,210,211,213,214,215,218,219,224,226,227,228,233,234,235,236,238,240,241,244,245,246,248,252,255
111,258,262,257,265,267,263,113,115,116,117,118,119,120,121,123,126,127,128,133,134,136,137,140,141,144,145,147,148,149,152,155,156,159,160,162,163,165,166,167,170,172,173,174,175,177,181,182,183,185,187,188,189,190,191,193,194,195,197,199,201,203,205,206,207,208,209,211,217,219,221,224,225,226,227,228,230,231,232,234,239,244,246,247,249,251,252,254
112,260,257,261,264,263,114,119,120,121,123,124,126,129,130,131,133,136,138,139,140,145,147,148,151,158,161,164,167,168,169,170,172,176,177,178,179,180,181,182,183,186,187,188,189,191,192,194,195,196,197,199,201,205,206,209,212,215,216,217,219,222,223,224,225,226,227,228,231,232,234,235,236,238,241,243,244,247,248,249,250
113,256,257,260,261,268,117,121,124,125,131,132,133,135,137,139,141,143,145,147,158,162,163,164,166,167,168,169,171,172,174,177,178,179,180,185,187,188,190,191,262,195,196,197,199,200,201,202,203,207,208,209,210,211,215,216,217,218,219,220,221,222,263,226,227,228,230,232,234,235,236,237,240,244,246,247,254
114,261,262,263,264,267,268,256,259,266,117,118,119,121,122,126,127,129,130,132,134,137,140,141,142,143,147,148,150,153,158,159,161,163,164,168,171,173,174,176,177,179,180,181,183,185,186,188,189,190,192,193,195,197,198,199,203,204,206,209,210,211,212,213,218,219,223,224,228,232,234,235,239,242,247,249,250,251,252,253,254,255
115,261,263,267,268,256,262,259,116,117,119,121,122,123,124,125,129,130,131,132,134,136,137,138,139,140,141,142,143,147,149,151,152,153,156,159,160,161,163,167,168,169,170,171,172,176,177,178,180,182,183,184,185,188,189,190,191,192,193,194,195,197,198,202,214,215,216,220,221,230,233,235,236,237,240,243,248,249,250,254
116,256,259,260,257,267,258,118,122,123,126,127,129,131,135,136,139,145,146,151,154,157,158,160,161,164,165,168,169,170,175,176,178,179,183,184,185,190,192,193,196,197,200,203,204,205,207,216,217,219,220,222,223,263,225,226,227,228,232,233,235,236,237,239,241,243,245,248,249,251,252,264,255
117,261,257,265,267,258,266,264,263,118,120,121,122,124,130,131,134,139,268,142,143,149,152,153,155,156,157,160,161,162,163,164,166,167,168,171,172,173,175,176,178,180,182,185,186,188,195,197,201,202,205,207,211,212,213,217,218,219,220,221,222,224,226,227,228,231,233,234,235,236,237,239,241,242,246,247,249,252,253,254,255
118,257,258,119,120,121,124,125,127,130,132,134,135,137,138,139,143,146,147,148,149,150,151,152,155,156,157,158,159,164,167,169,170,171,172,173,178,179,183,184,190,193,195,198,199,201,202,205,207,209,210,212,215,216,223,224,225,226,230,232,233,234,242,264,248,249,252,253,254
119,256,260,261,262,257,120,123,125,129,130,131,132,133,138,140,143,144,146,147,151,152,155,156,158,159,163,165,168,179,180,181,182,186,192,195,196,198,201,202,203,204,205,206,207,208,210,213,214,215,216,217,219,222,224,225,230,231,232,233,234,239,241,242,243,249,253
120,256,257,262,264,266,267,263,123,126,128,131,132,133,135,136,137,138,140,141,143,144,146,147,149,150,154,155,157,162,163,164,167,168,169,172,173,176,177,268,180,181,183,187,189,195,198,199,202,205,207,208,209,212,218,221,223,224,225,226,227,228,230,231,232,234,236,237,238,241,243,245,247,249,250,251,254,255
121,256,259,263,265,266,258,264,123,126,127,128,130,132,135,137,138,140,143,144,146,147,149,154,155,157,158,160,161,164,165,167,168,169,171,173,175,176,268,179,180,182,184,185,186,187,189,190,192,195,196,199,200,202,203,204,205,206,207,208,210,211,213,214,218,219,222,227,229,231,233,234,235,236,244,245,250,252,253
122,259,267,268,260,263,123,124,128,130,132,134,137,140,141,146,148,149,151,152,153,154,158,159,160,163,165,167,168,169,171,172,173,174,178,180,181,183,186,187,189,190,192,193,196,197,198,199,202,203,204,205,206,209,215,216,218,219,221,222,223,224,226,230,231,233,234,235,238,243,246,250,251,252,264,255
123,259,124,126,134,137,138,140,148,149,153,154,156,161,162,164,165,167,168,170,172,173,175,179,181,182,183,186,189,191,193,194,195,197,198,201,205,207,210,212,213,217,221,224,225,226,230,232,233,235,236,240,242,243,247,248,251,252
124,256,263,266,267,126,127,129,132,134,135,137,138,139,140,141,142,144,145,146,147,148,149,152,154,155,157,158,159,160,163,165,166,168,175,178,181,182,184,185,187,188,189,190,191,192,260,196,197,198,199,200,201,203,204,205,208,209,210,212,216,217,218,219,220,222,223,224,225,226,227,228,229,230,234,238,239,241,242,243,246,247,249,251,253,255
125,256,257,128,130,133,134,135,137,138,141,143,144,145,149,150,159,162,164,168,169,170,171,174,175,176,180,181,183,187,189,190,191,192,194,197,198,200,202,262,204,205,206,207,209,210,212,213,214,215,218,219,221,223,224,225,226,228,230,233,234,236,237,239,241,245,249,264
126,256,257,260,266,132,134,135,136,138,141,144,147,149,150,151,152,153,154,155,166,169,175,176,177,180,181,182,185,186,188,189,190,192,194,195,200,201,202,205,209,211,212,214,215,218,219,220,221,222,223,224,225,226,227,229,230,231,234,235,237,240,242,243,245,246,247,249,254,255
127,256,259,261,264,129,132,133,137,138,142,143,144,145,147,150,152,155,156,157,159,160,161,164,166,169,172,173,180,181,184,187,188,189,195,196,197,199,200,202,204,205,206,207,208,209,210,211,215,216,218,219,220,223,263,229,230,232,234,237,240,242,245,247,249,252,253
128,257,258,261,265,268,260,266,267,130,131,133,136,138,139,142,143,147,148,151,153,159,160,165,167,168,169,170,173,174,176,178,179,181,185,187,188,190,192,195,196,197,198,199,200,201,204,205,206,208,210,211,214,218,221,223,225,227,229,231,233,234,239,241,243,244,249,250,251,252,264
129,257,258,259,260,263,268,266,131,133,139,144,147,148,150,151,154,155,157,158,159,162,163,261,170,172,173,175,177,178,180,182,184,185,186,188,189,191,192,194,195,203,206,210,211,215,217,221,223,225,229,231,233,234,235,236,237,238,240,243,245,246,247,248,249,250,251,255
130,263,261,133,134,140,142,145,146,150,151,154,157,158,159,161,162,168,170,171,172,174,176,177,178,179,182,267,186,189,190,191,192,195,197,198,200,201,206,207,208,212,213,221,222,223,226,229,230,231,233,235,236,237,238,240,243,244,245,246,248,250,251,264
131,256,261,268,258,260,132,133,134,135,137,139,142,144,145,146,147,149,154,155,157,158,159,160,165,167,170,174,177,180,182,184,186,191,192,193,196,198,203,204,207,209,210,213,214,215,218,222,223,227,233,234,238,239,241,242,243,246,248,250,253,255
132,262,257,266,260,265,133,136,142,146,147,148,149,151,152,154,157,160,163,164,165,171,173,181,185,187,188,189,190,192,195,196,197,200,201,202,203,206,264,213,219,220,221,223,226,227,228,231,232,236,237,241,243,244,245,247,251,252,253,254,255
133,258,267,268,263,266,134,140,145,147,150,151,153,154,157,158,162,163,164,165,166,169,170,172,173,174,175,176,177,178,179,181,182,183,185,190,191,192,193,194,195,197,198,204,206,207,208,210,211,214,216,218,219,257,222,223,225,226,227,228,229,232,233,234,235,238,242,244,246,249,250,253,255
134,256,258,261,263,266,268,267,260,135,136,138,140,146,148,149,151,156,157,158,159,162,164,166,169,171,180,181,183,184,185,191,192,196,203,206,209,211,212,214,216,217,218,221,223,224,228,234,235,237,238,241,243,245,247,251,253,254
135,258,259,265,266,267,268,139,140,141,143,144,147,150,151,152,154,155,156,159,164,166,167,168,169,172,174,175,176,178,180,186,188,189,191,193,262,195,196,206,210,214,217,219,221,224,225,226,228,230,232,233,234,235,236,240,241,242,243,247,249,252,254
136,256,258,261,268,260,263,140,265,142,144,149,152,154,155,157,158,161,162,166,173,176,178,179,185,186,187,190,191,192,194,195,196,197,200,202,203,204,205,206,208,209,264,216,217,218,219,221,222,224,225,229,230,232,233,235,237,238,239,241,244,245,246,247,248,249,252,254,255
137,257,264,267,256,266,259,139,141,143,144,149,150,151,152,153,154,155,157,160,161,162,261,166,167,169,172,173,177,179,180,181,184,185,189,191,192,194,195,196,200,201,203,204,205,208,212,217,218,219,222,223,224,225,226,230,231,232,238,241,242,243,244,245,252,253,255
138,261,268,265,141,142,144,147,148,154,158,159,160,161,162,164,166,168,172,174,175,266,177,180,182,183,184,267,188,190,192,194,195,196,197,198,201,202,204,205,208,210,214,218,221,224,227,228,229,230,235,236,237,238,239,243,245,251,252,254,255
139,260,262,264,268,261,141,144,145,146,147,149,150,151,153,154,155,159,160,161,163,164,165,166,169,171,172,177,178,181,184,185,190,193,194,195,196,198,199,202,204,205,206,207,210,212,213,215,216,217,218,221,222,224,226,229,232,236,238,239,240,242,243,244,245,246,252,253,254
140,257,259,260,263,268,141,144,146,147,150,153,155,157,158,160,163,261,165,166,169,170,174,175,177,178,179,180,181,182,186,189,191,192,193,201,202,204,206,209,211,214,217,218,221,223,224,225,227,228,229,230,231,233,235,236,237,239,243,244,248,253,254
141,258,261,263,265,268,145,148,149,153,154,156,158,159,160,162,165,166,167,169,172,174,175,177,179,181,183,185,186,187,188,189,197,199,201,202,205,206,207,208,210,216,218,219,222,224,225,227,230,235,237,238,239,240,241,247,250,251,253
142,258,263,265,267,256,259,268,144,145,147,150,151,152,155,156,157,160,164,165,166,167,168,169,170,171,266,177,179,181,186,188,189,192,196,197,198,200,201,202,204,206,207,208,209,212,214,216,217,218,220,221,223,224,225,227,229,231,236,237,239,240,246,247,249,252,253,254,255
143,266,268,260,261,262,146,148,149,151,152,153,155,156,157,161,164,166,167,171,172,173,174,175,177,178,180,181,184,193,194,195,202,205,207,210,212,214,218,263,228,229,230,234,236,237,238,244,245,252,264,255
144,256,257,262,264,261,263,266,267,268,147,148,151,152,153,154,155,157,158,159,160,163,165,168,169,170,173,174,175,178,181,183,186,189,193,195,196,197,199,200,204,207,209,211,214,215,216,218,220,221,223,224,225,226,228,229,230,233,234,235,237,238,239,245,249,250,251,253,254
145,258,259,262,268,261,149,151,154,157,158,159,160,165,167,168,169,170,174,175,176,177,178,180,181,182,184,186,189,190,192,193,194,197,198,199,202,206,207,211,212,213,215,216,217,218,220,221,226,227,229,233,236,239,241,244,247,248,250,251,252,253,254
146,257,266,259,256,147,148,151,155,157,162,168,170,172,174,175,176,178,183,185,189,193,194,200,202,203,204,205,207,209,210,264,213,216,217,218,219,220,221,223,229,234,237,238,243,244,247,248,249,252,254
147,261,262,267,263,260,257,156,159,161,162,164,166,168,169,171,173,175,177,179,180,181,185,186,188,189,190,191,192,193,197,198,200,202,204,209,212,216,218,219,221,223,224,226,228,229,232,233,234,236,238,239,244,245,246,247,248,249,253,254,255
148,263,266,267,259,261,149,150,152,153,156,157,158,159,161,163,165,166,167,169,176,178,179,181,182,185,188,189,192,195,197,200,201,202,207,208,211,214,217,218,219,220,221,224,227,228,229,237,238,239,241,243,245,247,248,249,250,253,264,255
149,260,257,256,266,152,154,155,157,159,163,164,165,170,171,173,174,176,177,182,183,195,196,197,199,201,202,204,205,207,209,211,212,214,215,216,217,218,220,222,223,224,225,226,228,229,233,234,235,238,239,240,242,243,247,250,252,254,255
150,259,266,268,267,151,155,156,159,160,161,164,169,172,175,176,178,179,185,188,189,190,193,194,195,197,200,202,203,204,205,207,208,210,211,212,215,216,223,224,226,228,233,234,236,242,243,246,249,250,254
151,257,260,265,267,263,153,154,155,158,160,161,162,163,164,165,169,173,176,181,184,189,192,193,196,197,198,201,202,206,208,209,212,216,217,219,220,221,224,225,227,231,232,234,237,238,242,243,244,245,246,249,250,251,253,264,255
152,259,260,265,264,267,153,154,155,156,158,159,160,164,167,173,175,179,181,183,185,186,189,190,262,195,196,203,204,205,206,207,208,211,212,214,218,220,223,224,225,233,237,238,240,242,243,244,245,246,247,248,249,251,252,253,254,255
153,257,262,154,156,158,159,160,161,169,170,172,174,175,178,179,180,181,182,185,186,187,189,190,191,194,195,198,199,200,201,202,265,204,208,209,211,213,216,220,221,223,224,227,229,233,235,237,238,240,241,242,243,244,247,248,249,250,251,253
154,262,257,155,156,160,261,165,167,168,169,172,177,178,179,180,185,188,190,191,193,195,197,200,202,203,204,205,206,209,210,211,212,213,214,216,220,222,223,263,225,226,227,228,229,230,231,233,234,235,236,238,241,242,243,244,245,253,255
155,261,257,268,256,265,267,157,158,159,160,161,162,166,167,168,169,172,173,174,175,176,177,178,179,183,185,186,187,188,191,193,195,196,198,199,200,206,208,210,211,213,214,215,219,220,221,223,224,228,230,231,234,235,239,242,243,245,248,252,254
156,257,260,261,264,267,268,263,266,157,162,163,164,166,171,172,174,175,177,178,179,181,184,186,188,190,194,196,199,205,207,209,210,212,214,215,216,217,219,220,221,222,226,227,229,231,233,234,239,240,241,243,245,246,248
157,259,260,261,266,267,256,158,159,160,162,163,166,167,168,169,174,177,178,179,180,181,185,187,189,193,194,196,197,202,205,207,208,209,210,211,212,214,216,218,221,223,224,226,227,228,232,235,237,238,239,240,242,243,244,246,247,250,252,253,255
158,256,261,262,263,266,268,260,161,167,169,171,172,173,174,176,177,178,179,180,184,185,187,188,189,192,193,195,197,198,199,204,205,213,215,216,218,219,221,222,223,236,240,243,248,251,253,255
159,260,257,265,258,268,162,164,165,168,169,172,174,175,180,181,183,184,187,189,190,191,192,194,195,197,198,199,262,205,206,209,210,212,213,216,218,219,223,225,226,227,228,229,230,231,233,234,235,236,238,239,240,242,244,245,250,253,254,255
160,256,257,267,260,264,259,161,163,261,165,170,171,172,173,174,176,178,179,181,183,185,187,188,190,192,265,196,198,199,200,203,204,205,208,209,210,211,212,216,219,220,222,223,224,225,226,227,228,233,236,238,243,245,247,248,249,251,255
161,257,259,267,268,261,262,162,166,174,175,178,180,183,185,186,187,191,192,193,195,197,198,204,205,208,210,212,213,214,215,219,220,221,222,223,225,226,227,229,234,236,238,240,242,243,244,245,247,248,252,254
162,259,263,268,260,267,256,166,167,170,171,176,177,180,181,182,187,188,189,192,194,195,199,202,207,215,218,221,224,225,228,229,238,245,246,248,251,252,254
163,256,261,264,267,257,263,260,171,173,174,175,178,180,182,184,186,187,191,194,195,197,198,200,201,202,203,206,207,208,209,211,212,213,215,216,217,218,219,220,221,222,224,227,228,229,230,231,232,234,235,236,237,239,242,243,246,248,250,252,253,254
164,258,260,261,263,267,256,259,265,167,170,171,172,173,177,184,185,189,191,192,194,196,199,202,203,204,207,209,210,211,264,215,216,217,222,223,224,225,228,229,230,232,233,234,239,240,241,243,244,247,248,249,250,252,254
165,256,260,261,265,268,259,166,167,169,171,172,173,175,176,177,178,179,180,182,184,185,186,188,191,194,195,196,197,198,200,201,202,203,204,206,209,211,212,262,218,221,222,224,225,226,227,228,229,230,233,235,240,242,243,246,248,249,251,252,264,255
166,257,259,266,268,265,262,267,260,169,178,181,183,184,185,186,187,194,196,197,199,202,206,207,208,209,212,213,214,215,216,220,226,227,231,234,235,236,238,240,241,244,246,247,248,250
167,265,266,267,169,170,171,173,175,177,178,180,185,186,187,189,191,193,262,196,198,199,203,204,206,208,209,210,212,213,214,217,218,220,222,223,263,227,228,229,231,234,235,238,241,242,243,245,249,250,252,253
168,268,258,259,267,169,171,173,174,175,176,183,185,192,195,197,198,199,200,201,205,208,210,212,216,217,218,220,222,224,225,226,227,229,263,231,232,233,234,244,248,250,252
169,266,268,171,174,177,178,181,182,185,186,187,189,190,194,196,201,202,205,207,208,209,213,214,215,218,221,224,227,228,234,235,238,240,241,242,243,245,248,249,251,252,253,254
170,258,259,260,267,268,256,261,257,266,263,265,171,172,177,182,185,187,188,191,194,195,197,199,201,202,203,204,206,207,209,211,212,215,217,219,220,224,226,228,231,233,234,238,242,244,246,250,252,253,254
171,256,259,260,265,267,263,257,266,172,173,176,177,178,181,183,185,189,192,194,195,199,201,203,204,206,208,209,210,211,213,215,217,218,219,220,221,223,224,225,226,229,230,231,234,235,237,238,239,241,242,249,250,255
172,260,261,174,175,177,190,194,196,198,200,203,204,206,207,208,209,210,211,212,213,215,216,217,218,220,222,224,225,228,229,234,236,238,241,246,247,251,252,253,254,255
173,256,257,261,262,259,265,266,258,268,174,176,178,179,186,187,189,193,195,196,197,198,199,202,204,206,208,210,264,214,216,218,219,221,223,224,229,232,234,236,237,238,240,242,243,245,246,247,248,250,254,255
174,256,258,260,262,264,268,267,176,177,179,181,182,183,185,188,189,190,193,194,196,198,200,201,203,204,208,209,211,213,216,217,218,219,224,225,226,227,229,230,232,233,234,235,240,241,243,244,245,248,251,252,255
175,256,258,262,263,266,261,176,178,181,183,188,191,194,195,198,199,201,203,204,205,206,207,211,213,214,217,221,222,224,226,227,230,232,235,236,237,238,242,248,249,251,253
176,256,264,265,268,178,180,182,185,186,191,193,194,195,196,199,200,203,204,205,212,213,215,216,217,218,219,257,224,225,226,231,234,236,237,239,246,247,249,251,252,253
177,258,263,264,266,267,268,179,182,183,186,188,190,191,192,193,194,196,198,199,200,202,204,206,208,209,210,212,213,214,215,216,219,222,223,224,225,229,230,231,232,233,236,238,239,240,242,244,245,246,249,250,251,255
178,257,258,261,263,264,268,259,179,181,182,185,187,188,189,190,192,193,194,196,198,199,200,202,204,209,212,213,214,215,216,218,220,221,223,225,226,227,233,234,235,238,239,240,241,242,243,246,249,250,251
179,256,261,262,263,265,258,259,264,180,181,182,185,186,187,189,190,191,192,193,194,195,196,199,200,202,203,204,205,206,214,215,220,225,226,231,235,236,239,240,241,244,248,252,253,255
180,257,261,262,264,267,268,181,182,183,186,190,192,193,194,195,197,205,207,209,210,211,212,213,217,218,219,223,263,226,230,232,233,234,236,238,240,246,248,253,255
181,256,257,261,260,262,267,263,186,187,188,192,196,198,199,200,201,203,204,205,208,211,213,215,216,217,219,221,222,224,226,227,229,230,231,233,241,243,244,246,248,250,252,253,254
182,259,267,263,262,256,261,185,187,192,194,198,203,205,206,208,211,213,215,216,217,223,228,230,231,233,236,240,242,245,247,248,251,252
183,260,265,261,266,262,258,268,184,187,189,191,193,195,197,198,202,205,206,207,208,209,212,213,214,215,216,217,220,221,224,225,230,233,234,237,238,239,241,242,244,245,246,248,249,250,252,253,254
184,256,260,263,264,267,261,192,193,197,199,201,202,203,204,206,207,208,211,212,213,214,220,222,224,227,228,229,230,231,232,233,235,236,238,244,245,248,249,250,251,252,254
185,259,260,262,257,264,265,258,186,187,188,189,192,193,196,198,204,205,208,209,214,215,217,218,220,221,223,224,225,226,228,230,232,233,237,238,239,240,241,245,249,252,254
186,256,262,257,265,263,264,259,260,187,188,189,190,192,193,195,196,197,198,199,200,202,207,208,209,212,213,216,218,220,221,222,223,224,225,228,230,233,235,238,239,240,241,243,244,246,249,250,251
187,257,261,263,259,264,266,267,258,188,189,190,191,192,193,195,196,201,204,205,208,210,212,213,216,219,220,222,223,224,228,229,235,236,237,238,239,240,241,245,247,249,252,254
188,259,262,257,266,268,265,263,258,190,193,194,198,199,202,205,206,213,215,216,217,219,220,229,231,232,234,235,236,237,240,242,244,245,248,249,250,254
189,256,258,262,263,265,267,264,190,195,197,199,203,204,205,210,215,219,220,221,222,223,227,228,229,231,232,234,236,239,242,243,247,250,251,252,254
190,258,261,264,265,257,260,191,192,197,198,199,200,204,207,208,213,216,219,220,222,263,225,226,227,228,229,230,231,234,236,238,240,241,242,243,245,247,249,251,254
191,264,268,265,266,192,194,198,204,205,206,208,210,211,212,213,214,218,220,222,223,225,226,228,229,230,231,233,235,242,243,245,246,247,248,253,254,255
192,259,260,262,263,264,265,266,267,268,194,195,196,197,198,199,203,204,207,208,209,211,213,214,215,217,219,220,222,223,225,230,232,233,235,240,241,242,245,246,247,248,253,255
193,260,263,256,258,194,195,196,197,199,203,204,205,210,211,213,216,262,223,224,226,228,229,233,235,236,237,238,241,243,245,246,247,248,249,251,254,255
194,260,268,259,267,197,198,202,206,208,209,210,212,213,214,215,217,220,221,223,224,228,229,232,233,234,235,236,237,238,242,256,245,246,247,248,264,255
195,257,261,266,268,264,267,196,198,199,200,201,203,204,206,211,212,213,215,218,219,222,223,224,226,228,230,232,234,235,236,238,240,242,244,245,246,247,249,251,252,253,254,255
196,258,197,198,200,201,202,203,206,209,212,213,214,216,218,219,223,225,228,231,238,239,240,241,244,245,248,249,250,251,252,253,255
197,256,257,266,267,263,261,200,202,205,206,209,210,211,214,215,218,219,222,223,224,226,227,228,233,234,236,238,239,245,246,249,251,253,255
198,258,260,261,266,263,200,202,206,207,211,214,215,216,218,257,222,224,226,229,230,234,236,238,240,241,243,244,245,246,252,264,255
199,256,266,267,263,259,260,200,202,203,205,206,209,210,211,213,214,216,218,220,221,222,223,224,227,229,230,231,232,233,235,238,239,242,244,246,250,264,255
200,258,260,262,264,261,263,267,201,202,207,208,209,211,212,213,215,217,218,219,222,227,229,231,232,233,235,236,237,239,240,244,250,251
201,257,264,267,260,266,203,205,206,208,211,214,215,216,220,221,222,223,229,230,231,233,238,240,242,243,246,247,250,251,252,253,255
202,256,261,260,203,206,207,210,211,215,216,218,219,220,221,222,223,225,226,231,232,233,244,248,249,250,251,253,255
203,256,261,262,267,264,260,206,207,213,217,218,220,224,226,227,228,229,232,234,237,240,241,243,245,250,252,253,254
204,256,257,262,264,267,258,259,263,205,206,207,209,211,212,215,217,220,221,224,225,227,231,232,233,234,235,237,238,239,240,241,243,247,249,250,255
205,257,259,262,266,258,206,207,208,212,213,214,215,216,217,218,222,223,224,225,226,227,228,229,230,236,237,240,244,248,249,255
206,256,258,262,259,265,266,211,213,214,215,216,217,219,220,225,228,232,235,237,238,240,241,242,243,245,249,254,255
207,258,259,260,264,257,208,216,218,220,222,223,231,232,234,235,236,238,243,244,245,246,247,249,252,255
208,256,259,262,268,267,209,210,211,213,215,217,219,223,224,225,226,228,230,231,232,234,235,238,239,243,245,248,249,253,254,255
209,256,257,265,267,259,261,266,262,211,213,214,218,219,220,224,226,227,228,229,263,231,232,233,237,238,240,241,243,248,249,250,251,253
210,257,260,258,261,268,211,215,217,221,223,226,229,231,232,234,236,237,239,241,247,248,251,253,254
211,261,263,265,256,259,260,268,213,214,215,216,217,219,220,221,223,228,230,231,236,237,240,242,243,244,245,246,249,251,253,254
212,261,262,267,213,217,219,221,222,223,224,225,226,227,259,233,239,240,242,244,245,247,249,250,251,253,255
213,258,260,261,268,266,215,216,217,218,222,223,231,234,235,239,240,241,243,244,249,251,253
214,261,265,268,258,256,260,262,216,217,219,222,223,224,225,227,228,230,233,237,240,241,243,244,247,248,249,251,253,255
215,260,268,265,217,219,221,223,224,225,226,232,233,234,236,237,239,241,247,252,255
216,261,259,262,266,267,220,221,226,227,228,230,234,238,239,241,243,245,249
217,261,263,258,218,219,222,224,226,227,228,230,232,239,241,242,244,250
218,256,261,264,265,267,268,262,221,222,223,228,231,233,235,236,237,238,239,241,243,246,249,250,252
219,258,268,263,261,267,220,221,224,225,226,227,228,230,232,234,235,236,237,239,241,245,246,247,248,249,252,253
220,262,266,263,268,260,265,221,222,224,225,227,228,229,233,234,236,237,238,239,243,247,249,250,252,253,254,255
221,259,261,257,264,265,266,263,222,223,226,227,228,229,231,232,236,238,239,244,245,248,250,253,254,255
222,259,261,262,226,228,229,230,233,235,236,237,238,239,243,244,252,254,255
223,259,257,265,268,261,263,264,267,258,226,227,229,232,234,236,237,240,244,246,248,249,252,253,254,255
224,257,258,263,268,260,227,228,229,233,236,238,239,240,241,246,248
225,256,262,264,261,257,226,230,232,234,235,238,239,242,246,248,249,250,253,255
226,256,261,265,260,263,266,228,229,230,231,233,240,241,242,244,247,248,249,250,254
227,256,257,263,258,264,265,267,229,231,233,235,236,237,239,240,242,243,249,250,253
228,257,262,260,264,258,267,268,229,230,235,237,239,243,245,246,249,251,252,253
229,260,262,264,268,263,266,259,258,232,234,235,236,237,238,241,242,245,246,247,249,251,252,253
230,268,261,266,256,265,234,235,236,238,242,246,248,251,252,253,264
231,256,259,266,263,268,257,236,237,238,241,243,245,247,248,250,253
232,256,262,263,265,258,261,267,234,235,236,238,239,244,246,249,250,255
233,259,260,265,261,266,268,235,237,239,241,243,246,247,248,249,252,254,255
234,256,260,264,265,268,262,236,237,241,242,245,246,247,248,250,252,253,255
235,259,263,264,265,237,239,241,243,248,249,250,253
236,258,259,262,263,261,238,242,243,244,247,248,250,251,252,253,254,255
237,258,262,266,265,263,264,259,238,239,240,242,246,247,248,250,252,254,255
238,259,263,258,260,268,267,261,262,265,239,241,243,247,248,253,264
239,259,261,262,257,267,258,256,268,243,246,247,249,250,251,252
240,263,264,258,265,261,267,256,259,241,244,245,248,251
241,258,260,267,261,259,242,243,244,246,247,250,252,253,254,255
242,256,265,267,264,259,261,257,263,247,249,251,253,254
243,265,258,257,267,268,262,263,244,245,246,252,254,255
244,256,259,262,263,265,258,261,245,246,250,251,253,255
245,259,265,268,262,266,260,267,263,247,248,250,254,255
246,258,259,261,267,256,263,247,249,252,253,255
247,257,258,260,265,266,268,263,249,251,255
248,257,263,260,265,258,268,251,252,253,255
249,256,257,258,265,267,268,264,261,266,250,251,252,254
250,265,267,260,262,266,253
251,259,261,267,256,257,252,254
252,258,264,265,268,256,257,266,254,255
253,256,258,259,260,261,263,264,266,267,268,262,254
254,260,257,258,259,266
255,263,257,267,268,265
256,261,265,266,268
257,259,260,263,266,262,264
258,262,264,266,260,261,268
259,261,266,262,263,264,265,260
260,262,268,263,261,266
261,262,267,264
262,267,264,265
263,268,266
264,267
265
266,267
267
268
