n_nodes:66
n_edges:1716
density:0.8
0,1,2,3,4,5,6,8,9,10,11,12,13,14,15,16,17,18,19,20,21,22,23,24,25,26,27,28,29,30,31,32,34,35,36,37,39,40,41,43,44,45,46,47,48,49,50,51,52,53,54,55,56,57,58,59,60,61,62,64
1,2,3,4,5,8,9,10,12,13,14,15,17,18,20,21,22,23,24,26,28,29,30,31,32,33,34,35,36,37,39,40,41,42,43,44,45,46,47,49,51,52,53,54,55,56,57,58,59,60,61,62,63,65
2,3,4,5,6,9,10,11,12,13,14,15,16,20,21,23,24,25,26,29,30,32,33,34,35,36,37,38,39,40,41,42,43,44,45,47,48,51,52,53,54,55,56,57,59,60,62,63,64
3,4,6,8,9,10,11,13,14,15,16,17,18,19,20,21,22,23,24,25,26,27,28,29,30,32,33,34,36,37,38,39,40,41,42,44,45,47,49,50,51,52,53,54,55,56,57,58,59,60,61,62,63,64
4,5,6,7,8,10,11,12,14,16,17,18,20,21,22,23,24,25,26,28,29,30,31,32,33,34,35,36,38,39,40,41,42,44,46,48,49,50,53,54,55,56,57,60,61,62,63,64,65
5,6,7,9,10,11,12,13,14,15,16,17,18,19,21,22,23,24,26,27,28,29,30,32,33,34,35,36,37,38,39,40,41,43,45,46,47,49,50,51,52,53,54,56,57,60,61,62,63,64,65
6,7,8,9,10,11,12,13,14,15,17,18,19,20,21,22,23,24,25,26,27,28,29,30,32,34,35,37,39,40,41,42,43,44,45,46,47,48,49,50,51,54,56,59,60,61,62,63,64,65
7,9,10,11,12,13,14,15,16,17,18,20,21,22,23,24,25,27,28,29,30,31,32,33,35,36,37,38,39,42,43,45,46,48,49,50,51,53,54,55,56,57,60,61,62,63,64,65
8,9,10,12,13,14,15,17,18,19,20,21,23,24,25,26,28,29,30,31,32,33,34,35,36,37,39,41,44,45,46,48,49,50,52,54,55,56,57,59,60,62,64,65
9,10,11,12,13,15,16,20,22,23,25,26,27,29,30,31,32,33,34,35,37,39,40,41,42,44,45,46,48,49,50,51,52,53,54,55,57,58,60,61,62,63,64,65
10,11,12,13,14,15,16,17,18,19,20,21,22,23,24,25,26,28,29,30,31,32,33,36,37,38,39,40,41,42,43,44,45,46,47,49,54,57,58,59,60,61,64,65
11,12,14,16,19,20,22,23,24,26,27,29,30,32,33,35,36,37,39,40,42,44,45,48,49,50,52,53,54,58,59,60,61,63,64,65
12,15,16,17,18,19,20,21,23,24,25,26,27,28,29,30,31,32,33,34,37,38,39,40,41,42,44,45,46,47,48,49,50,51,52,53,54,55,56,57,58,60,62,64,65
13,14,15,16,17,18,19,20,21,22,23,24,26,27,28,29,30,31,32,33,35,36,37,38,40,41,42,43,44,45,47,48,49,50,51,53,54,55,56,59,60,61,62,63,64,65
14,16,17,18,19,20,21,24,26,27,28,29,30,31,32,33,34,35,38,39,41,44,45,46,47,48,49,51,52,53,54,55,56,58,59,60,61,62,63,64
15,17,19,20,21,22,23,25,26,27,28,29,30,32,33,34,35,36,37,38,40,41,42,43,45,46,47,48,49,51,52,54,55,56,57,58,59,60,61,62,63,64,65
16,17,18,19,21,23,24,25,26,27,28,29,30,31,32,33,34,36,37,38,39,40,41,42,43,44,46,47,48,50,51,53,54,55,56,57,58,59,60,63,65
17,18,19,20,21,22,23,24,25,26,27,28,29,30,31,32,33,34,35,36,37,39,40,42,43,44,45,46,47,49,50,51,52,53,54,55,57,58,59,60,63,64,65
18,19,21,22,23,24,25,26,30,31,33,34,36,37,38,39,41,42,43,44,46,47,48,49,50,51,53,54,55,56,57,58,59,60,61,62,63,64,65
19,20,21,22,23,24,26,27,28,30,31,32,33,35,36,37,38,39,40,41,42,43,44,45,47,48,49,50,51,52,53,54,55,56,58,60,61,62,63,64,65
20,21,22,23,24,25,26,27,28,29,30,31,32,33,34,35,36,37,40,41,42,43,44,45,46,48,49,50,51,52,53,54,55,56,58,59,60,61,62,63,64
21,23,24,25,26,28,30,33,34,35,36,37,38,39,40,41,43,45,46,48,49,50,51,52,53,54,55,56,57,58,59,60,61,62,63,64,65
22,23,25,26,30,31,32,33,36,37,41,42,43,44,46,47,48,49,50,52,53,54,55,56,57,58,59,60,62,63,64,65
23,24,25,26,27,29,30,31,33,35,36,37,38,39,40,41,42,43,44,46,47,48,51,52,53,54,55,56,57,61,62,63,64
24,25,28,29,30,31,32,33,35,36,38,41,42,44,46,47,48,49,51,52,53,54,55,57,59,60,61,62,63,65
25,28,29,30,31,32,35,36,37,38,39,42,47,48,50,51,52,53,54,56,57,58,59,60,61,62,63,64,65
26,27,28,29,30,31,32,33,34,35,36,37,38,39,40,41,42,44,45,46,47,48,51,52,55,56,57,58,59,61,62,63,65
27,28,29,30,31,32,34,35,36,37,38,39,40,41,42,43,44,45,46,47,48,49,50,51,52,54,55,56,57,58,59,60,61,62,63,64,65
28,30,32,33,34,35,36,37,38,39,40,41,42,43,44,46,47,48,49,50,52,53,54,55,56,58,59,60,61,62,64,65
29,30,31,32,35,37,38,40,42,44,45,46,47,48,50,51,52,53,54,55,56,57,58,59,60,61,62,63,64,65
30,31,32,34,35,36,37,39,40,41,42,43,44,45,46,47,49,50,51,52,53,55,56,57,59,60,61,62,64,65
31,32,33,34,35,36,39,41,43,44,46,47,48,49,50,52,53,54,55,56,57,58,60,61,62,63,64,65
32,34,35,36,37,39,40,41,42,43,44,45,46,47,48,49,50,51,53,54,55,56,57,58,59,60,61,62,63,64,65
33,34,35,36,37,38,39,40,41,43,44,45,47,49,51,52,53,54,56,57,58,59,60,61,62,63,64,65
34,35,36,38,39,40,41,42,44,45,46,47,48,49,50,51,53,54,55,57,58,60,61,65
35,36,37,39,40,42,43,44,45,46,48,49,50,51,53,54,55,56,57,58,61,63,64,65
36,38,39,40,41,42,43,44,47,48,50,51,53,54,55,56,57,58,59,60,61,64,65
37,38,39,40,41,42,43,44,45,46,47,48,50,53,54,56,58,59,60,61,63,64
38,39,40,41,42,43,44,45,46,48,49,50,51,53,54,57,58,59,60,61,62,64
39,41,42,43,44,46,47,48,49,51,52,53,57,58,59,60,61,62,63,64,65
40,41,42,44,45,46,48,49,50,51,53,54,55,56,57,58,59,60,61,62,63,65
41,42,43,44,46,47,48,49,52,53,54,55,56,57,58,60,61,62,64,65
42,43,44,47,48,49,50,51,53,54,56,58,60,61,62,64,65
43,44,45,46,47,48,49,50,52,53,54,55,56,57,59,60,61,62,63,64,65
44,45,46,48,49,51,52,53,54,55,56,57,58,59,61,63,64,65
45,46,48,49,50,51,52,53,57,59,60,64,65
46,47,48,49,51,54,55,56,57,58,59,60,62,63,64,65
47,49,50,51,52,54,55,56,57,58,59,60,61,62,63,65
48,49,50,51,52,54,55,56,60,61,62,64
49,51,53,54,55,57,58,59,60,61,62,63,65
50,53,55,56,58,59,60,61,63,64,65
51,53,56,57,59,61,62,63,64,65
52,53,54,55,56,57,58,59,60,61,62,63,64,65
53,55,56,57,59,60,61,62,63,64,65
54,55,57,58,59,61,62
55,56,57,58,59,60,61,62,63,64,65
56,58,60,61,63,64,65
57,58,59,60,61,62,63,64,65
58,59,60,64
59,60,62,63,65
60,61,62,63,64
61,62,63
62,63,64,65
63,64,65
64
65
