n_nodes:206
n_edges:5116
density:0.24229
0,138,140,141,144,146,149,150,153,26,27,156,33,34,164,165,39,169,43,174,47,48,178,179,184,59,61,62,12,75,204,80,82,86,87,92,93,96,187,100,105,107,18,111,112,114,116,41,123,124
1,96,131,132,97,8,204,202,75,12,141,142,205,80,145,193,21,87,24,154,155,186,30,165,32,33,98,37,104,170,107,172,173,46,48,177,50,190,160,185,58,60,62,149
2,193,8,9,10,12,142,17,147,149,156,160,161,37,168,44,46,175,50,181,187,188,202,191,64,32,70,199,72,140,74,203,204,82,84,85,91,92,95,96,97,102,104,105,107,109,111,112,40,118,120,127,21
3,192,65,130,139,5,134,71,200,129,10,11,76,77,14,15,144,83,148,78,22,153,25,26,91,157,94,95,155,39,40,169,177,48,49,178,180,118,120,104,123,188,138,149
4,129,43,5,44,11,140,13,142,144,145,195,20,152,153,26,28,32,33,162,163,37,167,171,172,46,175,49,178,180,53,58,59,62,63,192,193,139,68,199,200,74,75,204,80,203,186,97,98,101,109,113,114,119,121
5,129,132,133,7,8,11,12,13,14,145,147,149,25,175,32,34,163,164,167,41,42,171,172,47,48,179,53,56,58,187,181,192,69,200,75,205,85,186,95,96,98,100,103,105,107,108,110,111,116,117,119,123,124,21
6,192,140,13,142,143,145,146,19,150,164,199,44,173,174,175,49,178,180,54,185,58,59,60,63,64,65,194,195,71,12,81,83,84,85,36,91,92,98,50,100,188,107,109,114,116,117,119,191,127
7,129,131,134,138,12,142,21,153,156,157,30,163,113,168,169,43,173,175,176,179,158,182,55,184,60,192,62,64,65,203,68,140,183,76,205,80,84,89,95,101,102,108,111,112,40,114,116,190,119,123,126,149
8,171,132,135,9,10,12,19,20,153,155,156,29,32,33,165,129,42,43,172,115,53,54,55,56,61,65,197,203,77,80,90,91,92,93,95,103,105,189,113,114,147,116,117,170,124,125
9,34,133,130,162,201,202,66,78,77,120,205,67,20,149,191,27,156,182,98,35,100,167,169,171,43,125,173,174,47,99,113,147,155,131,59,72,148,123,61,127
10,128,135,139,130,14,15,145,21,150,23,26,155,31,161,163,37,167,41,44,174,47,49,50,52,181,55,184,58,159,61,62,194,68,70,200,73,202,204,141,80,82,142,79,93,99,105,109,110,189,116,126,149
11,130,139,142,144,17,146,21,22,23,24,25,47,156,133,32,161,171,46,175,180,55,184,185,58,159,192,160,199,201,76,205,81,87,92,96,98,99,109,111,114,56,117,149
12,137,138,140,13,142,144,145,174,150,152,202,154,163,164,37,167,171,45,46,178,52,53,56,185,59,61,134,192,65,68,69,71,74,75,79,80,184,82,83,85,92,165,105,107,111,122
13,128,44,139,14,143,21,25,153,29,161,34,35,164,165,39,168,172,157,176,51,54,55,56,186,189,67,69,33,202,77,79,184,163,182,94,95,96,98,99,103,105,110,114,119,123
14,128,130,132,137,142,16,145,20,149,22,152,153,155,29,150,33,163,168,42,171,172,173,46,47,179,52,182,55,188,138,65,175,197,70,161,73,74,75,205,78,81,85,86,89,96,144,100,101,110,112,183,121,170
15,128,192,66,69,70,135,72,201,140,175,142,147,22,87,100,91,157,94,97,34,35,36,134,195,43,44,109,110,111,115,155,181,54,153,186,59,124
16,132,134,136,143,145,19,148,149,22,152,157,32,161,36,166,167,51,181,58,187,188,61,62,64,193,67,68,74,77,80,86,87,90,97,38,195,106,107,108,115,118,123,125
17,128,129,171,133,134,136,138,19,20,151,154,30,159,33,36,39,42,43,172,47,49,53,183,60,61,62,63,64,194,67,72,74,203,78,79,139,91,93,96,102,107,108,110,113,114,118,121,123,170
18,131,132,138,139,140,147,151,153,157,32,36,167,40,41,171,173,174,176,177,181,55,56,187,189,49,69,73,202,75,77,205,80,86,87,90,91,93,59,107,61,114,116,120,126
19,129,137,140,142,147,20,149,152,26,51,32,161,36,168,199,172,174,177,50,179,52,54,55,185,186,61,160,203,196,182,33,73,202,75,81,86,93,100,102,145,106,103,109,189,122,124,127
20,131,134,139,21,150,152,153,157,32,162,36,167,171,44,47,176,200,172,53,137,56,57,58,59,188,61,190,191,193,194,197,72,201,75,78,82,83,84,88,89,92,99,103,115,117,55,123
21,132,136,142,146,147,22,153,155,158,160,129,169,42,172,45,180,54,40,202,58,61,64,194,67,182,200,74,55,77,80,83,85,86,87,90,186,95,97,101,104,107,108,110,113,116,120,124,126
22,130,132,133,136,146,150,23,26,28,29,32,163,36,198,167,168,170,44,173,178,181,202,185,151,189,53,193,194,70,199,200,74,75,204,45,79,83,205,50,108,61,113,191,125,126,127
23,130,132,135,137,141,153,27,157,159,160,33,36,165,38,167,42,171,45,47,49,51,180,53,185,188,189,62,63,193,67,198,71,200,204,77,78,81,83,139,85,86,91,93,96,98,100,101,105,106,116,118,119,191,126,127
24,131,133,136,46,154,30,31,161,35,163,38,199,174,47,177,179,52,55,56,57,95,60,62,64,65,66,195,196,197,33,74,75,77,83,203,87,88,90,91,165,188,108,111,121,124,183,127
25,160,126,134,71,200,76,77,120,146,139,150,88,79,92,30,69,133,187,198,102,28,159,203,52,117,55,56,116,122,123,124,125,62
26,68,130,86,132,204,80,115,146,84,197,89,91,93,94,159,144,112,98,35,164,104,106,176,203,45,29,48,189,51,180,117,54,55,120,188,74,181
27,65,179,199,128,78,145,82,84,149,87,153,201,167,28,93,158,33,98,38,39,104,124,106,103,178,114,115,182,183,120,148,58,60
28,138,140,142,143,144,147,153,154,159,35,36,38,167,169,171,172,174,176,177,51,180,181,54,56,58,189,191,193,67,70,199,75,205,203,87,89,90,92,94,98,100,112,119,120
29,130,134,146,149,150,157,158,160,35,164,165,38,167,40,169,170,171,45,175,49,179,30,54,201,163,59,61,62,53,65,67,73,202,77,80,83,88,90,58,95,107,111,116,189,191
30,132,136,137,139,141,148,149,184,32,33,164,38,168,169,170,174,45,46,47,48,49,50,179,181,54,56,185,58,187,62,192,65,195,70,199,72,201,202,160,77,81,84,86,186,97,101,145,104,108,111,115,119,120,122,123,124,125,127
31,128,129,132,133,134,135,145,151,155,156,33,34,35,164,165,167,169,171,45,46,49,183,56,185,62,192,193,195,68,69,198,199,72,201,74,75,205,78,82,87,90,98,101,103,104,115,118
32,139,140,133,37,146,169,171,172,45,174,47,48,136,184,186,187,188,189,192,66,68,197,70,72,78,79,144,99,100,195,107,109,110,118,123
33,131,133,139,146,161,165,171,151,46,47,50,179,183,56,186,60,64,193,175,67,69,199,74,75,77,141,80,184,84,87,92,94,96,98,100,109,111,113,147,116,117
34,129,134,138,142,143,147,46,164,37,38,173,174,48,177,179,182,201,184,57,186,190,65,68,70,73,77,87,88,90,58,94,95,100,101,103,112,114,116,118
35,139,140,146,154,155,161,38,167,169,170,43,172,46,176,177,50,179,180,181,54,137,56,57,58,194,67,74,55,81,156,84,203,98,100,166,104,112,113,114,119,120,126
36,129,145,155,156,157,158,159,160,161,164,166,169,42,44,45,47,179,54,183,188,189,62,192,197,55,77,81,91,92,98,102,107,108,116,118
37,135,143,46,157,197,161,164,167,169,170,43,173,174,179,162,187,62,191,181,69,198,201,77,205,84,85,87,93,95,100,103,105,112,113,114,116,124
38,133,134,136,139,142,152,146,188,153,154,164,167,173,174,175,51,54,184,185,58,151,189,62,64,198,199,203,79,81,83,88,94,96,144,99,103,60,106,111,113,114,116,190,123,124
39,133,136,137,143,144,146,157,159,161,155,198,166,167,40,170,43,45,176,177,50,51,53,55,56,57,58,188,62,192,65,195,68,69,70,71,200,75,77,79,80,84,89,92,95,96,101,178,107,116,117,124
40,142,204,77,78,145,82,84,196,92,93,94,96,110,163,164,102,156,42,174,46,177,52,53,189,169,121,186,191,117,125,63
41,133,71,140,158,143,81,151,89,155,93,69,161,98,187,100,166,170,135,114,174,50,117,138,56,57,123,125,190,127
42,130,196,138,144,146,149,152,153,163,165,43,176,177,180,53,54,184,58,202,181,68,197,198,72,74,205,78,81,84,142,88,89,92,93,101,102,103,104,105,109,111,112,116,119,123,126
43,67,70,183,77,142,141,205,99,85,88,153,201,143,158,81,176,102,105,108,173,174,112,147,52,117,118,73,137,187,188,189,190
44,145,205,149,151,152,153,154,156,162,167,168,171,173,174,48,49,55,56,57,58,59,188,61,190,193,194,71,75,77,141,84,87,89,100,103,122,123,124,127
45,132,134,135,138,141,152,163,46,157,177,178,179,181,54,59,61,63,66,195,196,69,199,72,74,75,77,87,89,97,100,106,154,114,200
46,128,134,135,130,152,146,148,151,153,154,155,156,167,171,172,175,180,51,52,158,183,57,60,61,192,197,198,71,72,76,205,78,81,83,85,86,185,199,98,105,107,114,118,120,125
47,129,132,136,139,188,150,169,175,189,128,53,55,56,151,61,65,69,71,74,82,86,121,90,97,105,107,111,117,148,123,124
48,134,129,138,139,142,144,147,149,150,152,155,156,198,135,173,178,52,181,184,180,62,63,64,65,203,69,70,199,73,75,204,78,190,80,93,94,95,98,100,108,110,113,117,118,121,191,125
49,130,137,151,143,149,150,152,132,159,160,162,163,164,52,181,184,186,61,63,192,66,196,71,200,73,76,81,85,89,59,101,103,104,117,118,124
50,203,182,145,75,204,130,81,84,149,88,152,92,159,96,97,101,166,168,106,199,173,114,158,118,105,120,121,74,126,63
51,130,133,134,135,136,143,145,152,164,171,173,174,177,180,53,54,187,189,193,195,70,71,72,73,202,80,82,84,89,90,93,94,96,109,111,147,116,120,124,125,126
52,130,131,132,135,148,153,154,160,162,166,170,176,177,183,56,186,192,193,195,201,205,79,81,84,90,92,102,109,110,112,113,121,126
53,128,129,135,141,146,152,132,155,156,150,169,173,174,136,180,56,185,189,190,63,66,70,74,204,77,80,87,91,93,101,103,104,111,114,119,121,122,123,170,127
54,133,138,175,161,134,157,176,177,180,181,183,185,186,187,60,191,65,69,70,73,203,76,173,83,89,90,143,94,96,100,101,104,107,113,116,118,119,121,170,126
55,135,143,161,168,172,177,181,182,187,138,62,63,192,194,200,203,76,78,189,82,83,84,92,98,100,107,108,111,112,118,136,191,127
56,130,138,142,141,145,147,150,151,154,166,136,178,201,185,59,60,61,63,192,65,67,181,73,205,79,80,85,87,89,152,144,98,102,103,104,188,106,167,109,140,118,124,126
57,128,130,132,136,140,144,145,188,149,154,155,159,164,163,166,197,200,182,58,60,190,63,64,196,69,70,199,72,202,204,77,79,80,81,82,83,88,92,93,165,99,105,106,167,112,114,122,126
58,175,155,133,163,171,61,157,189,180,184,186,159,60,138,66,67,197,70,74,75,78,93,165,144,187,166,102,107,108,111,114,117,119,148,123
59,192,131,135,147,149,153,159,160,166,173,175,178,186,61,62,64,65,194,196,197,198,71,72,140,74,203,81,88,92,94,95,97,106,107,108,110,112,113,200,127
60,141,143,144,205,147,157,165,129,169,135,180,181,183,187,63,192,66,72,76,77,78,79,80,184,82,86,87,89,91,93,100,166,106,114,118,119,120,121,124,126
61,130,150,154,168,173,136,178,180,182,187,138,191,68,199,72,140,75,78,95,97,98,102,144,110
62,171,134,136,137,139,192,141,148,132,160,162,135,128,181,188,190,63,64,66,195,68,183,205,85,164,95,144,102,103,105,113,115,118,121,122,191,125,126
63,192,131,135,142,145,147,178,150,153,154,164,134,166,179,202,181,64,193,66,67,196,198,199,74,203,76,205,83,85,87,89,91,92,107,97,104,188,103,112,115,124
64,131,132,137,141,143,147,150,154,156,158,164,165,175,176,200,180,183,134,191,67,196,72,74,80,84,91,92,94,144,100,195,109
65,129,138,175,147,150,153,158,161,134,166,173,66,67,70,73,74,204,78,82,91,98,187,100,101,102,107,112,116,131,121
66,135,139,145,188,155,156,197,162,163,165,170,199,173,178,181,137,189,203,69,71,200,75,193,87,90,92,94,95,99,106,107,109,111,117,120,123,125,126
67,149,107,70,161,136,128,140,78,77,146,147,152,137,89,90,143,95,201,174,189,112,200,155,119,185,159,138
68,160,70,71,72,74,183,98,141,193,84,132,90,92,101,102,168,169,125,113,115,180,106,182,134,184,159,181
69,135,137,147,149,150,156,158,133,161,164,166,168,169,170,171,177,159,189,190,192,200,75,81,185,92,94,165,97,104,107,110,119,126
70,132,137,146,147,154,157,163,164,168,172,173,200,178,138,158,72,73,202,75,204,79,81,83,87,143,199,96,100,101,102,103,107,118,122,125,195
71,129,132,135,138,151,146,196,164,165,168,170,172,179,191,195,201,205,80,82,86,90,92,94,96,98,99,102,106,116,124,125,127
72,134,135,140,152,196,160,164,169,173,175,176,158,195,199,201,202,75,76,78,80,193,85,90,92,94,97,101,110,112,115,116
73,128,133,135,137,144,145,148,154,155,158,159,176,164,165,167,169,173,188,138,192,182,201,76,205,80,82,90,95,102,103,111,204,121,122,123,125
74,128,138,143,149,150,152,196,175,157,158,167,174,176,201,198,140,76,82,163,170,91,92,94,97,103,107,108,119,125,126
75,131,129,138,144,132,162,163,164,166,170,171,174,177,159,190,195,196,203,204,77,142,88,96,187,101,102,178,104,189,113,147,120,122,123,200,126
76,128,194,204,141,142,205,80,174,200,89,135,157,94,95,97,191,136,164,165,156,144,107,173,111,176,187,117,87,119
77,130,138,151,142,155,160,174,157,136,183,181,192,193,175,196,197,198,194,201,204,162,205,81,84,203,87,89,165,96,100,105,185,119,191,200,126
78,188,155,166,172,200,185,187,190,197,81,82,83,84,91,159,94,97,99,100,105,106,115,119,121,126
79,198,130,195,194,201,139,188,85,86,90,103,154,158,200,164,134,105,170,107,178,174,124,112,113,114,182,119,186,123
80,133,139,142,143,188,150,185,152,158,162,165,166,170,175,136,178,183,190,193,194,196,202,203,82,87,91,92,93,105,120,124,125,127
81,143,152,158,134,181,182,183,185,186,190,193,139,196,203,205,142,89,93,94,98,107,115,117,120
82,193,136,144,150,201,162,164,171,176,177,181,184,187,188,138,194,203,205,84,86,93,199,111,112,114,119,120,126
83,150,136,140,152,201,161,165,173,174,176,179,180,185,187,191,198,193,194,195,197,202,93,96,97,104,108,113,118,122
84,129,155,132,133,141,179,145,146,150,152,175,177,181,184,187,188,194,195,161,183,163,85,86,91,92,103,104,105,108,112,115,117,122,170
85,132,136,148,150,153,156,160,163,165,166,176,180,188,192,195,197,198,88,96,98,102,103,106,109,174,118,119,122,123,125,127
86,193,130,178,134,201,194,169,92,93,198,166,142,105,135,172,157,114,147,117,182,119,120,185
87,149,135,136,128,159,160,161,162,169,177,182,196,90,91,94,97,99,191,110,113,123,124,127
88,128,175,139,132,198,140,141,143,145,171,150,89,152,91,156,148,95,96,161,203,174,157,113,184,188
89,129,130,132,134,138,141,144,145,146,157,165,174,197,198,201,202,203,91,92,96,97,98,99,102,106,167,111,116,170,122,124,125
90,118,139,204,98,142,145,152,97,161,165,166,104,92,170,176,194,137,120,136,191,149
91,141,147,152,159,160,163,168,170,171,173,175,177,178,185,194,164,200,201,203,92,97,100,102,122
92,137,130,144,146,151,167,134,166,169,174,175,177,182,186,189,195,203,185,98,99,100,103,106,107,108,114,119,120,121,122,123,124,170
93,128,130,131,179,137,149,150,151,154,164,171,174,175,177,184,194,195,198,203,185,101,146,168,114,122,125,126,127
94,130,135,142,131,152,154,159,169,170,199,173,174,157,200,183,188,189,193,203,141,143,182,95,100,161,106,113,114
95,128,132,138,140,143,152,148,160,161,176,173,177,179,184,185,192,202,205,96,97,100,101,102,167,108,204,190
96,135,147,154,197,164,183,194,195,196,182,200,201,202,130,101,102,161,106,108,109,110,112,118,120,127
97,131,133,134,129,137,139,130,149,150,152,132,162,168,170,135,172,174,176,181,184,192,194,195,198,204,203,123,101,102,107,110,112,114,116,127,202
98,139,142,145,195,160,168,170,175,179,198,205,141,99,114,123,124
99,131,134,135,143,145,171,151,154,156,158,159,163,169,172,174,175,180,184,139,199,202,204,205,111,113,120,125,127
100,135,138,140,133,167,171,179,159,190,199,201,202,203,204,102,103,188,108,111,112,114,117,120,121
101,132,134,138,141,146,148,150,152,154,155,157,159,161,168,186,189,194,197,199,177,153,187,104,167,117,120,121
102,131,196,137,142,146,148,149,151,201,157,198,169,176,177,178,181,182,153,180,187,192,164,204,185,105,106,108,168,114,147,120,122,183,126,127
103,132,204,120,152,197,160,161,104,105,171,176,180,186,127,165
104,128,132,134,136,145,146,131,153,156,158,191,164,166,178,180,182,188,189,190,192,203,199,106,109,113,114,118
105,128,203,178,183,174,154,167,159,160,161,109,200,115,116,190,121,192,106
106,131,133,134,137,138,139,194,146,154,163,166,168,169,179,191,201,112,114,117,127
107,131,129,138,130,155,161,162,166,193,181,185,203,187,146,112,113,118,119,121,124,125,127
108,136,138,139,141,153,157,160,161,165,166,175,178,187,193,194,199,201,152,145,109,117,119,121,123,124
109,195,161,200,201,140,130,164,134,199,112,168,192,118,159,188,170,149
110,131,135,139,146,153,154,155,156,133,165,166,170,189,179,181,182,183,185,204,145,111,112,168,116,117,118,119,123,200,125
111,129,144,173,193,149,201,143,156,133,177,161,199,146,113,140,116,180
112,134,140,143,195,151,153,154,167,177,181,185,187,192,198,201,202,204,114,121,191,125
113,131,138,139,140,154,162,168,175,191,192,194,195,197,199,202,166,119,149
114,139,140,143,150,152,153,156,158,160,171,172,175,176,177,179,186,183,184,189,190,181,173,185,123,125
115,194,201,134,177,138,150,151,169,157,163,145,167,191,116,187,119,120,186,159,125
116,129,130,131,141,143,144,145,168,173,176,136,183,184,185,194,196,201,202,204,193,117,123
117,128,132,138,142,143,154,158,164,165,166,168,173,180,182,193,196,197,176,123,124,125,127
118,129,136,137,146,147,174,153,161,163,198,166,167,169,177,179,187,193,176,190,127
119,129,137,138,140,143,148,150,153,155,160,166,178,180,158,183,187,181,199,200,141,122,191,127
120,134,135,136,131,162,164,169,177,155,193,196,201,163,121,122
121,164,150,135,200,138,139,195,124,153,132,154,184,159,165,171,177,161,176,149
122,172,195,147,141,190,203,159,165,168,169,170,175,177,178,189,181
123,140,143,131,150,153,154,158,161,166,177,178,201,185,181,197,204,205,193,145
124,137,139,140,147,156,133,155,169,173,176,177,186,187,203,204,163
125,128,129,132,134,138,140,148,149,150,151,152,154,161,164,175,181,182,184,186,189,193,203,204,196,169,127
126,128,143,144,152,155,163,166,169,171,172,176,181,183,185,186,191,198,204,205,135,188,190,153
127,129,131,136,130,144,145,148,159,160,161,165,170,171,172,188,202,181,193,187,205,152
128,130,132,133,137,139,147,149,153,158,155,165,169,173,178,181,183,187,188,194,196,199,142
129,130,134,137,150,153,154,193,135,176,181,159,189,191,194,196,204,171,147
130,132,148,156,159,161,167,171,175,138,192,193,202,184,154,170
131,196,138,204,173,184,171,149,165,193,148,146,157,151,202,190
132,138,139,143,148,157,133,162,164,166,167,199,172,174,176,184,187,195,201,202,173,144,150
133,139,146,149,201,158,159,161,164,165,168,170,171,174,178,183,189,190,196,205
134,137,139,142,147,173,155,156,158,160,164,169,172,157,200,180,186,159,189,194,198,203,204,145
135,140,147,149,150,154,156,166,199,177,184,185,186,159,192,183,190,187,191
136,137,138,149,150,158,163,165,180,181,187,188,193,194,199,201,202,205,184,166,167,191
137,171,138,143,149,151,152,157,160,164,165,166,168,172,175,191,196,202,140,195
138,139,141,143,201,184,158,160,176,162,165,168,179,192,204,173,195,140
139,140,141,144,175,169,182,183,192,196,190
140,142,148,154,156,160,166,168,189,188,196
141,196,184,142,148,149,150,151,153,155,156,158,167,172,173,175,177,183,204
142,146,151,153,159,176,163,165,169,181,187,192,194,195,196,197,200,202,168
143,192,179,150,152,153,159,160,161,164,166,168,172,174,186,202,191,204,162,205,169,188,167
144,202,205,147,186,156,154,158,159,161,163,169
145,194,149,152,160,163,164,167,180,158,190,192,181,198,200,205,184,185
146,148,151,152,160,164,169,199,172,189,190,181,192,196,201,205
147,152,153,154,164,167,168,193,203,178,182,185,199,202,204,187,191
148,149,197,199,194,205,204,156,165,169,176,189,178
149,150,162,168,169,173,158,184,186,192,194,200,201,197,195
150,154,159,165,171,174,180,185,187,188,196,199,201,184,189,202
151,192,179,195,153,154,155,197,161,178,183,159
152,163,177,180,185,202,181,193,196,203
153,172,163,164,165,173,177,178,181,182,183,180,189,194,196,198,199,187,174,166
154,172,174,156,161,162,164,175,183,196,197,204,205,191
155,195,156,157,160,165,168,171,172,178,184,188,189,181,192,196,197,202,191
156,157,158,159,162,164,165,166,167,175,177,179,185,204,187
157,158,162,168,177,178,181,183,185,191,198,195
158,197,160,162,175,183,187,190,196,205
159,188,163,171,174,175,180,183,189,199,200,164
160,164,165,166,168,169,173,188,193,199,205,187
161,173,174,185,191
162,192,193,171,194,163,196,173,177,179,182,185
163,198,169,175,176,181,182,191,193,197,199,194
164,172,167,170,180,181,193,165,168
165,177,169,199,174,179,181,182,198,194,205,200,170
166,197,167,178,177,195,201,202,205,187
167,168,172,191,193,195,205
168,197,199,172,177,190,191,183,204,205
169,172,177,201,187,194,203,188
170,171,181,202,180,187,189,190,203
171,174,177,188,193,199,201,202,204
172,177,178,181,183,184,186,190,203,202
173,177,196,204,203,194,189
174,179,175,177,186,202,193,194,197,198,199,204,205
175,195,193,176,202,189,191,194,182,199,204,205
176,177,185,187,188,190,195
177,185,197,180,188,190,195,196,201
178,198,181,190,203,196,197
179,194,196,198,200,204,205,187,188,189
180,196,182,197,201,203
181,184,203,200,183,190
182,194,184
183,185,186,194,199,204,205,187
184,196,188,194,197,202,203,205
185,186,187,192,196,202
186,192,204,202,198,193,191,189
187,191,196,200,204,188
188,193,201,195,203,190
189,192,194,202
190,192,204
191,199,195,196,198,201,205
192,194,196,198
193,199,201,203
194,205,197,200,204
195,202,204
196,203,197,204
197,203
198,201,203,205
199,203,205
200
201,204
202,204
203
204,205
205
