n_nodes:178
n_edges:14271
density:0.90592
0,1,2,3,4,5,6,7,11,12,13,14,15,16,17,18,19,20,22,23,24,25,26,27,28,29,30,31,34,35,37,39,40,44,45,46,47,48,49,50,51,52,53,54,55,56,57,58,59,60,61,63,64,65,66,67,68,69,70,71,72,73,74,75,76,77,78,79,80,81,82,83,85,86,87,88,89,90,91,92,94,95,96,97,98,99,100,102,105,106,107,108,109,110,111,112,113,114,115,116,117,118,119,120,122,123,124,125,126,127,128,129,130,132,133,134,135,136,137,138,139,140,141,142,143,144,146,148,149,150,151,152,154,155,156,157,158,159,160,161,162,164,165,166,168,169,170,171,172,173,174,175,176,177
1,2,3,4,5,6,7,8,9,11,12,13,14,15,16,17,18,19,20,21,22,23,24,26,27,28,29,31,32,34,35,37,38,39,40,41,42,43,44,45,46,47,48,49,50,51,52,53,54,55,56,57,58,59,60,61,62,63,64,65,66,67,68,69,70,71,72,73,74,75,76,77,78,79,80,81,82,83,85,86,87,88,89,90,91,92,93,94,95,96,97,98,99,100,101,102,104,105,106,107,108,109,110,111,112,113,114,115,116,117,118,119,120,121,122,123,124,125,126,127,128,131,132,133,134,135,136,137,139,140,141,142,143,144,145,146,147,148,149,150,151,153,154,155,156,157,158,159,160,161,162,163,164,165,166,167,168,169,170,171,172,173,174,175,176,177
2,3,4,5,6,7,8,9,10,11,12,13,14,15,16,17,18,19,20,22,23,24,25,26,27,28,29,30,31,33,34,36,37,38,39,40,41,42,43,44,45,46,47,48,49,50,51,52,53,54,55,56,57,58,59,60,61,62,63,65,66,67,68,69,70,71,72,73,74,75,76,77,78,79,80,81,82,83,84,85,86,87,88,90,91,92,94,95,97,98,101,103,104,105,106,107,108,109,110,111,112,113,115,116,117,118,119,120,122,123,124,125,126,127,128,129,130,131,132,133,134,137,138,139,140,142,145,146,147,148,149,150,151,152,153,154,155,156,157,158,159,160,161,163,164,165,166,167,168,170,171,172,173,174,175,176,177
3,4,5,6,8,9,10,11,12,13,15,16,17,18,20,21,22,23,24,25,26,27,28,30,31,32,33,34,35,36,37,38,39,40,41,42,43,44,45,46,47,48,49,50,51,53,54,55,56,57,58,59,60,61,62,63,64,65,66,67,68,69,70,71,72,73,74,75,76,77,78,80,81,83,84,85,86,87,88,89,90,91,92,94,95,96,97,98,99,100,101,102,103,104,105,106,108,109,110,111,112,113,114,115,116,117,118,119,120,123,125,126,127,128,129,130,131,132,133,134,135,136,137,138,139,140,141,142,143,144,145,146,147,148,149,151,152,153,154,155,156,157,158,159,160,161,162,163,164,165,166,168,169,170,171,172,173,174,176,177
4,5,6,7,8,9,10,11,12,13,14,15,16,17,18,19,20,21,22,23,24,25,26,27,28,29,30,31,32,33,34,36,37,38,41,43,44,45,46,48,49,50,51,52,53,55,56,57,58,59,60,61,62,64,65,66,67,68,69,70,71,72,73,74,75,76,77,78,79,80,81,82,83,84,85,86,87,88,89,90,91,92,93,94,95,96,97,98,99,100,101,102,103,104,105,106,107,108,109,110,111,112,113,114,116,117,118,119,120,121,122,123,124,126,127,128,129,130,131,132,133,134,135,137,138,139,140,142,143,144,145,146,147,148,149,150,151,152,153,154,155,156,157,158,159,160,161,162,163,164,165,166,167,168,169,170,171,172,173,174,175,176,177
5,6,7,8,9,10,11,12,13,14,15,17,18,19,20,21,22,23,24,25,26,27,28,29,30,31,32,33,34,35,36,37,38,39,40,41,42,43,44,45,46,47,48,49,50,52,54,55,56,57,58,59,60,61,62,63,64,65,66,67,68,69,71,72,73,74,75,76,77,78,79,80,81,82,83,84,85,86,87,88,89,90,91,92,93,95,96,97,98,99,100,101,102,104,105,106,108,109,110,111,112,113,114,115,116,117,118,120,121,122,123,124,125,126,127,128,129,130,131,132,133,134,135,136,137,138,139,140,141,142,143,144,145,146,147,148,149,150,151,152,153,154,155,156,157,158,159,160,161,162,163,164,165,166,167,168,169,170,171,172,173,174,176,177
6,7,8,9,10,11,12,13,15,16,17,18,19,20,21,22,23,24,25,26,27,28,29,30,31,32,33,34,35,37,38,40,41,42,43,44,45,46,47,48,49,50,51,52,53,55,56,57,58,59,60,61,63,65,66,67,68,69,70,71,72,73,74,75,76,77,78,79,80,82,83,84,85,86,87,88,89,90,91,92,93,94,95,96,97,98,99,101,102,103,104,105,107,108,109,110,112,114,115,116,117,118,119,120,121,122,123,124,125,126,128,129,130,131,132,133,134,135,136,137,138,139,140,141,142,143,144,146,147,150,151,152,153,154,155,156,157,158,159,160,161,162,163,164,165,166,167,168,169,170,171,172,173,174,175,176,177
7,8,9,10,11,12,13,14,15,16,17,19,21,22,23,24,25,26,27,29,30,31,32,34,35,36,37,38,39,40,41,42,43,44,45,46,47,48,49,50,51,52,53,54,55,56,57,58,59,60,61,62,64,65,66,67,68,69,70,71,72,73,74,75,76,77,78,79,80,81,82,83,84,85,86,88,92,93,94,95,97,98,100,101,102,103,104,105,106,107,108,109,110,111,112,113,114,117,118,119,120,121,122,123,124,125,126,127,128,130,131,132,133,134,135,136,137,138,139,140,141,142,143,144,145,146,147,149,150,151,152,153,154,155,157,158,159,161,162,163,164,165,166,168,169,170,171,172,173,175,176
8,9,10,12,13,14,16,17,18,19,20,21,22,23,24,25,26,27,28,29,30,31,32,33,34,35,36,37,38,39,40,41,42,43,44,45,47,48,49,50,52,53,54,55,56,57,58,59,60,61,62,63,64,65,66,69,71,72,73,74,75,76,77,78,80,81,82,83,84,85,86,87,88,89,90,92,93,94,95,96,97,98,99,100,101,102,104,105,106,107,108,110,111,112,113,114,115,116,117,118,119,120,121,123,125,127,128,129,130,131,133,134,135,136,137,138,139,140,141,142,143,144,146,147,148,149,150,151,152,153,154,155,156,157,158,159,160,161,162,163,164,165,166,167,168,169,171,172,173,174,175,176,177
9,10,11,12,13,14,15,16,17,18,19,20,22,23,24,25,26,27,28,29,30,31,33,34,35,36,37,38,39,41,42,43,45,46,49,50,51,52,53,54,55,56,57,58,59,60,61,63,64,65,66,67,68,69,70,71,72,73,74,75,76,77,78,79,80,81,82,83,85,86,87,88,89,90,91,92,93,94,95,96,97,98,99,100,101,102,103,104,105,106,107,108,109,110,112,113,114,115,116,117,118,119,121,123,124,125,126,127,128,129,130,131,132,133,134,136,137,138,139,140,141,142,143,144,145,146,147,148,149,150,151,152,153,154,155,156,157,158,159,160,161,162,163,164,165,166,167,168,169,171,172,173,174,175,176,177
10,11,12,13,15,16,17,18,19,20,21,22,23,24,25,26,27,28,29,31,32,33,34,35,36,37,38,39,41,42,43,44,45,46,47,48,50,51,52,53,54,56,57,58,59,60,61,62,64,66,67,69,70,71,72,73,74,75,77,78,79,80,81,82,83,84,85,86,87,89,90,91,92,93,94,95,96,97,98,99,100,101,102,103,104,105,106,109,110,111,112,113,114,115,116,117,118,119,120,121,122,123,124,125,126,128,129,130,131,132,133,134,135,137,138,139,140,141,142,143,144,145,146,147,148,149,150,151,152,153,154,155,156,157,158,159,161,162,164,165,166,167,168,169,170,171,172,173,174,175,176,177
11,12,14,15,18,19,21,23,24,25,26,27,28,29,30,31,32,33,34,35,36,37,38,39,40,41,42,43,44,45,46,47,48,49,50,51,52,53,54,56,57,58,59,60,61,63,64,65,67,68,69,70,71,72,73,74,75,76,78,79,80,81,82,83,84,85,86,87,88,89,90,91,92,93,94,95,96,97,98,99,100,101,102,103,105,106,107,108,109,110,112,113,114,115,116,117,119,120,121,122,123,124,125,126,127,129,130,131,132,133,134,135,136,137,138,140,141,142,144,145,146,148,149,150,151,152,154,155,156,157,158,159,160,161,162,163,164,165,166,167,168,169,170,171,172,173,174,175,176,177
12,13,14,15,17,18,19,20,21,22,24,25,26,27,28,29,30,31,32,33,34,35,37,38,39,40,41,42,43,44,46,47,48,49,50,51,52,53,54,55,56,57,58,59,60,61,62,63,64,65,66,67,68,69,70,71,73,74,76,77,78,79,80,81,82,83,85,86,87,88,90,91,93,94,95,96,97,98,99,100,101,102,104,105,106,107,108,109,110,111,112,113,114,115,116,117,118,119,120,121,122,123,124,125,126,127,128,129,130,131,132,133,134,135,136,137,138,139,140,141,143,144,145,146,147,148,149,150,151,153,154,155,156,157,158,160,161,162,163,164,165,166,167,168,169,173,174,175,176
13,14,15,16,17,19,20,21,23,24,25,26,28,29,30,31,32,34,35,36,37,38,39,40,43,44,45,46,47,48,49,50,51,52,53,54,55,57,58,60,61,62,63,64,65,66,67,68,69,70,71,72,74,75,76,77,78,79,80,81,82,83,84,85,86,87,88,89,90,91,92,93,95,96,97,98,99,100,101,102,104,105,106,107,108,109,110,111,112,113,114,115,116,117,118,119,120,122,123,124,125,126,127,128,129,130,131,132,133,134,135,137,138,139,140,141,142,143,144,145,146,147,148,149,150,152,153,154,155,156,157,158,159,160,161,162,163,164,165,166,167,169,171,173,174,175,176,177
14,15,16,17,18,19,20,21,22,23,24,25,26,27,28,29,30,31,32,34,35,36,37,39,40,41,42,43,44,45,46,47,48,49,50,51,52,53,54,55,56,58,59,60,61,62,63,64,65,66,67,68,69,70,71,73,74,75,76,77,78,79,80,81,82,83,84,85,86,87,88,89,90,92,93,94,95,96,97,99,100,101,102,103,104,105,106,107,108,109,110,112,113,114,115,116,117,118,119,120,121,122,123,124,125,126,127,128,129,130,131,132,133,134,135,136,137,138,139,140,141,142,143,144,145,146,147,148,149,150,152,153,154,156,157,159,160,161,162,163,164,165,166,167,168,169,170,172,173,174,175,176,177
15,16,17,18,19,20,21,22,23,24,26,27,28,29,30,31,32,33,34,35,36,37,38,39,40,41,42,43,44,45,46,47,48,49,50,51,52,53,54,55,56,57,58,60,61,62,63,64,65,66,67,68,69,70,71,72,73,74,75,77,78,79,80,81,83,84,85,86,87,88,89,90,91,92,93,94,95,96,97,98,99,100,101,102,103,104,105,106,107,108,109,110,111,113,114,115,116,117,118,119,120,121,122,123,124,125,127,128,129,130,131,132,134,135,136,137,138,139,140,141,142,143,144,145,146,147,148,149,150,151,152,153,154,155,156,157,158,159,160,161,162,163,164,165,166,167,168,169,170,171,172,173,174,175,176,177
16,17,18,19,20,21,22,23,24,25,26,27,28,29,30,31,32,33,34,35,36,37,38,39,40,41,42,44,45,46,47,48,49,50,51,52,53,54,55,56,57,58,59,60,61,62,64,65,66,67,68,69,70,71,72,73,74,75,76,77,78,79,80,81,83,84,85,86,87,89,92,93,94,96,97,98,99,100,101,102,103,104,105,106,107,108,109,110,111,112,113,114,115,116,117,118,119,120,121,122,123,124,125,126,127,129,130,131,132,133,134,135,136,137,138,139,140,141,142,144,145,146,147,148,149,151,152,153,154,155,156,157,158,159,160,161,162,163,164,165,166,167,168,169,170,171,172,173,175,176,177
17,18,19,20,22,23,24,25,26,27,28,29,30,31,32,33,34,35,36,37,38,39,40,41,42,43,44,45,46,48,49,50,51,54,57,58,59,61,62,63,64,65,67,68,69,70,71,72,73,74,76,77,78,79,80,83,84,85,87,88,89,90,91,92,93,94,95,96,97,98,99,102,103,104,105,106,107,109,110,111,112,113,114,115,116,117,118,119,120,121,122,123,124,125,126,127,128,129,130,131,132,133,134,135,136,137,138,139,140,141,142,143,144,145,146,147,148,149,150,151,153,154,155,156,157,158,159,160,161,162,163,164,165,166,167,168,169,170,171,172,173,174,175,176,177
18,19,20,21,22,23,24,25,26,29,31,32,33,34,35,36,38,39,40,41,42,43,45,46,47,48,49,50,51,53,54,55,56,57,58,59,60,61,62,63,64,65,66,67,68,69,70,71,72,73,74,75,76,77,78,79,80,81,83,85,86,87,90,91,92,93,94,95,96,97,99,101,102,103,104,105,106,107,108,109,110,111,112,113,114,116,117,119,120,121,122,123,124,125,126,127,128,130,131,132,133,134,135,136,137,138,139,140,141,143,144,145,146,147,148,149,150,151,152,153,155,156,157,158,159,160,161,162,163,164,165,166,167,169,170,172,174,176
19,20,21,22,23,25,26,27,28,29,30,31,32,33,34,35,36,37,38,39,40,41,42,43,44,45,48,49,50,51,52,53,54,55,56,58,59,60,61,62,63,64,65,66,67,68,69,70,71,72,73,75,76,77,78,79,80,81,82,83,84,85,86,87,88,89,90,91,92,93,94,95,96,97,98,99,100,101,102,103,104,105,106,107,108,109,111,112,113,114,115,116,117,118,119,120,121,122,123,125,126,127,128,129,130,131,132,133,134,135,136,139,140,141,142,143,145,146,148,149,151,152,154,155,156,157,158,159,160,161,162,163,164,166,167,168,169,170,171,172,173,174,175,176,177
20,21,22,23,24,25,26,27,28,30,32,33,34,35,36,37,38,39,40,41,42,43,44,45,46,47,48,49,50,52,53,54,55,56,57,58,59,60,61,62,63,64,65,66,67,68,69,71,72,73,74,75,76,77,78,79,80,81,82,83,84,85,86,87,88,89,90,91,93,94,95,97,98,99,100,101,102,103,104,105,107,108,110,111,112,113,114,115,116,117,118,119,120,122,123,124,125,126,127,128,129,130,131,132,133,134,135,136,137,138,139,140,141,143,144,145,146,147,148,149,151,152,153,154,155,157,158,159,160,162,163,164,166,167,168,169,170,171,172,173,174,175,176,177
21,22,23,24,25,26,27,28,29,30,31,32,33,34,35,36,37,38,39,40,41,42,43,44,45,46,47,48,49,50,51,52,53,54,55,57,58,59,60,61,62,63,64,65,66,67,68,69,70,71,72,73,74,75,76,77,78,79,80,81,82,83,84,85,86,87,88,89,90,91,92,93,94,95,96,97,98,100,101,102,103,104,105,106,107,108,109,110,111,112,113,114,115,116,117,118,119,120,121,122,123,124,125,126,127,128,129,130,132,133,134,136,137,138,139,140,141,142,143,144,145,146,147,148,149,150,152,153,154,155,157,158,159,160,161,162,163,164,165,166,167,168,169,170,171,172,173,175,177
22,23,24,25,26,27,28,29,30,31,32,33,34,35,36,37,38,39,40,41,42,43,44,45,46,47,48,49,50,51,52,53,54,55,56,57,58,59,60,61,62,63,64,65,66,67,68,69,70,71,72,73,74,75,76,77,78,79,80,81,82,83,84,85,86,87,88,89,90,92,93,94,95,96,97,98,99,100,101,102,103,104,105,106,107,108,109,111,112,113,114,115,116,117,119,120,121,122,123,124,125,126,127,128,129,130,131,132,133,135,136,137,138,139,140,141,142,143,144,146,147,148,149,150,151,152,153,154,155,156,157,158,159,160,161,162,163,164,165,166,167,168,169,170,172,173,174,175,176,177
23,24,26,27,28,29,30,31,32,34,35,37,38,39,40,42,43,44,45,46,47,48,49,50,51,52,53,55,56,57,58,59,60,61,62,63,64,65,67,68,69,70,71,73,74,75,76,77,78,79,80,81,82,83,84,85,86,87,88,89,90,91,93,94,95,96,97,98,99,100,101,103,104,105,106,107,108,110,111,112,113,114,115,116,117,118,119,120,121,122,123,124,125,126,128,129,130,131,132,133,134,135,136,137,138,139,140,142,143,144,145,146,147,148,149,150,151,152,153,155,156,158,159,160,161,162,163,164,165,166,167,169,170,171,172,173,174,175,176,177
24,25,26,27,28,29,30,32,33,34,35,36,38,39,40,41,42,43,44,45,46,48,49,51,52,53,54,55,56,57,58,59,60,61,62,64,65,66,67,68,69,70,71,72,73,74,75,76,77,78,79,80,81,82,83,84,85,86,87,88,89,90,92,93,94,95,96,97,98,99,100,102,103,105,106,107,108,109,110,111,112,113,114,115,116,118,119,120,122,123,125,126,127,128,129,130,131,132,133,134,135,136,137,138,140,141,142,143,144,146,147,148,149,150,151,152,153,154,155,156,157,158,160,161,162,163,164,165,166,167,168,169,170,171,172,173,174,175,177
25,26,27,28,29,30,31,32,34,35,36,37,38,39,40,41,42,43,44,45,46,47,48,49,50,52,53,54,55,57,58,59,61,63,64,65,66,67,68,69,70,71,72,73,74,75,76,77,78,79,80,81,82,83,84,86,87,88,89,90,91,92,93,94,95,96,98,100,101,103,104,105,106,107,108,109,110,111,112,113,115,116,117,118,119,120,121,122,123,124,125,126,127,128,129,130,132,134,135,136,138,139,140,141,143,144,145,146,147,148,149,150,151,152,154,155,156,157,158,159,160,161,162,163,164,165,166,167,168,169,170,171,172,173,174,175,176
26,27,28,29,30,31,32,33,34,35,36,37,38,39,40,41,42,43,44,45,46,47,48,49,50,51,52,53,54,55,56,57,58,59,60,61,62,63,64,65,66,67,68,69,70,71,72,73,74,75,76,77,79,80,81,82,84,85,86,87,88,89,90,91,92,93,94,95,96,97,98,99,100,101,102,103,104,105,106,107,109,110,111,112,113,114,115,116,117,118,119,120,121,122,123,126,127,128,129,130,133,134,135,136,137,138,139,140,141,142,143,144,145,146,148,149,150,151,152,153,154,155,156,157,158,159,160,161,162,163,164,165,166,167,168,170,171,172,173,174,175,176
27,28,29,30,31,32,33,34,35,36,37,38,39,40,41,42,43,44,45,47,49,51,52,53,54,55,56,57,58,59,60,61,62,64,65,66,67,68,69,70,71,72,73,74,75,76,77,78,79,81,82,83,84,85,86,87,88,89,90,91,92,94,95,96,97,98,101,102,103,104,105,107,108,109,110,111,112,114,115,116,117,118,119,121,122,123,124,125,126,127,128,129,130,131,132,133,134,135,136,137,139,140,141,142,143,144,146,147,149,150,151,152,153,154,155,156,157,158,159,160,162,163,164,165,166,167,169,170,171,172,174,175,176,177
28,30,31,32,33,34,35,36,38,39,40,42,43,44,45,46,47,48,49,50,51,52,53,54,55,56,57,58,59,60,61,62,63,64,65,66,67,68,69,70,71,72,73,74,75,76,77,78,79,80,81,82,83,84,85,86,87,88,89,91,92,93,95,96,97,98,99,100,101,104,105,106,107,108,109,110,112,113,114,115,116,117,118,119,120,121,122,123,124,125,126,127,128,129,131,134,135,136,137,138,140,141,142,143,144,145,146,147,148,149,150,151,152,153,154,155,156,157,158,160,161,162,163,164,165,166,167,168,169,170,171,172,173,175,176,177
29,30,31,33,34,35,37,38,39,40,41,42,44,45,46,47,48,49,50,52,53,55,56,57,58,60,61,62,63,64,65,66,68,69,70,72,73,74,75,76,77,78,79,80,81,82,83,86,87,89,90,91,92,93,94,95,96,97,100,101,102,103,104,105,106,107,108,109,110,111,112,113,114,115,117,118,119,120,121,122,123,124,125,126,127,128,129,130,131,132,133,134,135,137,138,139,140,141,142,143,144,145,146,147,148,149,150,152,153,154,156,157,158,159,160,161,162,164,165,166,167,168,169,170,173,174,175,177
30,32,33,34,35,36,37,38,39,40,41,42,43,44,45,46,47,48,49,50,51,52,53,54,55,56,57,58,59,60,62,63,65,66,67,68,70,71,72,73,74,75,76,77,78,79,80,81,82,83,84,85,86,87,88,89,90,91,93,94,95,96,97,98,99,101,102,103,104,105,106,107,108,109,110,111,112,113,114,115,116,117,118,119,120,121,122,123,124,125,126,127,128,129,132,133,134,135,136,137,138,139,141,142,143,145,146,147,148,149,150,151,153,154,155,156,157,158,159,160,162,163,164,165,166,167,169,170,171,172,173,174,175,176,177
31,32,33,34,35,36,38,40,41,42,43,44,45,46,47,48,49,51,52,53,55,56,57,58,59,60,61,62,63,64,65,67,69,71,72,73,74,75,76,77,78,79,80,81,82,83,84,85,86,87,88,89,90,91,92,94,96,97,98,99,100,101,102,103,104,105,106,107,108,109,110,111,112,113,114,115,116,117,118,119,120,121,122,123,124,125,126,127,128,129,130,131,132,133,134,135,136,137,138,139,140,141,142,143,144,145,146,147,148,149,150,153,154,155,157,158,159,160,161,162,163,164,165,166,167,168,169,170,171,172,173,174,175,176,177
32,33,34,35,36,37,38,39,40,41,42,43,44,45,46,47,48,49,50,51,52,53,54,55,56,57,58,59,61,62,63,64,65,66,68,69,70,72,73,74,75,76,77,78,79,80,81,82,84,85,86,88,89,90,91,93,94,96,97,98,99,100,101,102,103,104,106,107,110,111,112,113,114,116,118,119,120,121,122,123,124,125,126,127,128,129,130,131,132,133,134,135,137,138,139,140,141,142,143,144,146,147,149,150,151,152,153,154,155,156,157,158,162,163,164,165,166,169,170,171,173,174,175,176,177
33,34,35,36,37,38,39,40,42,43,45,46,48,49,50,51,52,53,54,55,56,57,58,60,61,62,63,66,67,68,69,70,71,72,73,74,75,77,78,79,80,81,82,83,85,86,87,88,89,90,91,92,93,94,95,96,97,98,99,100,102,103,105,106,107,108,109,110,111,112,113,115,116,117,118,119,120,122,123,124,125,126,127,128,130,132,133,134,135,136,138,139,140,141,142,144,146,147,148,149,150,152,154,155,156,157,158,159,160,161,162,163,164,165,166,167,168,169,170,172,174,175,176
34,35,36,37,38,39,40,41,42,43,44,45,46,47,48,49,50,51,52,53,54,55,56,57,58,59,61,62,63,64,65,66,68,69,70,71,72,73,74,75,76,77,78,80,81,82,83,84,85,86,87,88,89,90,91,92,93,94,95,96,97,98,99,100,101,102,103,104,105,106,107,108,109,110,111,113,116,117,119,120,121,122,123,124,125,126,127,128,129,130,131,132,133,135,136,137,138,139,141,143,144,145,146,147,148,149,150,151,152,153,154,155,156,157,158,159,160,161,162,163,164,165,166,167,168,169,170,171,172,173,174,176,177
35,36,37,39,41,42,43,44,46,47,48,49,50,51,52,53,54,55,56,57,58,59,60,61,62,63,64,65,66,67,68,69,70,71,72,73,74,75,76,77,78,79,80,82,84,85,86,87,88,89,91,92,93,95,96,97,98,99,100,101,102,103,104,105,106,107,108,109,110,111,113,114,117,118,119,120,122,123,124,125,127,128,129,130,131,132,133,134,135,136,138,139,140,141,144,145,146,147,148,149,150,151,152,153,154,155,157,158,159,160,161,162,163,164,165,166,168,169,170,171,172,173,174,175,176,177
36,37,38,39,40,41,42,43,44,45,46,47,50,51,52,53,54,55,56,57,58,60,62,63,65,66,68,69,70,71,72,73,74,75,77,78,80,82,83,84,85,86,87,88,89,90,91,92,94,95,96,97,98,99,100,101,102,103,104,105,106,107,109,110,111,112,113,114,116,118,119,120,121,122,123,124,125,126,127,129,130,131,132,133,134,135,136,138,139,140,141,142,143,145,146,147,148,149,150,151,152,153,154,155,156,157,158,159,160,161,162,163,164,165,168,169,170,171,172,173,174,175,176,177
37,38,39,40,41,42,43,44,45,46,47,48,49,50,51,52,54,55,56,57,58,60,61,62,63,64,65,66,67,68,69,70,71,73,74,75,76,78,79,80,81,83,86,87,88,89,90,92,93,95,96,97,98,99,101,102,103,104,107,108,109,110,111,112,113,114,115,116,117,118,119,120,121,122,123,124,126,127,128,129,130,131,132,133,134,135,136,137,138,139,142,144,145,146,148,149,150,151,152,153,154,155,156,157,158,160,161,162,163,164,165,166,167,168,169,170,171,172,173,174,175,177
38,40,41,42,43,44,45,46,48,49,50,51,52,53,54,55,56,57,58,59,60,61,62,63,64,65,66,67,68,69,70,71,72,73,74,75,76,77,78,79,80,81,82,83,84,85,86,87,88,89,90,92,93,94,95,96,97,98,99,100,101,103,104,105,106,107,108,109,110,111,112,113,114,115,116,117,118,119,120,121,123,124,126,127,128,129,130,131,133,134,135,137,138,139,141,142,143,144,145,146,148,149,150,151,152,153,154,156,158,159,160,162,163,164,165,166,167,169,170,171,172,173,174,175,176
39,40,41,42,43,44,45,46,47,48,49,50,51,52,53,54,55,56,57,58,59,60,61,62,63,64,66,67,68,69,70,71,73,74,75,76,78,79,80,81,82,83,84,85,86,87,88,89,91,92,94,95,96,97,98,99,100,101,102,103,104,105,106,107,108,110,111,112,113,114,115,116,117,118,119,120,121,122,123,124,125,126,127,128,130,131,132,133,134,135,138,139,140,141,142,143,144,145,146,147,148,149,151,152,153,154,155,156,157,158,159,160,161,162,163,164,165,166,167,168,169,170,171,172,173,174,176,177
40,41,42,43,44,45,46,47,48,49,50,51,52,53,54,55,56,58,59,60,61,62,63,64,65,66,67,68,69,70,72,73,74,75,76,77,78,80,81,82,83,85,86,87,88,89,90,91,92,93,94,96,97,98,99,100,101,102,103,104,105,106,107,109,111,112,113,114,115,116,117,118,119,120,121,122,123,124,125,126,127,128,129,130,131,132,133,134,135,136,137,138,139,140,141,142,143,146,147,148,149,151,153,156,157,158,159,160,161,162,164,165,166,167,168,169,170,171,172,173,174,175,176,177
41,42,43,44,45,46,47,48,49,50,51,52,53,54,55,56,57,59,60,61,62,63,64,65,66,67,68,69,70,71,72,73,74,75,76,77,78,79,80,81,82,84,85,86,87,88,89,90,91,92,93,94,95,96,97,99,100,101,103,104,105,106,107,108,109,110,111,112,113,115,116,117,118,119,120,121,122,123,124,125,126,127,128,129,130,131,132,133,134,135,136,137,138,140,141,142,143,144,145,146,147,148,149,150,151,152,153,154,155,156,157,158,159,160,161,162,163,164,165,166,167,168,169,170,171,172,173,174,175,176,177
42,43,44,45,46,47,48,49,50,51,53,54,55,56,57,58,59,60,61,62,63,64,65,66,67,68,69,70,73,74,77,78,79,80,81,82,83,84,85,86,87,88,89,90,91,92,93,94,95,96,98,99,100,101,102,103,104,105,106,107,108,110,111,113,114,115,116,117,118,119,120,121,123,124,125,126,127,128,129,130,131,132,133,134,135,136,137,138,139,140,141,142,143,144,145,146,147,148,149,150,151,152,153,154,156,157,158,159,160,161,162,163,164,165,166,167,168,169,170,171,172,173,174,175,176,177
43,44,45,46,47,48,49,52,53,54,55,56,58,59,60,61,62,63,64,65,66,67,68,69,70,71,72,73,74,75,76,78,79,80,81,82,83,84,85,86,87,88,89,90,92,93,94,95,96,98,99,100,101,102,103,104,105,106,107,108,109,110,111,112,113,114,115,116,117,118,119,120,121,123,124,125,126,127,128,130,131,132,133,134,135,136,138,140,141,142,143,144,145,146,147,148,149,150,151,152,153,154,155,156,157,158,159,160,161,162,163,164,165,166,167,168,169,170,171,172,173,174,175,176,177
44,45,46,47,49,50,51,52,53,54,55,56,57,58,59,60,61,62,63,64,65,66,67,68,69,70,71,72,73,74,75,76,77,78,79,80,81,82,83,84,85,88,92,93,94,95,96,97,99,100,102,103,104,105,106,107,108,109,110,111,112,113,115,116,117,118,119,120,121,122,123,124,125,126,127,128,129,131,133,134,136,137,138,139,140,141,142,143,144,145,146,147,148,149,150,151,152,153,154,156,157,158,159,160,161,162,163,164,165,166,168,169,170,171,172,173,174,175,176,177
45,46,47,49,50,51,52,53,54,55,57,58,59,61,62,63,64,65,66,67,68,69,70,71,72,73,74,75,76,77,79,81,82,83,84,85,86,87,88,89,90,91,92,93,94,95,96,97,98,99,100,101,102,104,106,107,108,109,110,111,112,113,114,115,116,117,118,119,120,121,122,123,124,126,127,128,129,130,131,132,133,134,135,136,137,138,139,140,141,142,145,146,147,148,149,150,152,153,154,155,156,157,158,159,160,161,162,165,166,167,168,169,170,171,173,174,175,177
46,47,48,49,50,51,52,53,54,55,56,57,58,59,60,61,62,63,64,65,66,67,68,69,70,71,72,73,74,75,76,78,79,80,81,82,83,84,85,86,87,90,91,92,93,94,95,96,98,100,101,102,103,105,106,107,108,109,110,111,112,113,114,115,116,117,119,120,121,122,123,124,125,126,127,128,130,131,132,133,134,137,138,139,140,141,143,144,145,146,147,149,150,152,153,154,155,156,157,158,160,161,162,163,164,165,166,167,168,169,171,172,173,174,175,176,177
47,48,49,50,51,52,53,54,55,56,57,58,59,60,61,62,64,65,66,68,69,70,71,72,73,74,75,76,77,78,79,80,81,82,83,84,85,86,87,88,89,90,91,92,93,94,95,96,97,98,99,100,101,103,106,108,109,110,111,112,113,114,116,117,118,119,120,121,122,123,126,127,128,130,131,132,133,134,135,137,138,139,141,143,144,145,147,148,149,150,151,152,153,154,155,156,158,159,160,161,162,163,164,165,166,167,168,169,170,171,172,173,174,175,176,177
48,49,50,51,52,53,54,55,56,57,59,60,61,62,63,64,66,67,68,70,71,72,73,74,75,76,77,78,79,80,81,82,83,84,85,86,88,89,90,91,92,93,94,95,96,97,98,99,100,101,102,103,104,105,106,107,108,109,112,113,114,115,116,117,118,119,120,121,122,123,125,126,128,129,130,131,132,134,135,136,137,138,139,140,141,142,143,144,145,146,148,149,150,151,152,153,154,155,156,157,158,159,160,161,162,164,165,167,168,169,170,171,172,173,174,175,176,177
49,50,51,52,53,54,56,57,58,59,61,62,63,64,65,66,67,68,69,70,71,73,74,75,76,77,78,79,80,81,83,84,85,86,87,88,89,90,91,92,93,94,95,96,97,98,99,100,101,102,104,105,106,107,108,109,110,111,112,113,114,115,116,117,118,119,120,121,122,123,124,125,126,127,128,129,130,131,132,133,134,135,136,137,138,139,140,141,142,143,144,145,147,149,150,151,152,153,154,155,156,157,158,159,160,161,162,163,164,165,166,167,168,169,170,171,172,174,176,177
50,51,52,53,54,55,56,57,58,59,61,62,64,65,66,67,68,69,70,72,73,74,75,76,77,78,79,80,82,83,84,85,86,87,88,90,91,92,95,96,97,99,101,103,104,105,106,107,108,109,110,111,112,113,115,116,117,118,119,120,121,122,123,124,125,126,127,128,129,130,131,132,133,134,136,137,138,139,140,141,144,145,146,147,148,149,150,151,153,154,155,156,157,159,160,161,162,163,164,165,166,168,169,170,171,172,173,174,175,176,177
51,52,53,56,57,58,60,61,62,63,64,65,66,67,68,70,72,73,75,76,78,79,81,82,83,84,85,86,87,88,89,91,92,93,95,96,97,98,99,100,102,103,104,105,106,107,108,109,110,111,112,114,115,116,118,119,120,121,122,123,124,125,126,127,128,129,130,131,132,133,134,135,136,137,138,139,140,141,142,143,144,145,146,149,150,151,154,155,157,158,159,160,161,162,163,164,165,166,167,169,170,171,172,173,174,175,176,177
52,53,54,56,57,58,59,61,62,63,64,65,66,67,68,69,70,71,72,73,75,76,77,78,80,81,83,84,85,86,87,88,90,91,93,96,97,99,100,101,102,104,105,106,107,108,109,110,111,112,113,114,115,116,117,118,119,120,121,122,123,124,125,126,127,128,129,130,131,132,133,134,135,136,137,139,140,141,142,143,144,145,146,147,148,149,150,151,152,153,154,156,157,158,159,160,161,162,163,165,166,167,168,169,170,171,172,173,174,175,176,177
53,54,55,56,58,59,60,61,62,63,64,65,66,67,68,69,70,71,72,74,75,77,78,79,80,82,83,84,85,86,87,88,89,90,91,92,94,95,96,97,98,99,100,101,102,103,104,105,106,107,108,110,113,114,115,116,117,118,119,120,121,122,123,124,125,126,127,128,129,130,131,132,133,134,135,136,137,139,140,141,142,143,144,145,146,147,148,149,150,151,152,153,154,155,156,157,158,159,160,161,162,163,165,166,167,168,169,170,171,172,173,174,175,176
54,56,57,58,59,60,61,62,63,64,65,66,67,68,69,70,71,72,73,74,76,77,78,79,80,81,82,83,85,88,89,90,91,92,93,94,95,96,97,98,99,100,101,102,103,104,105,106,107,108,109,110,111,112,113,114,115,116,117,118,119,120,121,122,123,124,125,126,127,128,129,130,131,132,133,134,135,136,137,138,139,140,141,142,143,144,146,148,149,150,151,152,153,154,155,156,157,158,159,160,161,162,163,164,166,167,168,169,170,171,172,173,174,175,176,177
55,56,57,58,59,60,61,62,63,64,66,67,68,69,70,71,72,73,74,75,76,77,78,79,80,81,82,83,84,85,86,87,88,89,90,91,92,93,94,95,96,97,98,99,100,101,102,103,104,105,106,107,108,109,110,111,112,113,114,115,116,117,118,119,120,121,122,123,125,126,127,128,129,130,131,132,133,134,137,138,139,140,141,142,143,144,145,146,147,148,151,153,154,155,156,157,158,159,161,163,164,165,167,168,169,170,171,172,173,174,175,176,177
56,57,58,59,61,62,63,64,65,67,68,69,70,71,72,73,74,76,77,78,79,81,82,83,84,85,86,87,88,89,90,91,92,93,95,96,97,98,99,101,102,103,104,105,106,107,108,109,110,111,112,113,114,115,116,117,118,119,120,121,122,123,124,126,127,129,130,131,132,133,134,135,136,137,138,139,140,142,143,144,145,146,147,148,149,150,151,152,153,154,156,157,158,159,160,161,162,164,165,166,167,168,169,171,172,173,174,175,176,177
57,58,59,60,61,62,63,64,67,68,69,70,71,72,73,74,75,76,77,78,79,80,81,82,83,84,85,86,87,88,89,90,91,93,94,95,96,97,98,99,100,101,102,103,104,105,107,108,109,110,111,112,113,114,115,116,117,118,119,120,122,123,124,125,128,129,130,131,132,133,134,136,137,139,140,141,142,143,144,145,147,148,149,150,151,152,153,154,155,156,157,158,160,162,164,165,166,167,168,169,171,174,175,176,177
58,59,60,62,63,64,65,66,68,69,70,72,73,74,75,76,77,78,80,81,82,83,84,85,86,87,88,89,90,91,92,93,94,95,96,97,98,99,101,102,103,104,106,107,108,109,111,112,113,114,115,117,118,119,120,121,122,123,124,125,126,128,129,130,131,132,133,134,135,136,137,138,139,140,141,142,143,144,145,146,147,148,149,150,151,152,155,156,158,159,160,161,162,163,164,165,166,167,168,169,170,172,173,174,176
59,60,62,63,64,65,66,67,68,69,70,71,72,73,74,75,76,77,78,79,80,81,82,83,84,85,86,87,88,90,91,92,93,95,96,97,98,99,100,101,103,104,105,106,107,108,109,110,111,112,113,114,115,116,117,119,120,121,122,123,124,125,126,127,128,129,130,131,132,133,134,135,137,138,139,140,141,142,143,144,145,146,147,148,149,151,152,153,155,156,157,159,160,161,162,164,165,166,167,168,169,171,172,173,174,175,176,177
60,61,62,63,64,66,68,69,70,71,72,73,74,75,77,78,79,81,82,83,84,85,86,87,88,89,90,91,92,93,94,95,96,97,98,99,100,101,102,103,104,105,106,107,108,109,110,111,112,113,114,115,116,117,118,119,121,122,123,126,127,128,129,130,131,132,133,134,135,136,137,138,139,141,142,144,145,146,147,148,149,150,151,152,153,154,155,156,157,158,159,160,161,162,164,165,166,167,168,169,170,171,172,173,175,176,177
61,62,63,64,65,66,67,69,70,71,72,73,74,75,76,77,78,79,80,81,83,84,86,87,88,89,90,91,92,93,94,95,96,97,99,100,101,102,104,105,106,109,110,111,112,113,114,115,116,117,118,119,120,121,122,123,124,125,126,127,130,131,132,133,134,135,136,137,138,139,141,142,143,144,146,147,148,149,150,151,153,154,155,156,157,158,159,160,162,163,164,165,166,167,168,169,170,171,172,173,174,175,176,177
62,63,64,65,66,67,68,69,70,71,73,75,76,77,78,79,80,81,82,83,84,86,87,88,89,90,91,92,94,96,97,98,99,100,101,102,103,104,105,106,107,108,109,110,111,112,113,114,115,116,117,118,119,122,123,124,125,126,127,128,129,130,131,132,133,134,135,136,137,138,139,140,141,142,143,144,145,146,147,148,149,150,151,152,153,154,156,157,158,159,160,161,162,163,164,165,166,167,168,169,170,171,172,173,175,176,177
63,64,65,66,67,68,69,70,71,72,73,75,76,77,78,79,80,82,83,84,85,87,88,89,90,91,92,93,94,95,96,97,98,99,100,101,102,103,104,105,106,107,108,109,110,111,112,113,114,115,116,117,118,119,120,121,122,123,124,125,126,127,128,129,130,131,132,133,134,135,136,137,138,139,140,141,142,143,144,145,146,147,148,149,151,152,153,154,155,156,158,159,160,161,162,163,164,166,167,168,169,170,171,173,174,175,176,177
64,65,66,68,69,70,73,74,75,76,77,78,80,81,82,83,84,85,86,87,88,89,90,91,92,93,94,95,96,97,98,99,100,101,102,103,104,106,107,108,109,110,111,112,113,114,115,116,117,118,119,120,121,122,124,125,126,127,128,129,133,136,138,139,140,141,142,143,145,146,147,148,149,150,151,152,153,154,156,157,158,159,160,161,162,163,165,166,167,168,169,170,171,172,173,174,175,176,177
65,66,67,68,69,70,71,72,73,74,75,76,77,78,79,80,81,82,83,84,85,86,87,88,89,90,91,93,94,95,96,97,98,99,100,101,103,104,105,106,107,108,110,111,112,113,115,116,117,118,119,120,121,122,123,124,125,126,127,128,129,130,131,132,134,135,137,138,139,140,142,143,144,145,146,147,148,149,151,152,154,155,156,157,158,159,160,161,162,163,164,165,167,168,169,170,171,172,173,174,175,177
66,67,68,69,70,71,72,73,74,75,76,77,78,79,80,81,82,84,85,86,87,88,89,90,91,93,94,95,96,97,98,99,100,101,102,103,104,105,106,108,111,113,114,115,116,117,118,119,120,121,122,123,124,125,126,127,128,129,130,131,132,133,134,135,136,137,138,139,140,141,143,144,145,146,147,148,149,150,151,153,154,156,157,158,159,160,161,162,163,164,165,167,169,170,171,172,173,174,175,176
67,68,69,70,71,72,74,75,76,78,79,80,81,82,83,84,85,86,87,88,89,91,92,93,94,95,96,97,98,99,100,101,102,103,104,105,106,107,108,109,110,111,112,113,114,115,116,117,118,119,120,121,122,123,125,126,127,128,130,132,133,136,137,138,139,140,141,143,144,145,146,147,148,149,150,151,152,153,154,155,156,157,158,159,160,161,162,163,164,165,166,167,168,169,170,171,172,173,174,175,176
68,69,70,71,72,73,74,75,76,77,78,79,80,81,82,83,84,85,86,87,88,89,90,91,92,93,94,95,96,97,98,99,100,101,102,104,105,106,108,109,110,111,112,113,114,115,116,117,118,119,120,121,122,123,124,125,126,127,128,129,130,131,132,133,134,135,136,137,138,139,140,141,142,143,144,145,146,147,148,149,150,151,152,153,154,155,156,157,158,159,160,161,162,163,164,165,166,167,168,169,170,171,172,173,174,175,176,177
69,70,71,72,73,75,76,77,78,79,80,82,83,84,85,86,87,88,89,90,91,92,93,94,95,96,97,99,100,101,102,103,104,105,106,107,109,110,111,112,114,115,116,117,118,119,120,121,122,123,124,125,126,127,128,130,131,132,134,135,136,137,138,139,141,142,143,144,145,147,148,149,150,152,153,154,156,157,158,159,160,161,162,163,164,165,166,167,168,169,170,171,172,173,174,175,176,177
70,71,72,73,74,76,77,78,79,80,81,82,83,84,85,86,87,88,89,90,91,92,93,94,95,97,98,99,100,101,102,103,104,105,106,107,108,109,110,111,112,113,114,115,116,117,118,120,121,122,123,124,125,126,127,128,129,131,132,133,134,135,136,137,138,139,140,141,142,143,144,145,146,147,148,149,150,151,152,153,154,155,156,157,158,159,160,161,162,163,164,165,166,168,169,170,172,173,174,175,177
71,72,74,75,76,77,78,79,80,81,82,84,85,87,88,89,90,91,92,93,94,95,96,97,98,99,100,101,102,103,104,105,106,107,108,109,110,111,112,113,114,115,116,117,118,119,120,121,122,123,125,126,128,129,130,131,132,133,134,135,136,137,138,139,140,141,142,143,144,145,146,147,148,149,150,151,152,153,154,155,156,157,158,159,160,161,162,163,164,165,166,168,170,172,173,174,176,177
72,73,74,75,76,77,78,79,80,81,82,83,84,85,86,87,88,89,90,91,92,93,95,96,97,98,99,102,103,104,105,106,107,108,109,110,111,112,113,115,116,117,118,119,120,121,123,124,125,127,128,129,130,132,133,134,135,136,137,138,139,140,141,142,143,144,145,146,147,148,149,150,151,153,154,155,156,157,158,159,160,161,163,164,165,166,168,169,170,171,172,173,174,175,176,177
73,74,75,76,77,78,80,81,82,83,84,85,86,87,88,89,90,91,92,93,94,95,96,97,98,99,100,101,102,103,104,105,107,108,110,111,112,113,114,115,116,117,118,120,121,122,123,124,125,126,128,129,130,131,132,133,134,135,136,138,140,141,142,143,144,145,146,147,148,149,150,151,152,153,155,156,157,158,159,160,161,162,163,164,165,166,167,169,170,171,172,173,174,175,176,177
74,75,76,77,78,79,80,81,82,84,85,86,88,90,91,92,93,94,95,96,97,98,99,100,101,102,103,104,106,107,108,109,110,111,112,113,114,115,116,118,119,120,121,122,123,124,125,126,127,128,130,131,132,133,134,135,136,137,138,139,140,141,142,143,144,145,146,147,148,149,150,151,152,153,155,156,157,158,160,161,162,163,164,165,166,167,168,169,170,171,173,174,175
75,76,77,78,79,80,81,82,84,85,86,87,88,89,91,92,93,94,95,96,97,98,99,100,101,102,103,104,105,106,107,108,109,110,111,112,113,114,115,117,118,119,120,121,122,123,124,125,126,127,128,129,130,131,133,134,135,136,137,138,139,141,143,144,145,146,147,149,150,151,152,153,155,156,157,158,159,160,161,162,163,164,165,166,167,168,169,170,171,172,173,174,175,176,177
76,77,78,79,81,82,83,84,85,86,87,88,89,90,91,92,93,94,95,96,97,98,99,100,101,102,103,104,105,106,107,108,109,110,111,112,113,114,115,116,117,118,119,120,121,122,124,127,128,129,130,131,132,133,134,135,136,137,138,139,140,141,142,143,144,145,146,147,148,149,150,151,153,154,155,156,157,158,160,161,162,163,164,166,167,168,169,170,171,173,174,175,176,177
77,79,80,81,82,83,84,86,87,88,89,90,91,92,93,94,95,97,98,99,100,101,102,103,105,106,107,109,110,111,112,113,114,116,117,118,119,121,122,124,125,126,127,128,130,131,132,133,134,135,136,137,138,139,140,141,142,143,144,145,146,147,148,149,150,151,152,153,154,155,156,157,158,159,160,161,162,163,164,165,166,167,168,169,170,172,173,174,175,176,177
78,79,80,81,82,83,85,86,87,88,89,90,91,92,93,94,95,96,97,99,100,101,102,103,104,105,106,107,108,109,110,111,112,113,114,115,116,117,118,119,120,121,122,123,124,125,127,128,129,130,131,132,133,134,135,136,137,138,139,140,141,142,143,144,145,146,147,148,149,150,151,152,153,155,156,158,159,160,161,162,163,164,165,166,168,169,170,171,172,173,175,176,177
79,81,83,84,85,86,87,88,89,90,92,93,94,95,96,97,98,99,100,101,102,103,105,106,108,109,110,113,114,115,116,117,118,119,120,121,122,124,125,126,128,130,131,133,135,136,137,139,140,141,142,144,145,146,147,148,149,150,151,152,153,154,155,156,157,159,160,161,163,164,165,166,167,168,169,170,171,172,173,174,175,176,177
80,81,82,83,84,85,87,88,89,90,91,92,93,94,95,97,98,100,101,102,103,105,106,107,108,109,110,111,112,113,114,115,116,117,118,119,121,122,123,124,125,126,127,128,129,130,131,132,133,134,135,136,137,138,139,140,141,142,143,144,145,147,148,149,150,151,152,153,154,155,156,157,158,159,161,162,163,164,165,166,167,169,170,171,172,173,174,175,176,177
81,82,83,84,85,86,87,88,89,90,92,93,94,95,97,98,99,100,101,102,103,104,105,106,107,108,109,110,111,112,113,114,115,116,117,118,119,120,121,122,123,124,125,126,127,128,129,130,131,132,133,134,135,136,137,138,139,140,141,142,144,145,146,147,148,149,150,151,152,157,158,159,160,161,162,163,164,165,166,167,168,169,170,171,172,173,174,175,176,177
82,83,84,85,86,87,88,89,90,91,93,94,95,96,97,98,99,100,101,102,103,104,105,106,107,108,109,112,113,114,115,116,117,118,119,120,122,123,124,125,126,127,128,129,130,131,132,133,134,135,136,137,138,139,140,141,142,143,145,146,147,148,149,150,151,152,153,154,155,156,157,158,159,161,162,163,164,165,166,167,168,170,171,172,173,174,175,176,177
83,84,85,86,87,89,90,91,92,93,94,95,96,97,98,99,100,101,102,103,104,105,106,108,109,110,111,112,114,115,116,117,118,119,120,121,122,123,124,125,126,127,128,129,133,134,135,136,137,138,139,140,141,142,143,144,145,146,147,149,150,151,152,154,155,156,157,158,159,160,161,162,163,164,165,166,167,168,169,170,171,172,173,174,175,176,177
84,87,89,90,91,92,93,94,95,96,97,98,99,100,101,102,103,104,105,106,107,108,109,110,111,112,113,114,115,116,117,118,119,120,121,122,123,124,125,126,127,128,130,131,132,133,134,136,137,138,139,140,141,143,144,145,146,147,148,149,150,151,152,153,154,155,156,158,160,161,162,163,164,165,166,167,169,170,171,172,173,174,175,176,177
85,86,87,88,89,90,91,92,93,94,95,96,97,98,99,100,102,103,104,105,106,107,108,109,110,111,113,114,115,116,117,119,120,121,122,123,125,126,127,129,130,131,133,134,136,137,138,139,140,141,142,143,144,145,146,147,148,149,150,151,152,155,156,157,158,159,160,161,162,163,164,165,166,167,168,169,170,171,172,173,174,176,177
86,87,88,90,91,92,93,94,95,96,98,100,101,102,103,104,105,106,107,108,109,110,111,112,113,114,116,117,118,119,120,121,122,123,124,125,126,127,129,130,131,132,133,134,135,136,137,139,140,141,142,143,144,145,146,147,149,150,151,153,154,155,156,157,158,159,160,161,162,163,164,165,166,167,169,170,171,172,174,175,176,177
87,89,90,91,92,93,94,95,97,98,99,100,101,102,103,104,105,106,107,108,109,110,112,113,114,116,117,118,119,120,121,122,123,124,126,127,128,129,130,131,132,133,134,135,137,138,139,140,141,142,143,144,145,146,148,149,150,151,152,153,154,155,156,157,158,159,160,161,165,166,167,168,169,170,171,172,173,174,175,176,177
88,89,90,91,92,93,94,96,98,99,100,101,102,103,104,105,107,108,109,110,111,112,113,114,115,116,118,119,120,121,122,123,124,125,126,127,128,129,130,131,132,133,134,135,136,137,138,140,141,142,143,144,145,146,147,148,149,150,151,152,153,154,155,156,157,158,159,160,161,163,164,165,166,167,168,169,170,171,172,173,174,175,176,177
89,90,91,92,93,94,95,96,97,99,100,101,102,103,104,105,106,107,108,109,110,111,112,113,114,115,116,117,118,119,120,121,122,124,125,126,127,128,129,130,131,132,133,134,135,136,137,139,140,141,142,143,144,145,146,149,150,151,152,154,155,156,157,158,159,161,162,163,165,166,167,168,169,170,171,172,173,174,175,176,177
90,91,93,94,95,96,97,98,99,100,101,102,103,104,105,106,107,108,109,110,111,112,113,114,115,116,117,118,119,120,121,122,123,124,125,126,127,128,129,130,131,132,133,134,135,136,137,138,139,140,141,142,143,144,145,146,147,148,149,150,151,152,153,155,156,157,158,159,160,162,163,164,165,166,167,169,170,171,172,173,174,175,176,177
91,92,93,94,95,96,97,98,99,100,103,104,105,106,107,110,111,112,113,114,116,117,118,119,120,121,122,123,124,126,127,128,129,130,131,132,133,134,135,136,137,138,139,140,141,142,143,144,145,146,147,148,149,150,151,152,153,154,155,156,157,158,159,160,161,162,164,165,166,167,168,169,170,171,172,174,175,177
92,93,94,95,96,97,98,99,100,101,102,103,104,105,107,108,109,110,111,112,113,114,115,116,117,118,119,121,122,124,125,126,127,128,129,130,131,132,133,134,136,137,138,139,140,141,142,143,144,145,146,147,149,150,151,153,154,155,156,157,158,159,160,161,162,164,165,166,167,168,169,170,171,172,173,174,175,176,177
93,94,95,96,97,98,99,100,101,102,103,104,105,107,108,109,110,111,112,113,114,116,118,119,120,121,122,123,124,125,126,127,128,129,130,131,132,133,134,135,136,138,139,141,142,143,144,145,146,147,148,149,150,151,152,153,154,155,156,157,158,160,161,162,163,164,165,166,168,169,170,172,173,174,175,176,177
94,95,96,97,98,99,100,101,102,104,105,107,108,109,110,111,112,113,114,115,116,118,119,120,121,124,125,126,127,128,129,130,131,132,133,134,136,137,138,139,140,141,142,143,144,146,147,148,149,150,151,152,153,154,155,157,158,159,160,161,162,163,164,165,166,167,169,170,171,173,174,175,176
95,96,97,98,99,100,101,102,103,104,105,106,107,108,109,110,111,112,113,114,115,116,117,119,120,121,122,123,125,126,127,128,129,130,131,132,133,134,135,136,137,138,139,141,142,143,144,145,146,148,149,150,151,152,153,154,156,158,159,161,162,163,164,165,166,167,168,169,170,171,173,174,176,177
96,97,99,100,101,102,103,105,106,107,108,109,110,111,112,113,114,115,116,117,118,119,120,121,122,123,124,125,127,128,129,130,131,132,133,134,135,136,137,138,139,140,141,142,143,144,145,146,147,149,150,151,152,153,154,155,156,157,158,159,160,161,162,163,165,166,167,168,170,171,172,173,174,175,176,177
97,98,99,100,101,102,104,105,106,107,108,109,110,111,112,113,114,115,116,117,118,120,121,122,123,124,125,128,129,130,131,132,133,134,135,136,137,138,139,140,141,142,143,144,145,146,147,148,149,150,151,152,153,154,155,156,157,158,159,160,161,162,163,164,165,166,167,168,169,170,172,173,174,175,176,177
98,99,100,101,102,103,104,105,107,109,110,111,112,113,114,115,116,117,118,119,120,121,122,123,124,125,126,127,128,129,130,131,132,134,135,136,137,138,139,140,141,142,143,144,145,146,147,148,149,150,151,152,153,154,155,157,158,159,160,161,162,163,164,165,166,167,168,169,170,171,172,173,174,175,177
99,100,102,103,104,105,106,107,109,110,111,112,113,114,115,116,117,118,119,120,121,122,123,124,125,126,128,129,130,131,132,133,134,135,136,137,138,139,140,141,142,143,144,145,146,147,149,150,151,152,153,156,157,158,159,160,161,162,163,164,165,166,167,168,169,170,171,172,173,174,175,176
100,101,102,103,104,105,106,107,108,109,110,111,112,113,114,116,117,118,119,121,122,123,124,126,127,128,129,130,131,132,133,134,135,136,137,138,140,141,142,143,144,145,147,148,150,151,152,153,154,155,156,157,158,159,160,161,162,163,165,166,167,168,169,170,171,172,173,174,177
101,102,103,104,106,107,108,109,110,111,112,113,114,115,116,117,120,123,126,127,128,129,130,131,132,133,134,135,136,137,138,140,141,142,143,144,145,146,147,148,149,150,151,152,153,154,155,156,157,159,160,161,162,163,165,167,168,169,170,171,172,174,175,176,177
102,103,104,105,108,109,110,112,113,114,116,117,118,119,120,121,123,124,125,126,127,128,129,130,131,132,133,134,135,136,137,138,139,140,142,143,145,146,147,148,149,150,151,152,153,154,155,156,157,158,159,160,161,162,163,164,165,166,167,168,169,170,171,172,173,174,175,176,177
103,104,105,106,107,108,109,110,111,112,113,114,116,117,118,119,121,122,123,125,126,127,128,129,130,131,132,133,134,135,136,137,139,140,141,142,144,145,146,147,148,149,150,151,152,153,154,155,156,157,158,159,161,162,163,165,166,167,168,169,170,171,172,173,175,176,177
104,105,106,107,108,109,110,111,112,113,114,115,116,117,118,119,121,122,123,124,125,127,128,129,130,131,133,134,135,136,138,139,140,141,142,144,145,146,147,148,149,150,151,152,153,154,155,156,157,158,159,161,162,163,164,165,166,167,168,169,170,171,172,173,174,175,176
105,106,107,108,109,110,111,112,113,114,115,116,117,118,119,120,121,122,123,124,125,126,127,128,129,130,131,132,133,134,135,136,137,138,139,140,141,142,143,144,145,146,148,149,150,151,152,153,154,155,156,157,158,159,161,162,163,164,165,166,168,169,170,171,172,173,174,176,177
106,107,109,110,111,112,113,114,115,116,117,118,119,121,122,123,124,125,126,127,128,129,130,131,132,133,134,135,136,137,138,139,140,141,143,144,145,146,147,149,150,151,152,153,155,156,158,159,160,161,162,163,164,165,166,167,168,169,170,171,172,174,175,176,177
107,108,109,110,111,112,113,114,115,116,117,118,119,120,121,122,123,124,125,126,127,128,129,130,131,132,133,134,135,136,137,139,140,141,142,143,144,145,146,147,148,150,151,152,153,155,156,157,158,159,161,162,165,166,167,168,169,170,171,172,173,174,175,176,177
108,109,110,111,112,113,114,115,116,117,118,119,120,121,122,123,124,125,126,127,128,129,130,131,133,134,135,136,137,138,139,140,141,143,144,145,146,147,148,149,150,151,152,153,154,155,156,157,158,159,162,163,164,165,166,167,168,169,170,171,172,173,174,175,176,177
109,110,111,112,113,114,115,116,117,118,119,120,121,122,123,124,125,126,127,128,129,130,131,132,135,136,137,138,139,140,141,142,143,144,145,146,147,148,149,150,151,152,153,154,155,156,157,158,160,161,162,163,164,165,166,167,168,169,170,171,172,173,174,175,176
110,114,115,116,117,118,119,120,121,122,123,124,125,127,129,130,131,132,133,134,135,138,140,141,142,143,144,145,146,147,148,150,151,152,153,155,157,159,162,163,164,165,166,167,168,169,170,171,172,173,174,175,176,177
111,112,113,114,115,116,117,118,119,120,121,122,123,124,125,126,127,128,129,130,131,132,133,134,135,136,137,138,139,140,141,142,143,144,145,146,147,148,149,150,151,152,153,154,155,156,157,158,159,160,161,163,164,166,167,168,170,171,172,173,174,175,176,177
112,113,114,115,116,117,118,119,120,121,122,123,124,125,126,127,128,129,133,134,135,136,137,138,139,140,141,142,143,144,145,146,147,148,150,151,152,153,154,155,157,158,159,160,162,163,165,166,167,168,169,170,171,172,173,174,175,176,177
113,114,115,116,117,118,119,120,121,122,123,124,125,127,128,129,131,132,133,134,135,136,137,138,139,140,141,142,143,144,147,148,149,150,151,152,153,154,155,156,157,158,159,160,161,162,163,164,165,166,168,169,170,171,172,173,174,175,177
114,115,116,117,118,119,120,121,122,123,124,125,126,127,129,130,131,132,133,134,135,136,137,138,139,140,142,144,145,146,147,148,149,150,151,152,153,154,155,156,157,158,159,160,161,162,163,165,166,167,168,169,170,171,172,173,174,175,176,177
115,117,118,119,121,122,123,124,125,126,127,128,129,131,132,133,134,135,136,138,139,140,142,143,144,145,146,147,148,149,150,151,152,154,155,156,157,158,159,160,161,162,163,164,165,166,167,168,169,170,171,172,173,174,175,176,177
116,118,119,120,121,122,123,125,126,127,128,130,131,132,133,134,135,137,138,140,141,143,144,145,146,147,149,150,151,152,153,154,155,156,157,158,159,160,161,162,163,164,165,166,168,170,171,172,173,174,175,177
117,118,119,120,122,123,124,125,126,127,128,130,131,132,133,134,135,136,137,138,139,140,141,142,143,144,145,146,147,149,150,151,152,153,154,155,156,157,158,159,160,161,162,163,164,165,166,167,168,170,171,172,173,174,175,176,177
118,119,120,121,122,123,124,125,126,127,128,129,130,131,132,133,134,135,136,137,138,140,141,142,143,144,146,147,148,149,150,151,153,154,155,156,157,158,159,160,161,162,163,164,165,166,167,168,169,170,171,172,173,174,175,176,177
119,120,121,122,123,124,125,126,127,129,130,131,132,133,135,136,137,139,140,141,142,143,144,145,146,147,148,149,150,151,152,154,155,156,157,158,159,160,161,162,163,164,165,166,168,169,170,171,172,173,174,176,177
120,121,122,123,124,125,126,127,128,129,130,131,132,133,134,135,136,137,138,139,141,142,143,144,145,147,148,149,150,151,152,153,154,155,156,157,158,159,160,161,163,164,165,166,167,168,169,170,171,172,173,174,175,176,177
121,122,123,124,125,126,127,128,129,130,131,132,133,134,135,136,137,138,139,140,141,142,144,145,146,147,148,149,150,151,152,153,154,155,156,157,158,159,160,161,162,164,166,167,168,169,170,171,172,173,175,176,177
122,123,124,126,127,128,129,130,131,132,134,135,136,137,138,139,140,141,142,143,144,145,147,148,149,150,151,153,154,155,156,157,158,160,161,162,163,164,165,166,167,168,169,170,171,172,173,176,177
123,124,125,127,128,129,130,131,132,133,134,135,136,137,138,139,141,142,143,144,145,146,147,148,150,151,152,154,156,157,158,159,160,161,162,163,164,165,166,167,168,169,170,171,173,174,175,176,177
124,125,126,127,128,129,130,131,132,133,134,135,136,137,138,140,141,142,143,144,145,146,147,148,149,150,151,152,153,154,155,156,157,158,159,160,161,162,163,165,166,167,169,170,171,172,174,175,176,177
125,126,127,128,129,130,131,133,134,135,139,140,141,142,143,144,145,146,147,148,149,150,151,152,153,154,155,156,157,158,160,161,162,163,164,165,166,167,168,169,170,171,172,173,174,175,176,177
126,127,128,129,132,133,134,135,136,137,139,140,141,142,143,144,145,146,147,148,149,150,151,152,153,154,155,156,157,158,159,160,161,162,163,164,165,166,167,170,171,172,173,174,175,176,177
127,128,129,130,131,132,133,134,135,136,137,138,140,141,142,143,145,146,147,149,150,151,152,153,154,155,156,158,159,160,161,163,164,165,166,167,168,169,170,171,172,173,174,175,176,177
128,129,130,131,132,133,134,135,136,137,139,140,141,142,143,144,145,146,147,148,149,150,151,152,153,155,156,158,159,160,161,163,164,165,166,167,168,169,170,171,173,174,175,176,177
129,130,131,132,133,134,135,136,137,138,139,140,141,143,144,145,146,147,149,150,151,152,153,154,155,156,158,159,160,161,162,163,164,165,166,167,168,169,170,171,173,174,175,176,177
130,131,132,133,134,135,136,137,138,139,140,141,142,143,144,145,146,147,148,149,150,151,152,153,154,155,156,157,159,160,161,162,163,164,165,166,168,171,172,173,174,175,176,177
131,132,133,134,135,136,139,140,141,142,143,144,145,146,147,148,149,150,151,153,154,155,156,157,158,159,160,161,163,165,166,167,168,169,170,171,172,173,174,176,177
132,133,134,135,136,137,138,139,140,141,142,143,144,145,146,147,148,149,151,152,153,154,155,156,158,159,162,163,164,165,166,167,168,169,170,171,172,173,174,175,176
133,134,135,137,138,139,140,141,142,143,144,147,148,149,150,151,152,153,154,155,156,157,158,159,160,161,162,163,164,165,166,167,168,169,170,171,172,173,174,176,177
134,135,136,137,138,139,140,142,143,144,145,146,147,148,149,150,151,153,154,156,157,158,159,160,161,162,163,164,165,166,167,168,169,170,171,172,173,174,175,176,177
135,136,137,138,139,140,141,142,143,145,146,147,148,149,150,151,152,153,154,155,156,157,159,160,161,163,164,165,166,167,168,169,170,171,172,173,174,175,176,177
136,137,138,139,140,141,142,143,144,145,147,148,149,150,151,152,153,154,156,157,158,159,160,161,162,163,164,165,166,167,168,169,170,171,172,173,174,175,176,177
137,138,139,140,141,142,143,144,145,146,147,148,149,150,151,152,155,156,157,158,160,162,163,164,165,166,167,168,169,170,171,172,173,174,175,176,177
138,139,140,141,142,143,144,145,146,147,149,150,151,152,153,154,155,156,157,158,159,160,161,162,163,164,165,166,167,168,169,170,171,172,173,174,176
139,140,141,142,143,144,145,146,147,148,149,151,152,153,154,155,156,157,158,159,160,161,162,163,164,165,166,167,169,170,171,172,173,174,175,176,177
140,141,142,143,144,145,146,147,148,149,150,151,152,155,156,157,158,159,160,161,162,163,164,165,166,168,169,170,171,172,173,174,175,176,177
141,142,143,144,145,146,147,148,149,150,151,152,153,154,155,156,157,158,160,161,162,163,164,165,166,167,168,169,171,172,173,174,175,176,177
142,143,144,145,146,147,148,149,150,151,152,153,154,155,157,158,159,160,161,162,163,164,165,166,167,168,169,170,171,172,173,174,175,176,177
143,144,145,146,147,148,149,150,151,152,153,154,155,156,157,158,159,160,161,162,163,164,165,166,167,168,169,170,171,172,173,174,176,177
144,145,146,147,148,150,151,152,154,155,156,157,158,159,160,161,162,163,164,165,166,167,168,169,170,171,172,173,174,175,176,177
145,146,147,148,149,150,151,152,153,154,155,156,157,158,159,160,161,162,163,164,165,166,167,168,169,170,171,172,173,174,175,176,177
146,147,148,149,150,151,152,153,154,155,156,157,159,160,161,162,163,164,166,167,168,169,170,171,173,174,175,176,177
147,148,149,150,151,152,153,154,155,156,157,158,159,161,162,163,166,167,168,169,170,171,172,174,175,176
148,149,150,151,152,153,154,155,157,158,159,160,161,162,163,164,166,167,168,169,170,172,173,174,175,176,177
149,150,151,153,155,156,157,158,159,160,161,163,164,165,166,168,169,170,171,172,174,175,176,177
150,151,152,154,155,157,158,159,160,161,162,163,164,165,166,167,168,169,170,171,172,173,174,175,176,177
151,152,153,154,155,156,157,158,159,161,162,163,164,165,166,167,168,169,170,171,172,173,174,175,176,177
152,153,154,155,156,157,158,159,160,161,162,163,164,165,166,167,168,170,171,172,173,174,175,176
153,154,155,156,157,158,159,162,163,164,165,166,167,168,169,170,171,172,173,174,175,176,177
154,155,156,157,159,160,162,163,164,165,166,167,168,169,170,171,172,173,174,175,176,177
155,157,158,160,161,162,163,164,165,166,167,168,170,171,172,173,175,176,177
156,157,159,160,161,162,163,164,165,166,168,169,170,171,172,174,175,176,177
157,158,159,160,161,162,163,164,166,167,169,170,171,172,173,174,176,177
158,160,161,162,163,164,165,166,167,168,169,170,172,173,174,175,176,177
159,160,161,162,163,167,168,169,170,171,172,174,175,176,177
160,161,162,163,164,165,166,167,169,170,171,173,174,176,177
161,162,163,164,165,166,167,168,169,170,171,172,173,174,175,176,177
162,163,164,165,166,167,169,170,171,172,175,176,177
163,164,165,166,167,168,169,170,171,172,173,175,176,177
164,166,167,168,169,170,172,173,175,176,177
165,166,167,168,169,170,171,173,174,176,177
166,167,168,169,170,171,172,173,175,176,177
167,168,169,170,171,172,173,174,175,176,177
168,169,170,171,172,173,174,175,176
169,170,171,172,173,174,175,176,177
170,171,173,174,175,176,177
171,172,173,174,176,177
172,173,174,176,177
173,174,175,176,177
174,175,176,177
175,176,177
176,177
177
