n_nodes:297
n_edges:11022
density:0.25075
0,256,131,133,134,136,9,138,11,12,13,14,16,273,274,19,21,23,24,154,157,287,160,289,163,165,166,295,170,43,44,259,285,48,178,181,54,183,244,60,189,288,262,195,246,268,247,79,142,215,267,219,220,221,95,96,225,100,293,103,232,107,237,112,147,116,245,118,119,120,249,124,253,277
1,192,3,261,264,259,267,141,270,143,16,17,18,19,20,149,22,152,25,282,155,28,158,32,278,35,164,38,272,40,42,172,50,52,182,201,61,64,193,196,197,275,73,202,205,207,79,80,209,83,212,85,214,88,91,222,224,208,251,100,101,104,233,295,236,238,253,113,115,131,248,122,232,124,170
2,256,129,258,294,260,262,135,137,138,267,140,13,15,16,17,18,19,174,151,152,25,154,155,285,160,34,36,293,38,42,43,44,46,177,189,179,180,54,265,57,58,59,60,109,62,64,193,194,68,197,198,72,73,75,239,79,237,214,215,217,90,271,92,224,225,228,229,105,234,235,146,111,275,118,250,288,200,170,127
3,131,4,133,136,138,11,141,270,272,273,18,19,148,149,23,280,25,26,155,157,158,159,240,197,283,36,165,38,295,296,42,178,175,176,50,54,184,58,61,190,279,139,196,182,289,200,73,202,75,209,213,267,89,91,92,186,251,100,101,103,232,234,235,236,146,112,242,275,118,120,121,122,123,127
4,256,130,6,135,265,10,267,13,15,144,17,269,174,152,283,28,29,33,34,36,294,168,284,171,44,45,46,176,49,51,52,181,57,59,232,63,64,193,67,68,228,199,74,206,79,80,222,212,85,86,217,90,219,221,94,224,208,98,100,230,104,252,235,237,272,240,40,292,246,250,191,124,127
5,129,259,132,278,134,7,8,138,215,269,14,143,272,286,19,276,21,22,151,260,239,185,287,32,33,34,283,207,165,295,40,41,263,44,173,46,175,270,291,181,182,57,58,59,190,63,67,69,200,73,74,76,206,79,208,209,210,83,212,142,214,87,267,91,99,230,275,277,108,109,168,111,113,147,116,117,246,247,121,191,281,254,85
6,128,235,132,260,135,265,209,215,268,175,142,16,145,167,20,21,25,280,26,27,156,157,286,31,32,289,162,163,262,294,39,40,41,170,178,47,177,50,53,219,183,290,62,63,196,69,70,199,72,73,205,78,80,81,82,251,270,86,87,89,90,91,92,95,144,99,100,230,103,232,277,107,236,237,272,239,112,118,169,250,191,281,127
7,130,280,263,264,265,209,268,141,15,282,145,19,277,22,151,152,153,26,27,28,29,286,31,288,290,155,165,38,40,41,42,45,47,176,50,51,180,53,283,186,159,61,62,296,64,68,228,198,71,74,203,204,80,173,210,83,85,214,87,88,89,218,271,216,222,226,100,178,104,105,234,235,111,168,250,252,126
8,258,259,262,263,10,290,274,22,23,26,284,30,289,34,291,292,293,38,44,47,54,55,57,61,63,66,71,72,74,75,76,84,88,89,92,93,95,96,101,106,115,117,120,121,123,126,129,131,132,278,134,145,148,149,150,152,153,154,161,164,169,170,172,177,286,187,188,189,195,196,197,198,200,203,205,207,211,214,215,218,223,228,235,236,239,240,242,245,249,252,253,254
9,258,259,133,134,135,264,265,267,140,141,144,275,20,174,282,151,24,283,154,27,26,31,155,164,163,166,171,45,46,29,178,51,181,182,184,185,188,61,192,194,67,225,262,204,78,207,208,248,210,83,213,57,216,93,165,224,97,50,228,230,231,105,234,237,110,242,245,120,249,123,124
10,257,130,294,261,137,266,140,142,16,145,18,148,149,152,47,28,158,32,33,290,163,37,166,272,284,44,173,175,177,179,180,181,55,56,191,64,69,198,72,201,226,79,35,85,86,92,221,222,97,98,229,107,108,274,238,112,242,115,116,268,264,248,121,250,126
11,130,133,262,264,265,267,12,194,270,15,16,145,146,259,20,21,22,235,24,283,156,285,261,288,162,36,293,38,28,43,172,271,178,51,182,250,56,57,187,189,62,191,279,66,152,68,198,71,275,268,74,119,206,269,80,210,83,86,89,90,219,220,93,280,223,98,228,252,107,236,110,240,115,117,246,41,248,276,122,251,124,255
12,129,130,235,132,134,243,236,138,13,15,145,274,259,20,149,151,152,281,282,284,218,158,33,165,294,46,47,49,51,180,182,183,184,190,192,65,262,267,196,285,161,275,74,76,206,79,83,214,216,90,271,221,222,96,228,102,17,103,108,112,211,244,254,246,247,148,122,123,126
13,129,131,261,134,264,137,130,142,273,274,275,149,279,280,283,156,32,289,35,36,170,199,45,48,253,52,185,187,189,192,160,203,197,71,73,75,204,80,81,82,216,250,220,221,229,224,228,101,230,103,104,231,237,239,112,180,242,245,268,122,125,126
14,129,132,134,135,257,265,139,288,270,15,144,19,276,277,22,281,26,155,284,29,31,214,291,292,165,166,39,40,220,44,45,229,181,182,55,60,61,191,64,193,194,196,54,77,207,210,211,84,86,217,90,219,92,93,94,95,224,227,101,108,189,112,113,242,147,116,245,120,253
15,257,261,264,137,141,272,17,276,149,279,280,27,157,287,288,289,34,163,162,37,38,249,42,175,49,180,236,56,57,59,60,62,64,198,66,67,196,69,70,194,73,258,77,207,81,84,213,86,185,164,218,225,102,209,188,106,108,110,112,296,242,243,116,246,120,121,122,200,277
16,277,179,136,192,258,270,272,17,174,150,23,24,281,154,156,29,158,31,32,197,165,168,41,173,46,189,50,128,52,53,54,56,186,159,138,296,64,160,262,203,182,198,72,74,75,204,79,227,220,284,87,216,207,92,37,224,59,229,106,236,237,238,111,241,242,116,117,247,120,252,255
17,256,259,261,257,264,267,258,273,19,23,282,284,30,31,288,33,290,292,293,294,39,41,42,44,49,50,55,56,57,62,64,69,73,77,269,80,87,89,93,96,272,103,105,106,115,119,120,122,123,124,127,138,139,149,150,159,165,180,182,185,187,193,194,195,197,198,206,212,213,214,216,79,223,224,225,230,234,241,245,248,249,251,252,253,255
18,260,261,230,135,139,140,287,144,274,259,276,21,150,23,24,153,155,28,31,160,292,37,38,272,249,41,170,263,172,173,176,50,243,52,53,182,59,266,191,192,194,195,196,197,203,77,248,227,220,213,215,89,90,92,94,223,224,225,226,217,100,101,102,178,232,105,235,237,110,241,115,117,247,120,121,122,255,281,166
19,136,236,269,144,286,147,20,149,23,153,282,30,159,160,33,34,292,37,294,295,40,199,264,178,179,52,158,54,184,281,61,192,194,197,198,161,73,202,204,290,80,81,82,213,86,87,88,89,91,216,250,94,165,252,226,227,273,104,105,234,108,109,110,244,117,148,122,251,124,255
20,258,131,257,141,142,143,144,276,278,151,24,153,282,284,31,32,162,134,166,167,168,169,263,173,174,175,177,51,182,250,56,188,190,288,139,201,34,208,209,82,237,85,88,89,90,91,93,222,228,104,235,109,112,243,247,248,122,281,254,213
21,257,282,132,135,136,265,139,270,280,148,277,281,24,25,154,157,158,159,32,168,43,44,173,47,176,177,55,56,57,287,191,65,194,68,69,225,201,74,81,210,211,84,214,216,223,224,97,101,263,231,104,105,236,240,241,114,285,245,121,251,252,253,264,255
22,256,130,171,236,138,143,216,146,147,148,174,280,281,157,290,220,164,37,39,296,169,42,43,46,175,136,53,182,265,186,60,61,62,194,67,69,200,201,241,76,80,81,139,270,214,88,217,90,208,92,293,96,97,98,102,104,233,295,108,109,232,242,115,204,170,122,124,125,195
23,129,258,260,135,273,256,149,115,282,27,159,33,162,155,164,37,296,41,170,171,46,175,136,179,180,184,61,62,191,65,245,68,199,275,201,203,80,81,213,86,88,292,216,165,144,229,209,104,289,272,147,117,250,253,277
24,128,131,261,134,257,138,256,145,278,153,280,25,26,284,29,30,31,161,290,163,164,37,38,40,43,294,46,177,178,286,185,159,190,191,262,195,196,201,76,80,282,84,214,88,89,216,250,223,263,225,293,229,110,174,240,242,243,116,245,246,121,217,124,126,149
25,128,260,133,129,264,236,209,139,273,130,270,144,145,146,147,269,224,155,28,29,30,197,163,164,165,167,43,44,173,157,179,286,55,184,59,188,189,63,64,198,267,196,69,70,199,201,74,77,207,81,227,280,92,94,171,99,229,230,103,259,105,106,231,108,237,239,113,285,247,121,123,252,234,283
26,129,214,269,259,276,149,278,279,153,155,157,286,287,33,281,36,40,41,170,172,50,221,178,184,186,59,62,197,199,72,201,74,204,77,206,80,84,86,87,217,228,58,223,208,240,100,101,230,232,236,109,238,239,112,241,116,118,247,249,122,252,126,277
27,257,258,136,138,139,269,270,275,148,150,153,265,248,159,33,34,163,164,37,294,39,296,41,44,174,47,177,243,54,137,290,186,31,60,61,191,224,66,67,68,69,74,262,204,77,79,209,291,84,284,218,207,94,95,96,98,276,231,105,234,109,115,285,117,120,249,250,124,219,264
28,213,259,261,265,141,222,148,149,279,282,158,159,274,197,164,165,38,167,129,169,42,242,46,176,179,52,181,55,56,57,59,138,190,192,288,267,272,69,70,200,75,204,207,184,82,83,85,214,220,221,94,95,225,227,101,230,209,104,106,236,109,110,174,229,40,114,254,246,241,251,124,126,127
29,133,260,150,151,155,284,286,161,162,35,36,294,39,168,44,45,174,49,50,54,265,186,60,189,192,195,272,71,201,202,247,206,207,248,82,291,212,142,214,218,219,220,93,144,226,230,106,225,237,110,61,119,120,249,250,253,85
30,128,259,278,134,137,138,268,142,143,294,150,153,265,157,35,36,166,167,40,291,43,172,45,46,47,178,180,55,184,58,60,62,63,203,196,69,70,199,72,73,74,183,76,207,80,209,83,213,216,89,220,222,99,228,38,102,145,110,239,112,292,247,249,250,123
31,131,133,139,140,171,235,284,218,289,290,36,293,294,167,40,42,43,172,173,285,253,180,55,57,60,62,295,279,69,199,73,79,248,210,83,84,85,185,216,152,91,92,222,223,96,144,296,227,101,263,231,233,107,110,111,240,113,242,115,119,120,124,170,255
32,258,132,267,268,239,145,278,281,280,260,282,155,286,287,160,33,290,35,36,37,38,167,40,47,177,51,52,54,186,59,188,61,62,296,262,195,198,247,77,78,271,81,227,213,88,91,222,96,144,99,100,232,105,108,189,113,114,190,246,233,276,252,253,127
33,128,129,131,132,134,139,271,144,248,150,280,157,286,260,281,35,164,244,38,167,40,282,287,155,181,54,183,283,57,187,60,266,63,279,160,67,70,71,200,74,75,207,80,209,211,213,86,215,89,92,93,97,292,101,102,103,237,110,239,116,245,246,247,153,217,252
34,256,192,291,140,130,142,272,273,153,158,133,48,219,37,41,171,174,176,264,179,52,53,56,223,60,64,65,66,198,71,73,207,141,208,83,213,90,91,92,199,165,96,99,228,101,103,113,211,244,117,268,120,276,125,254
35,243,258,277,134,193,267,270,143,273,148,238,217,289,291,164,165,38,167,170,45,175,177,50,51,181,55,56,57,58,59,61,63,65,203,68,69,199,200,183,204,213,88,89,218,92,93,37,227,228,104,105,235,237,110,253,240,115,116,117,119,248,276,42,254,127
36,257,262,263,137,268,142,286,148,149,150,218,153,283,284,159,162,163,164,293,227,296,42,43,172,173,221,50,243,158,60,63,65,267,72,73,241,78,269,80,81,210,211,86,88,90,93,59,100,103,232,242,234,107,110,154,238,114,115,118,255
37,257,131,133,268,140,141,281,179,286,261,293,146,39,296,291,42,242,49,50,51,53,55,184,244,186,138,62,63,192,195,228,70,71,73,75,76,162,78,207,210,274,84,213,203,87,216,89,227,100,102,232,106,108,109,177,189,114,275,116,212,118,119,121,250,251,239
38,128,132,134,265,266,268,258,144,145,277,287,162,294,167,169,42,263,257,173,176,49,179,158,182,290,186,295,190,63,181,69,70,72,203,77,79,80,163,284,89,91,221,222,229,97,98,100,101,230,103,233,231,236,146,272,244,120,250,255,170,264,127
39,257,130,133,135,264,137,138,139,140,265,271,267,281,156,158,287,160,219,164,294,41,43,46,157,177,182,183,184,57,60,273,191,64,65,245,68,198,233,200,268,74,78,208,82,249,88,89,90,91,92,93,165,224,226,99,100,102,231,188,238,253,221,115,117,246,119,121,123,125,254
40,256,259,269,272,273,276,277,278,281,261,292,296,42,257,53,54,55,57,60,65,70,74,76,79,82,84,87,102,109,110,113,275,121,122,126,130,134,139,145,147,149,282,162,164,167,171,182,186,191,192,288,194,196,197,201,202,206,213,216,217,218,222,228,230,231,237,238,241,242,244,246,248,250,251,252
41,171,260,136,172,273,269,275,252,278,152,156,261,283,162,165,167,296,170,43,44,47,48,49,178,55,184,57,139,189,134,193,67,68,198,71,200,201,202,203,77,79,82,84,213,218,219,220,93,293,225,227,229,103,232,105,107,108,210,239,113,221,115,190,246,249,124,125,277
42,261,134,139,130,272,147,276,277,152,155,156,157,158,161,162,164,167,257,173,176,49,178,52,286,182,244,287,188,62,295,193,262,200,201,202,204,141,208,210,163,220,85,87,207,92,222,95,224,229,102,145,104,105,231,111,240,296,116,120,293,124,239
43,192,259,264,226,266,269,142,45,148,149,281,239,48,289,291,164,296,255,173,176,178,222,287,183,56,159,191,64,193,67,198,225,72,73,202,241,224,78,207,208,184,211,139,215,271,94,96,97,98,187,229,233,106,240,108,109,238,111,112,113,115,244,251,127,252,125
44,57,131,263,265,140,130,239,286,147,276,153,284,185,133,288,161,290,170,171,287,178,179,180,53,56,52,159,191,64,195,197,256,72,204,205,141,245,83,84,142,86,87,207,224,97,99,100,229,232,106,111,241,243,187,212,270,281
45,258,132,134,264,139,143,144,145,274,147,174,267,282,176,162,293,295,168,169,172,173,46,48,178,243,52,54,184,185,58,59,192,224,203,68,69,199,72,75,79,248,163,85,86,87,216,90,91,182,186,94,95,96,242,102,223,270,233,277,107,108,289,110,239,114,211,120,249,122,251,255
46,129,136,270,143,273,274,149,132,155,156,150,133,160,161,261,170,199,223,51,52,54,137,186,59,60,189,181,64,194,71,204,77,78,205,81,87,88,218,286,95,224,103,231,236,238,243,117,248,122,191,124
47,256,129,130,131,132,137,267,271,286,275,148,280,153,156,157,159,160,161,162,163,292,166,295,263,264,178,179,181,55,57,59,189,67,69,289,202,183,77,84,85,203,93,227,100,102,103,232,233,234,107,236,111,240,244,245,246,122,123,125
48,230,258,131,132,278,257,226,267,142,259,150,290,282,285,163,292,167,174,175,176,49,50,53,183,184,186,223,189,191,192,197,72,74,75,204,77,78,207,56,210,227,85,215,217,219,221,95,263,61,99,229,102,104,275,295,236,109,111,241,243,244,118,247,249,122,254
49,130,259,133,137,138,139,269,270,272,284,147,155,156,161,283,292,168,172,157,200,52,54,183,223,266,63,192,66,68,198,71,72,74,75,76,216,79,294,213,86,88,219,92,93,165,228,101,105,108,240,296,114,115,116,245,118,248,121,122,124,125,166
50,130,186,266,194,270,147,171,280,154,155,261,160,240,166,167,169,170,135,174,177,51,52,53,287,262,184,57,58,223,190,63,66,195,70,71,200,258,203,204,78,79,209,274,84,206,87,164,220,93,94,165,272,99,131,235,108,237,111,112,113,243,244,117,247,248,122,252,125,126,277
51,257,130,131,214,264,258,271,144,273,277,278,280,155,156,261,161,290,292,169,170,172,182,183,185,58,187,192,65,139,200,201,74,78,207,80,83,84,86,249,218,220,94,96,98,251,233,235,238,112,113,118,212,123,253,254
52,258,271,279,285,286,287,289,294,57,60,61,69,75,76,78,84,85,86,89,92,93,96,101,103,110,111,112,275,122,124,125,130,138,139,141,146,151,152,153,154,155,159,162,164,165,168,169,171,173,175,177,182,189,191,199,209,213,214,216,220,221,222,223,225,228,230,231,233,239,242,251,253
53,256,192,259,132,266,141,142,149,150,279,154,284,282,159,160,161,162,219,292,166,170,172,174,175,177,181,265,184,187,134,191,64,288,262,195,198,289,201,206,208,291,270,215,91,92,223,144,98,227,100,105,107,109,238,296,243,254,247,120,249,123,126
54,137,267,130,273,274,149,152,154,284,290,264,164,165,294,170,175,180,183,57,244,64,288,275,72,75,78,141,82,84,88,91,220,293,225,228,230,102,233,252,107,238,239,240,296,114,147,116,245,119,120,121,250,123,124,125,126,277
55,128,130,259,132,134,137,267,260,271,150,281,282,175,285,289,163,166,241,169,171,173,56,244,186,60,62,191,192,262,195,196,70,71,72,78,80,214,87,250,218,220,221,96,97,226,228,273,108,238,239,168,114,116,245,118,248,249,122,124,253,126,277
56,128,256,277,226,140,142,274,147,279,155,156,286,176,162,198,173,175,177,187,268,195,196,69,70,289,73,74,183,76,77,291,207,81,163,270,143,92,222,223,96,144,98,229,101,246,231,233,235,109,211,245,118,119,120,148,125,149
57,128,135,130,274,147,148,151,280,282,175,285,158,214,162,261,170,171,173,176,264,172,181,184,244,223,296,61,63,279,193,139,68,69,199,73,74,75,77,78,207,84,203,228,182,95,100,229,195,145,106,284,110,240,168,116,121,123,276,234,149
58,128,129,138,269,142,179,216,147,277,150,157,288,161,162,164,167,296,169,255,175,176,177,182,185,266,60,61,63,195,70,71,77,78,81,210,83,213,86,215,88,90,282,96,131,104,105,106,235,237,253,240,113,116,119,251,125,127
59,257,260,236,138,290,194,277,269,254,153,218,158,278,165,294,168,170,174,179,187,189,63,192,224,66,68,198,73,203,76,205,78,207,81,211,86,90,271,220,94,223,96,225,229,196,108,61,113,243,285,117,234,251,125,126,255
60,128,132,133,262,137,130,146,147,276,149,153,156,219,220,170,176,181,159,188,61,250,63,193,194,67,69,199,286,73,75,269,271,82,291,213,86,87,89,90,91,92,221,94,97,99,101,231,106,225,108,253,275,244,120,249,122,125,127
61,256,134,236,215,268,143,149,150,153,284,289,162,198,166,227,129,170,135,257,173,259,177,179,181,183,184,189,190,65,194,195,70,160,204,290,206,81,210,211,270,87,188,98,99,104,105,106,108,239,113,242,115,116,187,120,255,125,127
62,129,131,132,136,258,272,150,152,281,156,158,278,164,166,167,257,178,185,186,188,189,279,193,195,196,199,72,204,74,203,76,207,271,81,83,212,213,267,217,218,143,92,221,94,96,100,230,103,232,105,107,238,111,211,119,122,251,126
63,129,131,226,138,267,288,270,275,238,153,280,154,155,133,160,168,173,181,265,283,189,134,191,193,195,71,187,205,78,79,208,82,211,85,86,87,88,228,219,186,94,165,98,136,100,166,240,110,239,112,242,116,117,122,125,255
64,128,134,136,267,258,146,150,152,286,159,161,165,129,170,177,243,185,190,193,66,289,202,75,290,78,208,84,142,271,87,91,255,94,293,96,99,228,273,235,274,239,115,244,120,250,123,253,85
65,256,130,259,132,214,134,136,137,279,141,143,144,150,154,155,261,160,161,165,166,220,173,174,287,264,184,187,296,193,203,68,199,72,201,74,75,205,291,269,80,209,82,83,84,86,249,89,218,219,92,222,225,227,104,105,234,295,189,168,243,116,117,121,251
66,256,258,262,135,137,268,141,142,273,274,276,149,152,281,282,156,158,288,155,163,227,171,255,180,183,186,187,189,190,191,193,69,200,73,74,203,79,208,81,83,215,88,217,271,220,293,263,229,102,209,104,239,232,114,245,118,249,251,254,127
67,134,263,266,139,273,145,260,159,288,163,164,295,172,175,179,155,182,265,184,180,287,195,68,246,198,73,75,205,206,79,80,82,83,213,91,93,95,208,231,210,255,115,118,119,248,122,123,252,125,247
68,256,133,266,288,141,142,271,278,260,201,156,160,207,165,166,193,171,173,174,284,206,180,182,183,184,215,69,198,73,202,204,77,78,79,80,81,210,220,85,86,185,267,217,91,92,223,99,228,107,281,112,258,116,252,219,255
69,256,264,267,269,274,275,279,282,285,289,292,293,287,70,79,80,82,85,91,92,104,111,112,113,117,120,125,131,134,138,140,141,143,147,148,281,155,156,157,158,159,164,165,168,284,172,176,181,185,187,188,191,193,196,197,208,211,216,217,223,225,228,229,230,231,240,244,245,246,249,252,255
70,128,129,132,133,263,140,142,272,146,148,238,282,231,290,163,164,134,255,223,175,287,261,219,187,188,193,196,161,286,204,202,75,143,83,84,85,214,88,89,91,92,94,225,100,103,232,233,106,107,236,110,111,292,116,117,247,212,250,123,124,126,127
71,129,259,260,266,142,144,274,151,280,281,282,156,158,288,163,243,165,294,171,221,206,136,179,180,187,189,190,139,199,72,204,75,76,290,78,269,208,209,210,211,85,203,267,217,93,222,224,272,226,100,230,102,270,233,235,284,109,110,111,113,115,119,248,249,255,200,183,127
72,128,131,133,135,137,279,140,142,145,147,149,151,152,155,265,154,287,162,291,134,170,174,157,158,186,187,273,262,203,182,275,75,290,294,85,215,164,228,165,225,229,100,166,102,103,237,241,115,285,264,248,183,254,255
73,260,129,137,268,274,149,278,279,280,281,154,169,177,179,180,181,186,192,224,292,286,205,141,208,210,83,84,213,214,215,217,90,143,96,188,131,101,105,239,240,113,120,212,122,123,124,125,255
74,129,130,137,138,258,150,185,265,133,261,165,284,173,174,180,158,182,215,266,189,195,196,246,289,268,76,77,206,269,80,81,82,212,85,87,89,92,95,96,251,228,293,230,167,210,243,118,123,124,254,213
75,192,132,137,146,147,149,217,280,281,282,156,157,162,291,295,168,171,172,174,179,184,182,203,290,79,80,209,211,88,89,90,220,221,199,130,224,272,227,293,230,104,188,234,107,289,111,240,116,245,233,248,121,250,124,247
76,235,237,280,286,147,148,277,150,153,155,156,285,158,133,289,219,292,167,199,173,174,175,287,179,244,186,188,189,181,192,194,207,271,184,283,85,87,88,217,91,222,223,98,259,107,109,110,239,113,114,115,116,190,246,264,121,250,126
77,132,262,137,140,269,275,276,150,153,284,185,159,290,163,293,241,170,242,142,178,182,249,202,160,197,205,84,85,214,87,88,89,218,220,93,96,225,99,100,294,102,104,236,109,110,111,113,114,254,121,126,277
78,256,129,258,235,263,266,267,192,146,275,277,279,154,155,285,159,162,296,169,274,172,175,293,189,288,164,183,290,254,220,85,88,89,92,186,94,165,224,98,99,100,101,230,103,105,167,237,112,287,221,243,116,245,233,120,250,123,126
79,131,291,129,136,215,195,149,280,260,154,282,133,161,155,164,177,135,172,179,222,185,138,250,193,198,202,205,206,208,294,257,83,87,216,217,90,93,94,95,252,97,100,229,263,232,105,106,235,110,239,296,118,233,122,255,124,264,127
80,258,266,268,271,276,283,290,295,269,83,84,85,86,88,89,92,98,103,104,107,109,113,117,127,128,294,132,134,135,137,140,145,146,147,152,153,154,156,282,164,167,168,171,175,180,181,183,191,199,200,203,204,212,213,215,218,226,227,229,231,289,240,245,250,251,254,255
81,258,278,135,265,266,267,140,270,272,273,146,276,155,285,158,159,289,293,294,171,177,243,180,181,185,190,191,288,245,248,210,212,213,214,215,216,292,92,222,96,225,226,228,101,263,108,174,240,113,114,115,244,117,120,124,253,149
82,129,130,131,260,133,257,264,137,267,142,237,216,277,281,153,158,159,288,162,163,164,134,294,276,296,176,179,180,181,183,185,187,258,230,141,210,211,214,88,90,207,220,182,99,101,102,232,188,295,109,239,240,113,115,117,120,148,250,195,254,127
83,258,132,193,141,271,216,274,269,277,278,281,260,282,157,214,219,139,168,284,171,172,174,176,178,286,159,201,265,206,211,84,86,87,89,207,222,223,224,102,107,237,253,140,285,268,248,121,250,125,276
84,128,256,259,262,193,137,266,267,144,145,148,150,284,158,162,155,167,170,263,242,174,177,181,265,188,228,200,219,206,85,169,90,91,92,93,280,165,98,100,101,103,105,231,237,114,211,119,120,270,253,255
85,256,130,235,264,215,140,141,142,143,275,280,132,160,161,198,135,223,179,176,266,187,189,258,195,207,209,210,213,86,87,88,217,90,92,221,222,95,96,99,269,103,233,107,191,238,241,114,243,285,170,121,123,125,254,127
86,128,256,131,133,193,172,179,274,277,150,155,286,287,288,163,134,296,291,170,175,270,243,184,185,190,194,245,199,204,206,215,267,89,218,143,223,97,227,293,259,105,225,255,112,211,116,117,119,120,251,126,213
87,192,130,235,260,259,138,274,149,150,279,218,153,257,156,157,261,160,219,164,167,169,263,221,189,280,223,190,198,292,247,291,208,282,210,215,89,90,207,174,222,95,144,100,230,104,107,191,110,111,240,241,285,119,123,253,127
88,258,259,266,140,269,142,143,273,274,277,150,154,239,156,157,278,129,169,171,172,296,136,270,183,184,188,192,196,177,163,215,216,89,204,219,92,222,208,228,101,231,105,295,110,111,241,275,116,117,247,250,123,124,253
89,256,261,266,268,279,283,264,267,90,94,97,98,99,108,111,113,115,119,125,127,139,142,143,144,149,157,162,166,167,169,173,174,175,176,180,286,190,191,192,193,194,200,201,204,208,209,291,212,215,222,226,228,232,237,241,243,255
90,135,264,265,138,130,143,277,150,217,282,239,156,158,240,291,293,168,284,263,172,175,176,177,179,182,189,245,193,197,225,258,205,207,209,228,91,92,222,97,227,100,103,105,234,236,274,111,112,140,244,242,233,249,123,253,126,247
91,128,130,129,266,144,145,150,153,282,284,240,291,198,168,220,170,197,172,174,184,189,199,204,215,278,219,92,93,94,182,97,98,228,232,235,237,112,241,243,116,118,247,120,148,126,127
92,230,132,137,279,268,216,151,160,165,272,168,169,222,179,182,266,138,181,192,195,161,203,204,226,163,217,93,94,293,225,98,227,229,102,209,295,236,274,110,189,112,242,117,249,123
93,256,260,133,135,273,175,271,286,147,151,225,281,155,158,231,161,290,293,166,167,171,172,295,226,207,183,188,191,279,196,200,201,202,145,209,291,216,222,223,96,97,98,263,103,233,236,110,239,241,114,244,246,250,252,126
94,256,258,131,132,261,207,136,139,141,148,149,282,288,161,162,198,167,172,206,177,180,250,151,195,199,275,201,202,226,208,120,210,142,214,215,281,221,224,98,227,229,234,240,108,109,239,112,113,115,245,153,217,252,277
95,230,258,131,133,263,267,140,141,147,174,150,279,280,157,158,287,240,289,155,292,165,167,171,175,179,262,256,200,268,203,207,212,214,216,218,222,223,225,226,101,102,105,234,108,237,238,253,112,114,275,244,118,247,293,255,170,149
96,192,258,261,135,137,142,201,277,279,154,155,284,157,161,163,293,294,171,174,191,197,256,183,207,291,186,220,222,97,187,101,102,209,234,289,239,240,241,190,118,119,120,249,122,123,253,213
97,256,230,278,135,139,269,144,280,146,276,151,218,154,155,156,157,287,219,164,169,171,177,180,137,190,192,195,196,161,202,204,209,282,212,216,220,98,166,102,188,236,111,112,114,115,119,120,121,250,254,277
98,256,141,142,145,274,275,148,149,260,156,157,158,289,219,165,169,186,188,190,191,246,286,201,205,211,223,224,100,166,230,104,234,235,232,114,116,118,247,250
99,128,257,258,136,137,140,141,270,145,146,147,252,281,283,158,287,160,289,291,165,294,170,178,175,264,182,183,190,262,197,198,199,207,208,215,219,220,100,104,188,167,236,109,110,112,242,115,116,117,247,251,124
100,136,137,138,279,141,259,148,277,235,153,218,260,163,167,174,176,180,183,186,209,210,292,220,221,222,223,225,269,276,233,236,281,238,241,115,121,250,124
101,128,278,265,138,140,272,145,150,151,239,156,154,286,283,164,167,296,285,176,183,186,287,245,194,198,289,203,162,269,208,206,249,220,222,226,102,273,106,107,274,177,111,241,115,117,246,120,121,136,251,124,255
102,259,263,266,267,272,276,280,288,143,104,105,107,274,115,116,120,121,122,123,134,136,138,140,109,144,146,149,151,161,162,164,171,173,175,176,286,182,184,185,191,192,193,196,198,201,204,206,207,208,212,213,215,220,229,233,234,236,237,239,242,246,249
103,128,129,236,266,256,272,146,148,278,281,154,218,134,170,135,172,178,185,188,189,193,197,268,203,205,282,210,211,292,220,223,225,228,229,105,107,108,109,110,111,240,241,221,116,250,253
104,258,150,265,139,140,144,273,205,154,156,274,290,292,167,296,172,178,115,180,186,245,192,203,227,198,194,204,141,193,214,216,207,220,222,279,272,230,105,295,236,237,238,239,147,117,246,233,248,269,288,252,149
105,128,259,260,136,138,140,270,143,148,150,154,286,237,146,241,135,232,283,185,274,200,202,247,209,193,215,217,216,186,222,263,228,294,275,106,108,109,239,240,113,115,244,169,273,124,170,126
106,131,132,133,134,137,143,146,275,148,150,279,261,160,290,292,167,168,182,184,287,296,192,196,198,200,202,203,204,208,250,222,144,227,165,145,232,231,236,253,112,241,114,243,244,233,120,122,251,125
107,230,132,133,135,136,137,268,256,272,146,147,149,151,282,159,288,163,164,134,166,172,266,189,178,183,267,186,138,191,192,193,203,200,205,209,216,279,255,229,224,208,187,270,235,236,274,111,113,242,243,246,247,248,249,293,123,264,127
108,256,129,258,132,265,277,158,161,290,172,173,175,176,184,197,199,215,216,221,222,293,229,234,231,236,237,112,243,245,248,249,250,123,124,254
109,129,131,132,262,137,268,258,242,143,294,273,146,149,151,260,156,288,295,162,165,166,167,173,223,293,115,182,187,189,198,200,205,211,212,284,215,221,229,259,171,231,110,112,296,114,147,245,233,248,122,281,277
110,256,258,260,262,264,266,268,269,277,279,290,295,265,111,116,118,119,121,122,125,128,130,132,133,134,136,140,143,146,149,151,153,158,159,164,170,174,179,180,184,185,187,190,192,197,209,291,215,217,229,233,236,237,238,240,241
111,128,260,137,141,271,280,147,150,225,283,156,288,180,261,293,167,178,172,265,185,186,287,191,193,194,245,202,212,223,263,228,239,112,117
112,253,258,260,214,135,265,140,146,259,150,196,239,197,160,162,163,261,134,176,181,182,184,185,192,193,262,195,199,204,290,207,271,291,212,206,221,263,293,270,233,225,240,219,244,283,250,123,125,126
113,260,136,265,138,267,268,141,144,146,147,276,217,283,157,158,133,261,293,166,227,171,173,175,244,191,279,288,194,196,200,202,203,205,211,212,218,272,259,236,210,239,296,242,204,117,120,281,253,126,255
114,261,264,267,268,146,150,151,281,154,162,164,295,296,156,274,278,174,181,182,186,187,195,199,201,207,229,240,115,117,169,293,251,124,127
115,256,278,263,137,268,141,276,157,286,288,294,210,170,172,181,138,204,202,208,227,139,215,216,254,223,226,295,243,117,246,120,122,251,252,126,255
116,128,130,131,135,137,267,258,150,248,261,160,162,164,272,172,173,266,181,192,194,203,197,161,204,209,210,211,206,185,217,186,198,225,233,231,237,245,120,251,126,213
117,256,130,131,260,262,263,266,142,271,145,147,277,154,284,158,133,161,264,220,172,173,176,136,180,186,151,225,206,227,212,213,215,221,208,226,228,209,188,210,272,244,254,233,121,125,126
118,257,136,267,268,194,144,274,131,134,280,284,154,163,165,294,272,168,170,171,172,176,179,185,187,190,224,198,204,205,208,214,217,220,263,227,231,259,233,234,295,296,119,250,253
119,129,214,135,136,141,271,276,150,290,164,166,291,263,175,177,180,181,182,185,139,287,197,198,200,202,208,211,216,165,227,212,246,233,221,245,121,122,251,124,264,255
120,128,213,133,230,147,151,152,154,265,272,291,164,165,167,172,136,137,159,224,194,196,202,203,207,271,237,142,228,232,146,238,246,250,255,124,126,127
121,256,130,132,134,135,279,140,141,270,144,145,131,148,278,153,154,155,260,169,263,173,190,191,245,196,197,198,225,268,205,208,217,228,219,280,293,227,231,295,237,242,244,276,253,255
122,273,129,137,144,147,150,151,153,175,265,287,161,278,219,165,166,169,172,184,185,186,193,197,198,289,200,202,183,204,205,141,179,290,203,215,293,251,230,259,232,235,146,255,241,245,148,250,191,125,283,247
123,128,129,262,135,139,269,256,146,277,185,280,265,160,295,283,164,166,284,171,175,176,136,180,186,187,188,192,190,191,182,286,140,210,291,219,263,226,294,233,274,238,206,247,248,124,254,255
124,268,265,271,146,269,174,151,153,201,155,156,285,158,162,164,165,241,172,173,178,181,185,202,190,194,196,199,291,169,220,224,277,255,232,147,292,246,250,252,254,247
125,256,129,132,150,264,138,267,142,144,274,147,276,277,260,282,283,286,160,295,163,165,166,167,170,171,174,179,181,201,180,190,288,199,200,206,209,215,218,220,221,293,272,229,195,232,237,253,213
126,128,257,261,265,144,273,148,278,157,160,290,219,166,169,135,179,183,199,141,215,220,228,229,235,236,269,255
127,257,263,264,258,142,274,147,235,281,157,159,289,262,295,172,175,176,177,179,186,190,288,207,248,211,214,216,223,227,228,230,273,237,241,285,249,250,251,253
128,256,129,261,137,138,143,144,280,147,279,155,287,160,290,251,292,165,296,170,172,173,176,181,223,189,191,193,262,203,196,202,183,204,248,213,185,217,220,186,222,198,240,232,234,235,229,266,245,246,247,249,281,253,255
129,192,260,236,139,142,143,286,148,149,175,158,159,160,291,166,167,168,156,176,264,179,181,202,287,188,279,267,214,224,251,256,230,232,234,231,238,189,206,248,252,213
130,260,137,142,219,146,147,269,238,150,153,265,287,288,161,163,262,169,171,176,138,215,245,182,199,177,290,291,207,211,212,289,223,227,293,270,295,210,240,246,268,252,253,254
131,134,190,270,237,274,259,277,150,279,152,155,160,197,164,227,173,175,178,183,184,287,196,289,211,292,218,207,186,224,269,295,293
132,280,260,134,135,173,294,145,274,276,152,154,156,157,158,161,290,296,169,172,136,270,180,185,181,192,194,245,200,206,205,209,210,214,249,286,221,165,225,229,166,230,231,232,233,239,183,211,190,246,251
133,196,141,270,143,149,153,158,161,170,173,175,172,181,182,137,287,189,190,289,204,290,248,212,215,219,222,224,226,227,229,230,231,281,253,157,247,293,191,252,234
134,257,135,273,146,259,238,151,260,282,156,261,160,290,292,167,171,174,178,182,190,196,202,211,213,280,286,234,277,226,230,236,210,189,168,242,169,191,170,276
135,235,278,264,138,140,271,272,145,275,148,150,280,154,282,287,288,240,266,295,170,174,200,179,181,183,184,186,195,198,289,262,251,233,222,227,230,232,238,241,253,276
136,192,262,265,151,140,141,270,143,145,148,260,285,287,160,289,291,164,170,171,176,177,180,267,190,245,196,275,201,292,204,208,248,169,250,229,231,232,234,237,243,217
137,235,262,141,145,275,276,149,217,281,154,284,159,293,294,296,174,158,202,190,272,228,198,199,239,206,248,164,218,207,250,226,230,233,238,251
138,266,145,274,148,279,157,161,290,296,263,257,158,184,191,258,195,196,200,268,241,204,210,213,228,280,223,238,242,244,218
139,256,261,263,265,266,215,268,269,259,282,284,285,290,292,294,174,181,185,187,295,192,211,275,202,203,205,209,210,216,218,251,229,234,235,236,232,249,250,254
140,267,258,142,144,145,151,218,157,159,160,161,292,173,175,189,279,193,195,199,204,288,251,249,280,224,226,228,273,236,289,243,233,253,255
141,256,258,262,266,290,142,144,274,282,196,154,157,287,160,193,227,168,284,173,226,177,184,223,191,195,199,200,247,205,222,217,231,240,148
142,288,267,286,280,146,277,278,152,281,284,160,289,266,168,200,178,189,224,197,211,215,205,227,231,232,194,210,239,296,192,252
143,258,259,260,193,256,286,174,154,218,214,162,295,172,178,179,158,201,188,190,194,290,208,215,223,225,231,232,168,242,243,248,249,251,254,213
144,282,263,264,266,151,149,152,154,284,286,163,170,199,174,285,232,188,189,181,192,195,196,198,160,206,184,267,220,250,217,228,166,237,244,254,251
145,257,258,259,269,271,148,281,284,157,264,291,262,227,169,172,176,180,181,184,186,188,245,193,194,198,199,204,206,211,267,292,220,208,230,268,247,250,254
146,230,209,272,252,238,282,284,158,240,163,164,175,251,179,182,183,180,186,190,191,212,206,214,215,218,222,293,224,166,243,233,253,254
147,235,259,268,258,148,280,283,156,158,159,162,163,164,169,197,179,180,168,250,199,204,207,227,212,270,200,153,218,219,226,256,231,234,275,278,170,254
148,258,260,261,274,269,152,283,160,162,166,296,284,170,172,288,280,192,193,195,196,201,226,207,209,163,249,171,225,229,235,242,244,212,268,264,248,277
149,262,274,150,281,155,157,261,160,163,272,176,264,180,186,193,196,182,239,213,214,220,225,228,230,222,240,235,249,252
150,256,186,269,158,271,278,154,159,160,162,193,172,221,177,253,180,181,285,246,161,233,183,164,220,174,222,272,226,227,231,235,236,274,241,243,245,229,249,264,247
151,235,260,278,280,154,158,159,288,161,162,291,261,262,295,272,220,175,287,186,187,268,191,245,207,282,210,215,250,233,241,243,246,247
152,258,271,274,275,282,155,284,157,289,162,293,166,177,182,183,184,159,192,190,201,203,270,221,223,224,272,294,232,239,240,244,268,276,250,252,264,255
153,256,265,215,258,273,159,160,162,293,173,176,179,243,290,191,288,194,267,198,200,206,207,227,269,259,234,235,274,242,246,247
154,235,267,268,276,260,155,286,159,161,164,198,296,172,178,174,287,264,179,185,187,189,192,181,199,183,205,213,279,221,229,292,230,231,208,247,250,234
155,278,290,272,276,156,158,162,293,166,295,171,182,199,202,205,211,216,220,251,209,252,231,237,239,240,244,191,277
156,256,179,174,279,284,218,261,160,161,291,166,168,173,178,180,181,182,215,185,287,192,288,195,206,220,222,223,229,228,231,188,208,272,243,244,190,249,250,251,170,254,255
157,261,265,267,283,159,278,291,164,262,168,169,173,176,179,181,296,193,204,226,209,214,219,280,227,233,235,238,240,247,252
158,267,265,270,269,280,282,218,278,160,163,165,168,171,223,221,179,181,183,202,191,193,245,196,198,204,226,207,249,216,228,276,231,237,240,246,248,212
159,260,270,276,287,288,161,163,167,284,170,172,184,185,191,193,272,211,204,205,206,214,207,223,224,263,228,229,195,259,233,234,236,210,241,245,283,249,277,254
160,267,271,273,287,290,163,262,169,171,264,186,161,202,203,206,216,219,221,199,223,226,256,229,230,231,167,272,174,241,250,255
161,192,193,269,222,286,168,257,171,172,175,176,183,184,244,188,296,195,197,204,210,212,226,230,233,235,241,221,246,249,251,252,254
162,257,273,288,247,219,241,281,176,181,193,196,228,198,291,206,185,224,227,212,188,234,295,168,245,233,255,254,213
163,253,269,256,176,289,283,198,172,179,286,185,186,187,190,193,201,203,206,208,184,274,212,217,218,222,223,272,230,195,234,210,239,277
164,260,262,272,276,277,287,293,172,285,176,283,187,189,191,225,202,212,206,214,271,222,229,234,208,200,239,168,246,249,250,195
165,267,237,274,196,278,285,288,251,294,226,179,286,184,186,190,177,247,205,208,210,227,169,224,228,230,231,275,295,236,253,240,243,187,191
166,260,263,267,273,275,254,217,196,282,283,293,296,284,172,226,177,183,184,187,188,198,205,206,207,208,209,210,215,216,280,223,224,229,272,243,245,241
167,253,294,193,268,269,271,275,217,239,285,295,168,176,257,242,174,175,293,179,286,202,188,189,296,192,196,209,211,263,225,226,223,233,231,238,229,221,244,246,234,250,281
168,258,265,268,274,280,287,169,174,179,286,189,191,198,289,205,209,270,215,222,225,228,246,231,232,235,275,247,249,250,234
169,257,263,265,258,271,274,252,279,280,260,283,287,289,264,249,170,285,176,177,178,184,187,188,191,196,225,203,218,222,230,238,296,243,244,245,247,248,253,277
170,277,290,256,219,174,283,286,288,289,278,177,296,176,183,186,181,245,201,207,218,230,270,255,240,241,242,187,276,250,251,213
171,259,261,279,194,273,277,282,265,283,292,176,179,287,192,198,258,205,291,269,213,214,226,228,232,225,236,239,243
172,263,291,269,195,252,267,260,288,244,274,219,184,188,250,196,204,208,206,185,216,293,246,187,233,277,237,238,241,249,264
173,260,236,279,273,259,289,281,293,241,284,177,178,188,192,265,198,204,206,207,208,211,212,249,219,220,223,224,232,252,242,275,268,217,191,255
174,201,209,265,279,196,287,176,283,272,278,175,177,267,266,189,190,191,195,199,183,269,249,216,294,276,178,232,233,282,296,243,212,251,254,255
175,260,264,265,269,273,280,284,286,288,290,262,240,177,179,187,189,190,279,193,194,197,207,184,224,229,223,252,231,237,217,242,244,249,195,266
176,213,272,276,278,279,218,280,182,191,289,291,207,215,216,186,222,229,246,240,255,247,249
177,192,277,263,265,287,240,296,178,179,191,262,258,247,205,184,210,211,213,217,207,221,232,235,236,238,255,229,242,245,251,252,254
178,259,258,282,280,277,235,239,289,283,294,295,296,179,187,190,262,200,203,271,210,214,217,219,222,223,263,225,226,228,230,284,238,246,250,253,247
179,201,261,258,275,277,291,223,286,183,185,193,200,202,206,227,220,215,216,271,199,224,226,187,293,259,233,274,245,251
180,280,289,292,294,295,266,191,275,202,204,205,215,219,226,230,195,237,232,238,243,244,250,254,255
181,262,268,265,271,274,278,280,288,292,220,296,257,253,201,266,279,193,267,199,211,285,197,218,224,263,188,234,236,238,189,241,246,250
182,277,281,240,219,293,270,183,283,187,202,192,194,198,201,274,213,217,224,225,233,295,236,296,244,268,248,276,253,255
183,258,265,272,275,276,235,239,197,261,293,185,187,188,250,228,207,184,212,217,218,219,199,236,189,240,221,233
184,256,214,274,278,283,198,200,204,205,269,211,215,217,280,263,293,230,286,235,244,246,251,252,234
185,259,262,264,268,272,205,276,278,281,283,285,288,295,284,219,290,189,193,194,195,201,247,204,211,213,207,186,280,223,228,265,253,255
186,258,260,265,279,242,271,284,287,285,283,245,235,199,224,201,193,213,215,218,225,227,273,236,191,241,248
187,259,276,238,278,284,286,290,192,205,207,208,211,212,267,220,222,223,225,230,231,232,234,189,247,249,250,253
188,266,290,268,274,275,278,286,219,292,251,221,194,196,205,206,207,291,213,222,223,224,232,272,239,241,242,247,248,250,252
189,261,265,266,280,282,283,284,287,289,290,294,295,264,258,190,191,193,199,206,288,209,211,215,216,217,218,219,234,235,240,243,246,249,253,254
190,257,258,267,238,239,289,295,264,283,249,191,224,200,268,202,203,226,206,288,208,216,276,235,284,274,245,248
191,256,257,263,265,268,272,276,260,285,286,261,277,287,192,193,197,201,211,213,216,217,221,223,224,225,235,238,241,244,250,252,254,255
192,258,230,273,238,217,196,286,260,249,194,195,199,201,220,213,284,219,226,229,225,250,276
193,256,268,269,275,276,277,285,289,294,295,270,202,203,204,207,208,209,212,216,217,219,221,226,228,233,236,237,242,251,253,255
194,259,261,260,269,281,284,288,290,219,244,241,265,296,262,195,204,199,200,201,203,206,208,291,229,225,226,227,235,236,274,250,270
195,257,258,259,215,270,271,282,294,272,284,288,225,203,204,208,211,226,228,229,230,231,232,295,238,246,265,273,252,254,255
196,258,277,257,278,248,261,285,198,256,268,203,204,209,211,264,214,249,218,271,220,228,294,231,232,252,276,243,247,254,255
197,261,262,236,273,238,278,279,295,270,224,198,203,206,269,213,214,215,230,296,254,255
198,256,273,258,274,269,284,289,292,293,257,209,200,202,237,290,267,223,224,228,235,236,229,296,242,243,245,254,213
199,243,236,267,278,280,284,206,209,291,212,213,230,273,232,234,237,253
200,260,265,268,271,281,223,201,258,241,205,237,214,219,222,226,230,243,246,234,264
201,278,263,274,283,286,242,285,266,224,291,208,210,223,227,229,273,232,234,236,243,277
202,264,243,256,274,276,280,281,287,289,222,265,247,204,248,292,218,220,263,232,246,255
203,294,261,265,266,270,271,273,275,278,285,231,289,227,286,205,291,269,210,212,215,233,224,208,238,249,251,252,254,255
204,230,256,217,278,262,294,241,296,286,207,291,250,293,224,240,229,273,248,232,252,283
205,258,261,263,265,237,274,281,260,295,227,296,270,208,211,213,217,220,293,240,242,241,252
206,278,240,268,213,217,218,219,226,251,274,241,281
207,258,259,257,267,277,278,282,261,292,264,272,285,284,286,210,218,219,221,222,230,232,240,243,244,246,249
208,258,235,267,280,283,296,291,269,290,210,227,212,226,240,244,265,250,251,252,234,276
209,256,280,278,225,288,257,285,286,283,250,279,210,211,215,230,274,253,240,242,243,217,263
210,256,257,294,271,280,284,290,241,243,262,211,226,227,229,233,231
211,256,272,274,275,213,260,237,284,227,288,268,239,271,222,223,240,242,246,247,253,264
212,263,266,277,278,282,288,274,285,287,261,290,213,227,228,230,233,235,275,255,253,247
213,277,214,263,268,272,282,248,284,286,265,223,226,228,289,253,240,296,247,250,255
214,266,267,289,261,268,216,220,263,251,296,244,245,252
215,253,257,266,273,271,278,282,286,288,290,293,284,270,258,289,237,218,220,224,225,232,234,233,252
216,255,266,274,276,282,285,289,265,287,225,275,228,230,234,239,240,296,244,245,246,248,251
217,257,294,278,266,268,269,283,284,282,290,293,291,222,258,249,228,229,242,241,270
218,291,257,258,272,280,294,295,219,267,287,292,224,233,236,237,253,242,276,252,254,255
219,265,268,271,276,287,262,294,296,290,249,275,270,220,223,293,230,231,295,241,243,245,246
220,259,260,265,266,280,290,294,241,284,246,291,228,234,274,253,240,232,243,244,250
221,256,280,267,270,273,269,277,289,268,284,228,229,276,232,248,250
222,258,270,272,259,280,282,283,241,286,224,291,263,277,274,240,242,251,253,255
223,257,261,265,268,272,237,291,287,266,269,280,224,231,236,241,242,244,247
224,267,269,279,286,237,291,292,296,270,226,268,263,246,227,229,239,250,251,255
225,256,264,275,287,289,293,285,265,267,245,229,276,234,231,238,241,248
226,257,270,282,284,278,291,296,262,290,251,289,240,249
227,260,264,296,278,232,245,258,269,282,235,284,242,255,252,254
228,256,259,262,274,239,282,279,287,245,230,236,243,233,276
229,294,260,263,277,238,290,262,267,234,287,254,269,251,255
230,235,259,269,278,261,284,277,234,242,275,245,247,249,251
231,266,273,274,279,284,244,291,270,277,232,239,245,247,248,251,253,246
232,261,275,276,252,281,257,284,286,294,253,250,256,235,239,241,242,243,245,246,233,277
233,258,262,264,273,238,257,268,263,251,236,242
234,236,268,270,280,261,279,267,291,275,237,239,242,249,251
235,257,266,270,286,292,293,294,295,236,274,239,240,241,281
236,259,266,270,274,280,289,290,261,296,294,263,293,282,244,245,268,264
237,257,281,260,283,262,269,293,274,253,251,264
238,260,268,269,275,277,265,286,295,293,285,248,284,251,274,239,246,250,247
239,288,259,269,279,265,295,289,270,293,246,247,248,254
240,265,270,259,278,279,288,242,286,275,293,243,247
241,260,267,273,265,271,277,283,287,266,279,289,243,245,247,255
242,260,278,279,286,291,284,265,296,293,247,269,252,254
243,262,263,265,266,279,270,280,285,286,287,284,246,248
244,259,260,263,269,279,285,291,292,296,293,276,247,248,255
245,268,286,281,284,293,296,289,256,280,264,247
246,259,266,269,278,294,295,281,254,253
247,258,262,270,275,277,261,273,278,289,268,292,280,293,249,255
248,258,273,269,256,278,279,280,265,290,293,274,263,255,285,283,266,254
249,263,279,296,260,267,291,252,287,251,253,254
250,257,264,265,273,266,258,286,294,251,252,254
251,266,276,279,283,291,257,267,273,275,292,271,259,284,263
252,282,260,268,258,292,294,295,280,267,277,289,254
253,259,270,271,276,286,295,278,285,266,287,290,291,288,293,255
254,256,257,294,265,278,283,261,289
255,257,258,260,261,268,271,280,281,282,293,287,292
256,260,264,272,282,292,294,278,279,290,267
257,258,265,273,269,283,289,290,270,267,294
258,263,266,277,284,290,264,265,273,279
259,277,265,285,287,279,275
260,282,265,275,280,290,274,262,267,276
261,277,265,268,270,282,287,295,279,269,273
262,275,265,287,290,295,279,288,271,277
263,268,273,282,288,291,292,272,296,293,264
264,268,274,279,284,286,289,269
265,292
266,277,278,281,284,293,296,267,287,279,272,294
267,290,291,289,272
268,273,270,272,274,282,287,269,281,293
269,272,286,280,281,293,295,275,292,283
270,271,276,285,278,294,287,281
271,276,277,282,283,289
272,288,294,273
273,277,284,286,288,291,275
274,278,280,281,283,285,290,284
275,277,288,296
276,282,278,279,289,294,285,283,288
277,281,283,288,289,290,292,295,287
278,287,283,294,286
279,280,290,291,292,293,294,289,284
280,295,294,296,285,287,293
281,290,286,295,293
282,291,284,288,286,289
283,284,288,296
284,293
285,294
286,287,293
287,290,296,289
288
289,295
290,295,291
291
292,295
293
294
295
296
