n_nodes:108
n_edges:3989
density:0.69038
0,1,2,3,4,5,6,7,8,10,11,12,13,15,16,17,18,20,22,23,24,27,28,30,31,33,34,35,36,37,38,39,40,41,42,43,44,46,47,48,49,52,53,54,56,57,58,59,60,61,63,65,66,67,68,69,70,71,72,73,74,76,78,80,81,83,84,86,87,88,90,91,92,93,94,95,97,99,101,102,103,104,105,106,107
1,2,4,5,6,7,8,9,10,11,12,13,14,15,17,18,19,20,21,22,23,25,26,27,29,31,32,33,35,37,38,39,40,42,43,44,45,47,49,50,51,53,55,56,58,59,60,61,62,64,65,66,67,68,71,72,73,74,75,76,79,80,83,84,85,86,87,88,90,92,93,94,95,96,97,98,100,103,105,106,107
2,3,4,5,6,8,9,11,12,14,16,17,18,19,20,21,23,25,26,27,28,29,30,31,32,33,35,37,38,41,42,43,44,45,46,47,48,49,50,52,53,54,56,57,58,61,62,63,64,65,66,67,68,69,70,71,72,73,78,79,80,81,82,83,86,87,89,90,93,95,96,97,98,101,104,105,106,107
3,8,10,11,12,13,14,17,19,20,22,23,24,25,26,27,28,29,35,36,37,38,39,40,41,43,45,46,48,49,51,52,56,57,59,60,61,62,63,65,66,67,69,70,71,74,75,76,79,82,83,84,85,86,88,90,91,92,93,94,95,96,97,98,100,101,102,103,104,105,106,107
4,6,7,8,9,13,16,19,20,23,24,27,28,29,30,31,33,34,36,38,39,40,41,42,44,45,46,47,48,52,54,55,57,59,62,64,65,69,70,71,72,74,76,78,79,80,83,85,86,88,89,90,91,94,97,99,100,101,103,105,107
5,6,7,8,9,10,12,13,14,16,19,20,21,22,24,25,28,30,32,33,35,37,38,39,43,44,45,46,48,54,55,56,57,58,60,61,64,65,66,67,69,71,73,75,76,77,78,80,83,86,89,90,92,93,94,95,96,97,98,100,101,102,104,106,107
6,7,8,9,11,12,13,16,18,20,21,22,23,26,28,30,32,33,34,35,36,37,38,39,40,41,42,43,46,47,49,52,54,55,56,57,58,59,60,62,63,64,65,67,68,69,74,76,77,80,82,83,84,85,87,88,89,90,91,92,93,94,96,98,100,101,102,107
7,8,9,10,11,12,13,14,15,16,17,18,19,20,24,25,27,29,32,33,35,37,39,40,43,44,46,47,48,51,53,54,55,57,59,60,61,62,63,64,65,66,68,69,70,71,73,74,76,77,78,79,80,83,85,87,88,89,90,91,92,93,94,95,96,98,99,100,101,102,103,105,106,107
8,10,11,12,16,17,18,19,20,23,24,25,26,28,29,30,33,34,36,37,39,40,42,43,44,49,50,51,52,53,54,56,57,59,60,61,62,63,64,65,69,70,71,72,74,75,76,77,78,80,83,84,85,86,88,90,91,92,95,96,101,102,104,106,107
9,11,12,13,14,16,20,21,22,23,25,26,27,28,29,30,32,33,34,35,37,38,39,40,41,42,43,44,45,46,47,48,49,51,54,55,56,57,58,59,60,62,64,66,67,68,69,71,72,73,75,78,79,80,83,84,85,88,89,90,92,95,96,99,100,101,102,103,104,105,106
10,13,15,16,17,18,19,21,22,23,24,25,26,27,28,29,31,32,33,35,36,38,40,41,42,43,44,45,47,49,50,51,52,55,56,58,59,61,62,63,69,70,71,72,73,74,76,78,80,81,83,85,87,88,89,91,93,94,97,98,100,101,102,104,105,106,107
11,13,16,17,18,22,23,25,26,27,28,31,33,35,39,41,42,43,46,48,49,51,52,53,54,55,56,57,58,59,61,62,63,64,65,67,68,69,70,71,72,73,74,75,76,77,78,79,80,81,82,84,85,86,87,88,91,93,94,96,100,102,103,104,105,106,107
12,13,14,17,18,20,21,22,23,24,28,29,30,32,33,34,36,37,38,39,40,42,43,45,46,48,49,50,51,52,53,54,55,57,58,60,61,63,64,65,66,67,68,69,70,71,73,74,75,77,78,79,81,82,83,86,87,88,89,90,91,92,95,96,97,98,99,101,102,103,104,105,107
13,15,16,18,19,21,22,23,24,26,30,31,33,34,35,37,38,39,40,43,44,45,46,47,48,49,51,53,54,55,56,57,58,59,60,62,65,66,67,68,70,71,72,73,74,75,76,77,78,79,81,82,84,85,88,89,90,91,92,94,95,97,99,100,101,102,103,104,107
14,16,17,18,21,22,23,24,28,29,30,34,35,36,37,38,39,40,41,42,46,47,50,51,52,54,55,56,57,58,59,60,61,66,67,69,70,71,73,74,75,76,79,80,82,84,85,86,87,88,89,90,91,92,93,96,98,99,100,102,103,104,105,106,107
15,16,17,19,21,22,26,27,29,30,31,32,33,34,35,36,38,39,40,41,42,45,47,48,50,52,53,54,55,57,58,61,62,65,67,68,69,70,71,72,73,74,75,78,79,80,81,82,83,84,87,89,90,91,92,96,97,98,99,103,104,105
16,17,19,20,21,22,23,26,28,31,32,34,35,36,37,39,40,41,42,43,45,46,50,53,54,55,56,57,58,60,62,63,64,65,67,68,69,70,72,73,74,78,79,82,83,84,85,87,88,90,92,93,94,95,96,97,98,99,101,102,103,104,105,106,107
17,18,21,22,23,24,25,26,27,33,35,36,37,39,40,41,42,43,45,48,49,50,51,52,54,55,56,57,62,63,64,65,67,68,69,70,73,74,75,76,77,78,79,80,81,82,83,84,85,91,96,97,98,101,102,103,104,105
18,19,23,24,26,28,29,32,33,34,35,36,37,38,39,41,45,47,48,49,55,56,58,59,61,62,63,66,67,68,69,70,71,72,73,75,76,78,79,80,81,84,85,86,87,88,89,92,93,100,101,102,103,104,105,107
19,20,25,27,28,29,31,32,33,34,36,37,38,39,40,42,43,44,45,46,47,48,49,52,53,54,56,58,60,61,64,65,67,68,69,71,72,73,74,75,76,79,80,81,82,84,85,86,88,90,93,94,95,96,97,98,103,104,106,107
20,21,22,24,25,26,28,29,30,32,33,34,36,37,39,41,42,43,46,47,48,50,51,52,55,56,59,60,61,62,64,66,69,72,74,75,76,77,78,79,80,81,84,85,86,87,88,89,90,91,92,93,94,95,96,97,98,99,100,102,103,104,105,106,107
21,22,23,25,26,27,28,29,32,33,35,36,37,38,39,41,42,44,45,46,47,49,50,52,53,54,55,56,60,61,64,65,66,68,69,70,71,73,74,75,76,78,79,80,82,85,87,88,89,93,94,98,99,101,102,103,105,106,107
22,23,24,27,28,30,31,32,34,36,37,38,39,40,42,43,45,47,48,50,51,52,53,54,55,57,58,59,60,64,66,69,71,72,73,76,77,78,79,80,81,82,87,88,89,91,94,95,97,98,100,101,102,103,104,107
23,24,26,27,28,30,32,33,34,35,36,37,38,39,41,42,45,48,49,52,53,54,55,56,57,58,59,60,63,64,65,71,72,73,74,76,77,79,80,81,82,83,84,85,86,88,89,90,91,93,95,96,97,99,100,101,102,103,104,105,106,107
24,25,26,27,28,32,34,35,37,38,39,40,41,42,43,44,45,48,49,50,51,54,55,56,57,58,59,60,62,63,64,65,66,67,68,70,72,74,75,77,78,79,80,81,82,83,84,85,88,89,90,93,94,95,96,97,98,99,100,101,102,103,105,107
25,26,27,28,30,31,32,33,34,35,36,37,39,40,41,42,43,44,46,47,49,50,51,52,53,54,55,56,60,61,63,65,66,67,68,69,70,71,74,75,76,77,78,79,80,81,82,84,85,86,89,92,93,95,96,98,99,101,102,106
26,27,28,30,31,32,33,34,35,36,38,39,40,42,44,46,48,49,50,51,52,54,55,56,57,59,60,61,62,63,64,65,67,68,70,72,73,74,75,76,77,78,81,84,86,87,92,93,95,97,98,99,100,101,104,106,107
27,28,31,32,33,34,35,37,38,39,40,41,44,45,46,47,48,49,50,51,52,53,54,55,56,58,59,61,62,63,64,67,68,69,70,71,73,74,76,78,79,81,84,85,87,88,90,92,93,94,95,96,97,98,99,100,101,102,103,104,106,107
28,29,30,31,32,33,35,37,40,42,43,47,50,51,52,53,54,55,56,58,60,61,63,65,66,69,71,73,75,76,78,79,80,82,83,84,85,87,89,90,91,92,93,94,95,98,99,100,102,103,104,105,107
29,31,32,33,34,35,36,37,38,39,40,42,44,45,46,47,51,53,55,56,57,58,59,60,61,62,63,64,65,67,70,71,73,74,76,77,78,79,80,81,82,83,84,85,87,88,89,90,93,94,96,97,98,99,101,104,105,106
30,31,32,34,35,37,38,41,45,46,47,48,49,50,51,52,53,54,56,60,62,63,64,65,67,70,71,72,74,77,78,79,82,84,85,86,89,90,91,92,93,95,98,99,101,103,105
31,32,33,34,36,38,41,42,43,46,47,48,49,50,51,52,54,55,57,58,59,62,63,64,65,66,67,69,72,73,75,76,79,81,82,83,84,85,86,87,89,90,91,92,93,94,95,96,98,100,101,104,107
32,33,34,36,37,38,39,41,42,43,45,46,48,50,51,55,56,57,58,59,60,62,63,64,65,66,67,68,69,71,73,75,76,78,79,81,83,86,88,90,92,93,94,95,96,97,98,99,100,101,102,103,106,107
33,34,35,37,38,39,41,42,43,44,45,47,50,52,54,56,57,58,59,60,61,63,64,65,67,68,70,71,72,73,75,76,77,78,82,83,86,87,88,91,92,94,96,98,99,100,105,107
34,35,37,38,40,41,43,45,46,48,49,50,51,53,55,57,59,61,62,63,66,69,70,71,72,73,74,75,77,78,79,82,84,85,86,87,90,92,93,94,95,97,99,102,104,105,106,107
35,38,40,41,44,45,48,49,50,51,52,54,55,56,57,62,63,64,65,66,67,69,70,72,74,75,77,78,81,82,83,84,88,90,91,93,94,95,96,97,100,101,103,104,106
36,38,40,41,42,47,48,49,50,51,53,55,56,57,59,60,61,62,64,65,67,70,71,72,73,74,75,76,78,81,84,85,86,87,89,90,91,92,93,94,95,96,97,98,99,100,102,104,105,106
37,38,40,43,44,45,47,48,49,50,51,52,54,57,58,63,64,65,68,69,70,71,72,73,74,78,79,80,82,83,84,85,86,87,88,89,90,91,92,96,97,98,99,100,101,102,105,106,107
38,39,40,41,42,43,46,47,48,49,51,52,53,55,56,58,59,62,63,64,65,66,67,68,69,71,72,73,74,75,76,77,79,80,82,83,86,88,89,90,91,92,94,95,96,97,99,100,102,103,104,106
39,40,41,43,44,45,46,47,48,50,51,54,57,58,59,60,65,67,71,72,74,76,77,79,81,82,84,87,89,90,91,92,93,95,96,97,99,102,103,104,105,106
40,42,45,46,48,49,50,52,53,54,56,57,58,59,60,62,65,66,67,70,72,73,74,76,77,78,79,80,83,84,87,88,89,90,92,94,95,96,97,101,102,103,104,106,107
41,42,43,44,45,47,48,49,50,51,53,54,55,56,58,59,60,61,63,64,65,66,67,69,70,71,72,73,74,75,76,77,78,80,82,83,84,85,86,88,90,91,92,93,94,95,96,97,98,99,100,101,104,105,106,107
42,43,44,45,47,48,49,52,55,56,57,58,59,60,61,63,64,65,66,67,70,73,74,75,79,80,82,84,85,86,87,88,89,90,91,92,95,98,101,102,104,105,106,107
43,45,48,49,50,51,52,53,54,55,57,58,59,60,61,62,63,66,67,68,70,71,72,73,76,77,79,81,82,85,87,88,89,92,93,94,95,96,97,98,99,100,101,103,105
44,45,46,47,48,50,51,52,54,56,58,59,60,61,62,65,66,69,70,71,72,73,74,75,80,82,83,84,85,86,87,88,89,90,91,93,96,97,98,99,100,101,104,105,106
45,46,47,48,50,51,54,55,58,60,62,63,65,66,67,69,70,71,73,74,75,76,78,79,80,81,82,83,84,87,88,89,91,93,94,95,96,97,98,99,100,101,102,104,106
46,47,49,50,51,52,53,54,55,56,57,58,59,60,61,62,66,67,68,69,70,71,72,73,75,76,77,78,79,80,81,82,83,84,85,86,87,88,89,90,91,92,93,94,95,97,98,101,104,105,106,107
47,48,49,50,51,52,53,54,55,56,58,59,60,61,62,63,64,65,66,67,69,73,74,75,77,78,79,81,82,83,84,87,88,89,90,94,95,96,97,98,99,100,101,103,105,106,107
48,49,51,52,53,54,55,56,57,58,59,60,61,62,63,64,65,67,70,72,80,81,82,83,84,86,88,89,91,92,95,97,99,100,101,102,103,104,105,106,107
49,50,52,53,54,55,56,57,59,61,63,64,66,67,71,74,75,76,79,80,81,83,85,86,87,89,90,91,92,93,95,96,97,99,100,101,103,104,105,106
50,52,53,54,55,57,58,60,61,63,67,68,71,73,76,78,79,82,83,84,85,86,91,93,94,96,97,98,99,102,104,105,106,107
51,53,54,57,58,59,60,62,63,64,65,66,68,69,71,72,74,75,76,77,78,79,80,81,83,84,85,86,87,88,89,91,93,94,95,96,97,98,99,100,101,102,103,104,107
52,53,55,57,58,59,60,61,62,63,65,66,68,69,70,72,75,76,78,79,81,82,84,85,86,88,89,90,92,93,95,97,98,99,100,104
53,56,57,58,59,60,61,62,64,65,67,69,71,72,73,74,77,78,80,81,82,83,86,87,88,89,92,94,95,96,97,98,99,101,103,104,105,107
54,55,59,61,62,63,64,67,71,72,73,74,75,77,78,79,80,81,82,84,86,87,90,91,92,93,94,95,96,99,100,101,103,104,106
55,56,57,58,59,61,62,64,65,67,68,69,70,71,72,75,77,78,79,82,84,86,88,89,92,93,96,97,99,100,101,102,103,104
56,57,58,61,62,63,65,66,67,68,69,70,71,73,74,75,76,77,78,79,81,82,83,87,89,91,95,97,98,99,100,101,102,103,105,107
57,58,59,60,61,62,64,65,66,68,69,70,71,72,73,75,76,77,78,79,81,82,83,84,85,86,87,89,91,93,94,95,97,98,99,100,101,102,104,105,106,107
58,59,60,61,63,64,65,66,67,68,70,74,77,78,79,80,83,84,85,86,87,88,89,91,93,94,95,96,97,99,100,102,103,105,106,107
59,60,61,62,64,65,66,67,69,71,72,74,77,78,79,80,81,82,83,84,85,86,89,90,92,94,95,96,97,98,101,103,104,106,107
60,63,65,66,68,69,73,75,78,80,81,82,83,84,85,86,87,88,89,90,94,95,96,98,99,100,101,102,105,106,107
61,62,63,64,65,68,69,70,72,73,76,79,81,83,84,85,86,87,88,89,91,92,93,95,97,98,99,100,101,102,103,104,107
62,63,64,65,66,68,69,70,71,72,74,75,76,78,80,82,83,84,85,86,87,88,89,90,91,92,93,94,95,96,97,99,100,101,102,104,105,106
63,64,65,69,71,73,76,79,80,81,83,84,86,89,90,92,94,95,96,97,99,100,101,102,103,104,105,106
64,65,66,67,69,71,72,73,74,75,76,77,79,80,81,82,84,85,87,88,89,92,93,94,95,98,100,101,104,105,106,107
65,66,67,68,69,70,71,73,75,76,77,79,80,83,84,89,90,92,94,95,96,97,98,99,100,101,103,104,105,106,107
66,67,68,69,70,72,73,75,79,82,83,84,87,88,90,91,94,95,96,97,99,101,102,106,107
67,70,71,72,73,74,75,77,78,79,82,83,84,86,87,88,89,91,94,95,96,97,99,101,102,103,104,105,106,107
68,71,72,73,74,77,79,82,83,85,87,88,90,91,93,97,100,102,104,107
69,71,72,73,74,75,76,77,78,80,81,82,85,87,88,89,90,91,92,93,94,96,97,99,100,101,102,106,107
70,71,72,73,74,80,81,82,83,84,85,86,88,89,90,92,95,99,100,102,103,105,106
71,72,73,74,81,82,84,85,86,87,90,91,92,93,94,96,99,100,101,102,103,104,105,106
72,73,75,76,77,78,79,80,83,84,87,88,89,90,92,93,94,95,96,98,99,102,103,104,105,106
73,74,76,77,78,81,82,83,84,85,87,88,91,93,94,95,96,97,98,99,100,101,102,103,104,105,106,107
74,75,76,77,80,81,82,83,84,85,86,87,88,89,90,91,92,94,95,97,98,99,102,103,104,105,106,107
75,77,78,81,82,85,86,87,89,90,91,93,94,95,96,97,99,100,101,103
76,77,79,81,82,83,84,87,88,89,90,91,92,93,94,95,97,98,99,100,101,106,107
77,79,82,83,85,87,88,89,91,92,94,95,97,98,99,101,104,106,107
78,79,80,81,83,84,86,88,89,90,94,97,98,100,101,104,105,106,107
79,80,82,83,84,85,86,87,89,90,92,93,95,96,97,98,99,101,102,103,105,106,107
80,81,83,84,85,86,87,88,89,91,93,94,98,100,102,103,104,106
81,82,84,85,86,87,89,90,92,93,94,95,97,98,99,100,101,102,103,104,105,107
82,85,86,87,88,89,90,91,92,93,94,95,96,97,98,101,102,104,106,107
83,84,85,90,91,92,93,95,96,98,99,100,103,105,106,107
84,86,92,94,95,97,98,100,101,102,103,105,107
85,87,90,92,93,94,95,96,98,100,101,102,103,104,105,107
86,89,90,91,93,94,95,96,97,99,100,101,102,103,105,106
87,88,89,90,91,92,94,95,97,100,102,104,105,106,107
88,90,91,92,93,94,95,96,98,99,101,102,103,104,105,106,107
89,90,91,93,94,95,96,97,98,99,100,101,102,103,104,106,107
90,93,95,96,97,99,100,101,102,105,106
91,92,94,95,96,97,98,99,100,101,106,107
92,93,94,95,96,98,99,100,102,103,104,105,106,107
93,96,97,98,99,100,101,102,103,104,105
94,96,97,98,100,101,104,106,107
95,97,99,100,102,104,105
96,98,100,102,104,106,107
97,98,99,102,104,106,107
98,99,100,102,103,106
99,101,103,104,105
100,101,102,104,105,106,107
101,102,103,106
102,103,104,105,106,107
103,104,105,106,107
104,105,107
105,106,107
106,107
107
