n_nodes:157
n_edges:5343
density:0.43631
0,128,129,2,131,132,5,136,12,130,142,144,145,18,19,20,149,150,153,27,30,31,32,33,155,37,38,39,41,45,46,51,52,53,57,58,60,62,146,65,67,68,69,73,77,78,80,86,87,92,95,97,99,101,105,109,112,140,115,117,118,119,120,148,122,123,126
1,129,2,3,132,7,136,137,139,140,141,14,145,18,19,148,149,24,153,26,27,28,154,33,155,37,40,41,42,43,46,47,50,52,53,54,56,60,61,62,64,67,69,70,73,74,75,76,78,81,83,142,89,152,91,135,93,94,95,96,99,100,101,103,104,107,108,146,110,112,114,121,122,123,124,125
2,3,5,134,7,136,138,11,140,141,14,145,18,147,151,153,26,28,133,32,33,35,146,129,41,135,45,46,47,48,51,54,57,58,59,64,68,69,70,71,80,81,142,86,89,91,92,95,96,98,99,101,102,104,105,106,107,108,109,110,111,115,116,119,120,121,122,123,126,127
3,5,135,8,9,11,140,13,142,146,21,23,24,25,155,29,133,33,34,35,36,37,39,40,41,43,44,46,47,48,49,51,137,56,139,61,63,65,67,69,71,72,74,75,78,141,82,84,87,93,95,96,97,98,99,101,108,116,118,119,121,123,124
4,129,131,132,133,7,8,9,141,14,15,16,17,148,149,22,23,24,25,26,27,156,154,30,31,35,36,145,42,135,44,45,142,47,49,50,55,57,65,66,72,77,80,81,84,85,86,137,88,89,94,95,96,98,136,101,103,104,110,111,114,115,118,121,122,123,124,127
5,128,150,134,7,8,137,151,12,13,142,141,145,146,131,20,22,23,152,25,154,27,29,31,35,36,40,41,147,44,49,52,54,59,62,63,66,67,68,130,71,74,75,76,77,79,82,83,85,86,87,89,91,96,144,100,101,105,107,111,112,114,115,118,119,123,124,125
6,132,133,134,135,136,9,10,140,13,14,143,16,152,18,148,149,150,23,24,153,26,28,29,30,32,37,39,40,156,44,45,47,50,51,52,55,57,58,65,67,68,72,75,76,77,78,83,142,86,87,88,89,90,93,97,100,103,104,105,106,108,146,110,111,112,114,115,116,117,122,123,126,127
7,128,131,135,9,138,132,140,13,14,16,17,146,19,148,21,22,153,152,25,26,27,32,155,37,38,42,43,44,45,46,55,56,57,58,59,60,63,66,70,73,75,77,79,82,84,88,89,90,99,103,104,110,111,114,147,120,121,126,149
8,130,136,10,12,14,15,144,146,147,20,153,152,132,155,28,29,30,38,40,41,45,46,47,48,49,52,53,54,56,58,60,72,140,74,76,77,80,81,156,83,84,142,88,89,92,93,148,100,106,108,109,112,114,115,116,121,123,124,126,127
9,130,150,136,11,12,13,142,144,18,131,148,22,23,24,28,29,32,33,134,38,39,40,43,45,46,48,50,51,53,55,139,60,61,63,67,69,70,71,77,79,84,86,88,90,91,146,95,98,99,104,105,107,108,109,110,114,118,120,121,122,126
10,131,133,135,137,138,11,13,14,16,17,146,148,21,22,152,25,156,150,34,37,39,40,41,43,45,46,49,61,64,67,69,70,72,73,78,79,80,82,91,92,95,97,98,99,100,145,106,110,111,114,118,122,123,126,149
11,128,133,134,136,151,13,14,15,17,146,19,20,22,23,152,25,154,155,156,29,30,32,34,36,38,39,40,41,44,142,50,56,58,59,60,63,69,130,72,73,74,76,78,80,82,83,85,88,89,143,92,94,95,98,131,101,104,105,107,109,110,113,114,115,150,120,148,124
12,128,143,16,145,146,148,21,22,24,153,27,29,31,33,35,36,38,39,40,41,43,45,47,48,136,51,54,137,57,60,61,65,66,67,71,72,73,78,81,82,84,86,88,89,90,92,93,95,97,98,100,102,103,104,106,107,108,109,110,111,112,113,114,117,121,125,127
13,149,129,130,132,142,15,16,145,18,19,20,21,22,23,24,155,28,29,31,133,35,37,151,47,48,50,51,54,55,58,59,60,138,62,63,66,68,69,70,73,75,76,77,78,79,81,82,85,88,89,152,94,95,96,144,131,102,109,112,114,115,118,119,120,121,125,126,127
14,133,137,130,143,17,146,147,21,150,151,152,26,27,29,31,32,155,36,37,39,129,41,43,44,51,56,57,58,59,138,62,64,66,68,72,73,74,75,77,145,141,80,81,82,89,91,93,95,97,103,107,112,116,117,120,121,122,123,125,149
15,129,130,133,135,142,143,141,17,18,19,20,22,23,132,154,156,28,29,30,33,34,36,37,146,39,40,41,43,44,48,136,51,52,54,151,61,63,65,66,139,69,145,79,80,81,82,83,86,88,90,91,93,95,101,103,104,105,106,109,110,150,153,121,124,125,127
16,128,133,139,142,143,144,18,19,148,21,150,26,27,31,33,34,155,36,134,146,42,43,44,45,50,56,59,60,61,64,65,67,68,69,71,72,76,80,81,84,85,87,90,92,98,103,107,109,111,114,116,117,119,123
17,128,129,130,133,134,136,140,144,146,147,20,149,23,26,27,28,29,30,31,33,34,155,37,38,39,156,43,44,45,52,54,55,58,151,61,64,139,68,73,143,135,79,81,82,87,88,91,92,93,95,96,98,100,101,102,105,107,108,109,110,114,115,119,127
18,138,139,142,144,148,21,24,153,28,31,33,34,36,37,38,39,40,42,43,45,49,52,137,60,61,62,63,66,67,69,71,72,77,78,81,82,85,86,89,143,93,95,97,99,102,103,104,106,109,110,114,115,116,117,118,122,124,125,126
19,131,150,140,145,147,148,149,22,23,152,153,156,29,32,35,37,39,40,41,45,48,49,50,54,56,58,59,63,64,67,68,69,72,129,75,77,79,82,84,86,87,88,92,94,96,144,98,99,100,101,102,103,105,106,111,113,115,117,118,125,126
20,128,130,129,138,142,144,147,149,22,151,153,26,27,28,29,133,33,37,39,40,156,42,44,45,136,52,56,59,60,67,72,73,76,141,80,83,87,89,143,154,95,98,145,104,108,109,111,114,116,117,118,121,123,124,125,126
21,142,133,136,137,145,148,150,151,27,28,31,33,34,35,156,41,135,46,51,155,53,55,57,60,61,62,64,66,67,68,69,70,71,78,82,83,85,89,92,94,96,100,101,102,103,105,109,112,115,116,118,121,122,125
22,129,131,134,136,142,145,146,150,153,152,25,27,28,29,133,32,135,47,50,52,53,54,56,57,61,62,63,147,70,71,72,74,75,76,77,81,84,89,91,92,97,98,99,100,103,104,105,111,112,115,124,143
23,135,140,142,144,148,132,154,31,37,38,40,42,46,54,55,58,60,134,63,64,67,68,69,70,71,76,77,78,80,81,83,139,86,88,143,94,95,96,97,99,102,103,106,109,111,112,113,114,147,117,120,121,123,126
24,128,130,133,129,141,149,153,154,27,29,32,33,34,155,38,39,43,46,47,48,56,57,62,64,65,66,67,69,71,72,73,135,79,81,84,85,88,89,90,91,92,94,96,97,98,100,101,106,107,112,116,118,122,125,126,127
25,129,134,140,145,146,131,148,132,26,27,156,32,155,39,41,43,44,45,47,49,51,138,56,57,59,60,61,63,65,66,139,70,73,76,78,79,81,84,86,88,91,93,96,98,100,101,103,104,106,107,108,109,111,113,118,124,126
26,133,136,143,147,149,151,28,30,32,35,36,134,40,135,44,47,49,53,55,56,58,60,62,64,65,66,70,74,79,81,82,142,89,93,94,97,102,145,106,107,110,116,118,148,125,126
27,130,136,137,138,139,141,143,151,29,31,34,35,36,38,40,42,135,47,49,50,51,53,54,56,57,59,61,63,66,68,69,70,129,78,81,84,142,87,88,89,93,95,96,144,98,100,145,104,108,110,111,112,115,117,153,148,122,125
28,132,150,129,152,153,154,30,31,32,33,36,146,39,40,41,42,135,44,46,48,50,52,53,54,60,62,64,65,67,68,69,73,79,80,81,84,88,89,92,93,95,96,97,98,102,145,105,148,109,110,111,113,115,117,118,119,121,122,149
29,138,144,151,155,150,133,32,34,139,36,37,38,39,40,43,44,48,50,52,55,58,61,62,67,147,69,71,72,75,78,79,80,82,83,84,87,88,92,93,94,96,97,131,101,104,111,112,114,115,116,120,148,122,125,126
30,128,131,133,137,140,142,147,148,150,132,155,154,31,37,38,39,40,41,48,50,53,58,60,63,65,66,139,68,71,73,75,77,156,79,82,84,85,87,89,90,91,96,97,98,99,105,109,110,111,112,115,118,121,123,127
31,128,131,129,138,151,144,148,150,132,133,33,34,35,36,37,38,39,40,41,43,45,142,49,50,51,52,53,54,56,57,61,63,147,70,72,140,76,83,84,85,89,91,94,95,96,97,100,101,102,104,105,106,107,108,109,110,112,113,114,115,120,125,126,127
32,129,131,132,140,152,146,148,149,153,155,33,34,37,42,43,44,45,142,49,53,55,59,134,64,68,71,74,75,76,77,84,85,135,97,98,99,101,102,103,105,110,117,119,122
33,149,135,139,130,150,154,34,36,41,44,51,53,56,59,61,66,67,69,71,72,73,76,141,80,81,86,88,89,91,92,95,97,98,99,100,145,107,108,146,110,113,115,119,120,121,122,124,126,127
34,149,133,137,141,131,151,39,43,44,48,49,50,52,57,138,139,147,69,70,72,78,79,81,82,85,87,90,97,99,100,102,105,144,107,115,121,124,127
35,128,129,134,135,136,137,138,142,143,144,148,153,156,155,37,38,43,44,45,46,47,50,55,57,62,68,69,70,74,76,77,82,83,84,89,90,94,95,96,99,100,104,107,111,114,115,117,118,120,121,123,124,125
36,129,135,136,138,141,145,131,154,155,37,40,41,142,48,51,52,57,59,63,65,139,69,73,76,78,80,85,86,87,89,90,97,98,99,101,103,105,146,111,112,113,116,117,118,121,124,125,127
37,130,136,139,152,153,155,134,38,129,42,43,46,47,49,50,128,52,53,59,138,63,64,65,70,74,77,78,84,142,89,90,91,135,95,98,99,104,105,106,109,113,114,115,116,121,122,123,124,126
38,128,131,132,134,141,143,45,46,50,52,53,54,137,57,59,63,64,66,67,69,71,72,73,74,76,77,80,84,87,88,89,90,91,92,95,97,99,100,102,105,108,111,112,113,114,116,118,119,120,122,124,125,127
39,129,135,144,150,155,41,44,45,152,53,55,56,57,58,59,61,64,67,71,73,77,78,80,83,139,86,148,90,91,94,95,96,97,98,131,101,102,107,110,140,147,116,118,120,121,122,123,126,127
40,129,141,142,144,150,152,133,147,155,41,42,44,45,46,136,50,51,52,138,55,59,60,61,64,67,68,69,74,75,78,79,82,83,85,86,87,88,92,93,97,151,99,100,102,109,111,112,113,131,117,119,122,123,124,127
41,137,141,150,153,155,133,147,44,45,46,48,49,50,55,56,57,59,60,63,65,67,68,76,77,80,81,84,142,87,88,90,93,97,98,99,101,103,106,109,115,116,119,123,124,125,126,149
42,128,131,134,140,147,152,153,155,156,135,44,45,47,49,50,51,59,61,62,65,69,71,73,74,75,76,78,79,80,81,82,83,84,85,87,88,89,90,97,99,100,103,104,144,146,110,112,113,115,116,117,118,120,148,127
43,128,130,133,148,149,154,156,129,135,142,52,53,54,55,57,59,60,61,62,63,64,67,69,73,74,75,77,78,79,80,85,89,95,96,97,99,101,102,105,144,107,108,146,111,112,140,118,119,120,123,125
44,129,136,141,149,150,151,156,134,135,154,47,49,51,52,53,54,58,62,63,65,139,68,71,75,77,79,82,84,85,86,87,89,90,91,95,97,99,145,105,144,108,111,117,121,123,124,125,126
45,129,132,142,143,153,152,47,48,49,53,54,137,57,59,61,62,63,64,66,69,70,140,75,76,78,79,81,82,85,90,91,92,94,97,101,102,145,104,105,144,107,146,114,115,116,119,120,148,126
46,134,140,143,145,146,147,150,155,135,48,128,52,53,55,59,60,138,64,70,71,72,73,74,75,76,79,156,84,85,86,91,92,93,95,97,101,103,105,109,129,113,114,115,116,117,118,119,120,127
47,128,129,138,143,141,145,146,147,148,153,154,135,49,155,55,61,62,63,65,67,130,72,140,76,79,152,87,88,89,90,92,93,96,144,99,100,101,102,104,110,112,116,117,119,121,136,123,127
48,128,133,134,138,139,144,145,146,148,151,153,155,49,51,52,53,137,58,59,62,64,66,70,72,73,74,76,77,141,80,81,83,85,86,88,89,90,130,93,95,96,97,98,100,101,102,107,108,109,112,114,117,119,120,123,125,127
49,130,134,137,132,140,143,145,148,149,150,151,154,133,136,51,52,57,58,138,63,64,65,139,68,69,72,77,79,84,153,91,93,94,96,98,99,101,103,105,106,107,108,110,112,113,114,115,120,123,125,126,127
50,133,135,138,145,148,149,152,154,52,54,137,57,58,61,134,63,65,67,73,74,76,81,82,83,84,85,87,90,94,96,101,103,104,106,108,109,110,111,113,115,116,118,122,123,126,127
51,132,136,138,141,145,131,137,154,156,155,134,54,55,56,57,59,60,62,64,65,66,152,69,70,74,75,143,79,85,86,88,90,91,92,130,96,99,103,104,106,107,108,111,113,147,120,122,123,124
52,130,132,129,128,140,142,147,151,152,153,154,156,56,57,138,64,69,70,72,73,75,77,78,80,83,84,143,94,95,96,97,98,99,105,108,146,113,114,118,121,136,123,124,126
53,133,134,128,139,140,142,143,144,146,148,152,153,154,136,55,57,60,138,67,68,71,72,75,80,81,82,87,88,91,93,98,99,101,102,103,106,107,108,109,110,111,112,114,115,116,120,122,124,127
54,128,131,132,137,139,142,146,149,153,150,155,156,56,57,59,60,61,64,66,67,68,69,130,140,75,77,78,141,80,83,147,86,87,88,90,93,95,98,101,102,145,104,107,108,110,111,112,115,116,120,121,123,124,127
55,130,131,133,136,139,144,146,148,152,155,134,151,137,57,58,60,63,64,66,69,73,75,77,80,82,86,87,88,89,93,95,97,99,100,104,109,112,116,121,122,124,125,127
56,130,150,138,141,143,149,151,154,155,129,136,58,59,60,63,65,66,70,72,73,74,75,77,79,82,83,84,85,87,88,153,96,97,100,102,104,106,107,114,119,120,121,123,125,126
57,149,155,136,137,138,139,141,144,146,147,153,58,61,65,66,67,69,71,72,140,77,79,80,86,87,91,135,95,97,98,100,101,103,105,106,110,112,115,118,120,124,125,127
58,128,132,138,143,148,153,155,156,134,151,60,61,65,67,68,69,130,71,72,73,75,77,80,82,85,86,87,97,98,99,101,145,105,106,108,110,111,115,117,118,119,120,136,123,126,127
59,132,134,137,145,146,150,151,156,60,66,139,70,73,74,75,76,135,78,141,83,84,91,92,130,96,97,99,100,102,105,144,107,108,109,112,114,115,117,153,122,124
60,130,131,133,134,138,145,150,137,155,149,136,61,63,64,66,67,71,72,73,75,77,78,156,83,85,152,95,97,99,100,101,103,105,144,109,129,112,113,118,153,123,125,126,127
61,132,134,129,136,139,141,142,148,151,154,156,64,69,74,75,76,80,81,83,84,86,90,91,135,93,94,100,101,102,145,105,106,107,108,110,114,115,116,118,119,121,124,125,126
62,130,132,134,129,136,138,143,144,153,155,150,63,64,65,66,67,68,72,75,76,141,80,81,84,85,91,97,100,104,109,110,154,112,114,116,118,124,127
63,128,129,130,136,140,141,152,154,156,155,64,65,67,69,70,71,72,74,76,135,78,79,82,83,84,85,87,90,91,92,93,96,144,151,99,100,102,103,104,106,107,111,113,118,120,124,125
64,133,129,136,140,141,143,146,155,154,67,68,69,74,75,78,79,80,82,83,85,152,87,89,90,100,101,142,104,106,107,108,110,112,113,115,116,117,118,119,125,126
65,128,137,141,145,146,131,148,151,156,134,66,69,72,140,75,80,81,82,86,87,153,91,93,94,96,98,100,101,104,105,108,110,112,113,115,116,117,118,119,120,123,124,125
66,130,138,132,147,153,150,151,156,154,146,68,70,73,75,76,77,79,81,83,85,87,89,92,94,96,98,99,102,103,106,108,109,110,112,114,115,120,121
67,132,135,152,150,153,154,155,133,128,137,138,68,69,72,74,75,79,80,82,85,88,89,90,91,92,96,97,99,102,104,144,107,108,111,112,116,117,118,119,120,148,122,125,149
68,128,132,137,139,148,152,153,154,133,134,155,70,77,79,156,84,86,89,93,130,96,98,100,101,145,106,112,113,114,116,117,118,124,126,149
69,133,136,140,145,148,150,153,147,70,71,72,75,143,78,79,81,82,84,85,89,152,91,137,95,96,97,98,102,103,104,105,144,146,110,111,113,115,116,117,118,119,121,122,123,124,127
70,128,155,132,133,149,136,139,140,142,148,156,154,150,129,138,71,73,74,76,79,81,84,87,153,90,93,96,97,102,103,105,107,112,115,116,117,120,124,127
71,129,132,134,138,139,130,143,133,137,72,77,79,80,141,87,90,91,92,96,97,103,105,108,109,110,111,113,122,124,126,149
72,128,137,141,143,142,151,132,154,156,138,140,74,75,77,79,82,84,85,87,88,90,91,92,93,94,97,98,99,100,103,104,107,108,109,112,114,118,153,125,126
73,135,132,134,137,143,141,150,154,138,139,74,75,77,79,142,92,94,95,99,100,107,108,109,115,117,118,119,120,121,123,125
74,130,132,134,129,137,141,131,148,142,152,155,156,154,150,133,75,135,80,81,84,85,86,87,91,92,94,98,99,103,106,107,108,109,110,112,115,116,117,119,120,121,122,123,125,126,149
75,128,130,132,136,146,150,153,133,77,81,85,87,88,91,135,94,101,102,103,104,105,115,116,117,118,119,120,123,124,126
76,128,130,132,129,142,143,144,155,150,77,141,83,88,89,97,99,102,104,106,108,110,111,113,116,148,122,124,127
77,151,148,153,155,156,134,83,142,86,90,92,95,96,98,99,102,103,107,146,110,114,115,124,125,127
78,130,132,136,137,143,144,131,150,152,146,128,153,139,140,141,83,86,89,91,93,95,97,151,100,101,102,104,109,114,147,118,119,120,121,125,127
79,128,130,139,142,149,150,151,155,154,83,85,86,91,93,96,97,99,100,102,104,107,111,112,114,115,116,119,120,121,122,123,127
80,133,134,130,145,146,147,150,152,132,154,151,81,139,87,88,91,92,95,97,99,102,103,104,144,107,108,111,114,121,123,125,127
81,131,133,134,135,138,132,144,148,154,155,146,136,151,140,145,82,84,89,90,93,130,97,98,99,100,103,106,109,110,111,112,117,118,125,127
82,128,129,134,136,150,83,139,85,87,90,92,93,95,98,101,103,104,105,108,146,112,113,115,117,120,121,122
83,149,130,131,132,129,137,141,144,147,150,152,156,136,86,88,90,91,92,94,95,97,98,99,102,104,105,106,107,111,112,114,116,123,124,127
84,130,133,132,142,145,148,153,140,156,87,89,91,92,93,96,99,101,102,105,109,110,112,113,147,119,120,122,123,125
85,129,130,134,136,137,142,152,147,148,150,151,154,155,141,87,91,92,94,101,103,105,106,107,119,121,124,125
86,128,129,136,130,142,141,145,154,155,156,147,89,143,93,98,100,102,103,104,106,109,111,112,115,122,124,125,126
87,132,136,140,141,142,146,150,153,154,155,134,145,90,93,94,144,101,102,103,105,106,107,109,110,111,112,113,114,147,119,120,121,122,125
88,131,142,144,146,148,154,155,145,141,156,89,152,143,93,94,97,98,101,103,105,106,107,112,114,153,137
89,128,131,137,145,151,153,155,139,130,142,152,93,95,97,98,103,104,146,110,111,113,117,120,122,124,149
90,129,132,139,141,142,144,149,151,154,137,134,143,97,98,100,101,103,104,105,106,110,147,117,118,119,120,121,122,126
91,131,134,129,146,150,92,93,94,95,96,99,100,101,142,105,106,107,108,111,112,115,116,118,153,121
92,128,134,135,137,146,148,155,149,139,136,138,95,97,100,101,102,105,106,111,113,116,118,121,123,127
93,130,132,135,138,139,141,144,148,149,154,151,146,94,99,100,101,102,145,107,108,109,110,111,112,116,118,119,121,123,126,127
94,128,130,131,133,149,129,136,138,140,142,144,152,146,148,150,132,155,135,151,147,95,97,106,108,115,117,119,120,121,126,127
95,155,129,136,131,149,150,128,135,130,141,97,98,101,102,103,108,109,115,117,118,119,121,124,125
96,134,129,136,132,140,143,155,146,154,152,135,97,98,131,104,107,110,111,112,113,118,119,122,123,124,125,127
97,129,132,133,135,143,144,150,131,149,155,142,98,99,103,104,105,106,146,111,113,115,116,121,122,124,125,126
98,150,136,149,153,154,138,156,99,100,145,104,105,106,107,108,109,110,113,114,118,119,120,121,123,125,126
99,133,128,139,145,149,137,156,134,147,152,102,104,107,108,110,112,115,150,117,124,126
100,128,132,137,139,144,148,151,133,134,136,152,101,106,108,113,140,115,116,118,119,153,122,123,126
101,149,135,136,137,140,144,146,148,153,147,139,152,109,110,113,115,116,131,118,119,121,123,124,125,126,127
102,128,129,131,133,130,143,141,148,152,154,146,140,144,103,109,111,113,116,122,125
103,131,150,137,151,152,129,153,147,142,104,106,108,109,111,112,115,116,117,119,120,122,123,124,126,127
104,128,131,150,138,144,152,147,153,137,154,156,129,140,139,134,105,107,108,146,110,113,114,115,117,118,148,127
105,128,131,136,144,148,133,156,137,147,143,145,106,108,109,110,111,112,113,114,115,118,119,122,125,126
106,129,132,133,137,148,149,150,156,154,147,134,140,112,113,115,119,121,136,123,124,125,126
107,131,129,138,130,143,146,147,148,149,151,155,156,154,133,142,137,141,153,135,145,108,109,114,115,119,120,122,123,125,126
108,132,130,143,146,147,150,153,148,154,156,155,134,145,109,113,140,115,116,117,121,122,123,125,127
109,132,134,135,142,150,152,145,136,139,141,156,143,110,112,114,115,118,153,148,124,125,127
110,136,142,150,132,154,155,146,129,139,143,138,116,121,123,124,125
111,128,129,137,132,145,134,151,140,135,144,112,115,116,153,121,123
112,131,135,139,144,148,156,155,134,150,140,142,136,113,115,116,117,120,121,122,123,124,125
113,129,130,132,133,136,138,141,145,146,148,152,154,116,119,121,124,125
114,131,142,143,148,132,154,155,133,129,135,138,134,151,139,117,120,121,126
115,131,138,142,141,148,151,152,146,145,130,144,116,122,123,124
116,128,129,130,143,147,150,151,154,117,118,122,123,125,127
117,131,136,151,143,145,149,150,154,155,142,148,146,140,118,119,121,123,124
118,128,132,135,140,142,143,145,150,156,137,131,148,147,119,121,123,124,126,149
119,128,134,129,137,140,146,147,148,150,152,153,155,133,156,121,122,123
120,131,133,136,146,149,154,155,151,124,126,127
121,128,133,134,138,151,144,152,131,150,137,132,154,155,129,142,140,130,122,126,127
122,131,133,129,136,140,130,152,147,148,150,155,156,135,138,134,149
123,129,137,139,140,141,143,145,146,147,152,153,156,128,142,144,148,136,124,125
124,130,134,135,137,144,131,149,151,156,133,147,136,132,146,143,148,153,127
125,128,130,129,136,137,139,144,150,153,146,155,143,154,148,126,127
126,129,133,140,145,155,156,138,152,141,146,147,136
127,128,144,148,149,154,156,134,140,130,136
128,129,132,136,138,143,147,151,154,156,140,139,152,145
129,131,133,134,136,137,132,155,149,153,154,145,138,156,141
130,131,132,135,141,146,147,149,150,153,156,133,139,137,152,148
131,142,143,144,150,137,135,151,138,147,141
132,139,142,145,148,149,150,155,156,151,143,153,136
133,136,140,146,144,151,156,139,138,142,145
134,136,138,142,155,156,154,150,153
135,150,137,139,144,146,148,153,154,155,138,151,143
136,141,151,150,140,153
137,141,144,145,150,153,154,156,142,146,149
138,139,140,155,149,150,154,141,142
139,148,152,154,146,144
140,152,153
141,152,146,151,155,142,147,143,148
142,145,152,156,154,151,144,153,143
143,150,147,149,152,156,154,146,144
144,154,147,152,148
145,151,152,154,156,148,149
146,147,149,154,155,152
147,151,153,156,154
148,150,152,156,149
149,150,156
150,153,154
151,153,155
152,153
153,155,156
154
155
156
