n_nodes:174
n_edges:5542
density:0.36821
0,128,129,2,131,134,7,138,141,14,143,16,145,146,171,22,24,154,155,29,30,31,160,34,35,37,38,40,41,42,43,45,46,48,51,57,59,61,62,71,73,75,76,162,78,79,80,81,82,83,84,85,86,88,152,91,92,93,165,98,104,105,107,109,173,112,115,118,119,120,124,127
1,2,43,4,133,6,7,10,12,13,14,16,20,149,26,159,32,33,162,35,166,135,46,49,53,138,57,60,61,63,64,70,71,140,77,80,81,88,89,97,99,100,102,144,108,109,113,115,116,119,148,124
2,130,4,133,129,9,11,13,142,143,16,17,146,22,151,24,25,154,27,161,162,35,36,37,39,168,135,46,155,55,56,57,58,60,62,63,65,66,139,71,74,75,77,79,84,87,91,92,95,100,101,104,167,113,117,118,119,122,124,132
3,129,130,4,5,6,7,8,12,144,145,18,148,21,23,24,25,155,28,158,133,32,33,36,167,169,42,171,172,47,49,51,54,55,60,61,65,66,67,161,74,160,77,80,84,85,87,164,91,94,98,100,101,102,104,106,108,146,111,113,115,118,153,124,127
4,132,5,7,136,10,11,12,13,15,16,145,18,20,171,23,24,153,27,28,29,158,159,32,161,162,37,38,40,135,173,46,47,48,56,57,59,60,64,70,75,85,86,88,93,94,130,97,98,165,110,157,116,118,119,122,123
5,130,133,135,138,132,15,144,18,150,23,152,25,26,29,159,160,162,165,166,39,170,45,157,50,52,53,54,57,59,151,63,65,66,67,69,74,75,77,78,79,80,81,82,83,139,85,87,90,143,93,94,98,102,103,104,105,107,146,154,116,118,121,122,123,124
6,128,134,136,172,11,141,16,17,18,19,148,149,153,152,25,26,27,28,29,31,160,33,34,163,139,166,167,40,156,42,44,48,50,52,54,57,58,61,62,67,69,161,73,75,77,80,84,85,87,88,90,91,94,165,99,100,101,145,104,106,146,110,131,123,170,126
7,130,134,136,9,138,11,12,173,16,145,146,19,20,21,22,23,152,25,26,28,154,31,160,161,34,36,165,40,41,43,151,52,59,60,62,63,69,70,72,73,78,80,81,156,83,84,86,88,89,90,95,144,99,101,102,104,108,109,112,113,140,119,120,123,124
8,130,132,9,10,143,144,152,18,147,20,21,22,24,153,156,29,30,159,32,33,34,35,39,42,43,157,50,51,52,158,58,60,62,63,65,66,69,71,72,73,74,163,86,91,94,96,98,99,167,108,113,114,121,122,123,124,125,126
9,128,129,131,134,10,139,15,17,18,19,148,22,24,25,155,28,30,159,32,34,36,165,169,135,173,47,48,49,51,158,54,57,138,62,66,67,68,70,72,74,162,79,80,84,86,87,164,143,94,96,97,102,145,146,113,114,115,120,136,123,125,127
10,14,145,18,148,150,153,24,132,29,31,32,164,40,48,50,52,58,159,60,63,160,66,68,76,79,84,88,91,92,95,97,101,103,106,110,112,168,115,117,118,120
11,128,129,156,140,161,15,144,167,19,148,21,150,23,25,26,27,28,154,30,159,32,33,34,35,162,38,39,168,41,170,171,44,173,52,158,59,64,65,69,71,74,76,77,78,79,80,81,82,163,86,88,89,90,91,96,100,101,102,104,105,106,107,110,111,113,114,115,153,143,127
12,132,138,139,141,142,16,17,146,19,148,21,22,25,154,30,162,36,165,166,39,42,172,52,54,59,60,66,68,69,72,73,75,76,79,80,81,83,147,87,88,92,100,102,103,104,105,167,111,114,115,116,131,118,119,125,126,127
13,128,133,137,139,130,142,16,145,18,23,24,26,28,30,31,160,35,36,37,38,167,40,42,172,45,163,55,58,59,60,61,62,64,73,74,76,78,80,82,83,85,90,95,166,103,105,146,168,112,113,122,124,126,127
14,171,137,139,140,142,15,148,21,154,153,24,25,26,27,156,29,30,159,33,162,35,37,38,169,43,44,45,46,163,49,50,172,155,53,54,56,58,59,60,61,62,64,68,70,72,76,77,83,88,90,94,165,96,97,101,103,105,106,108,112,116,117,119,121,122,123,125,127
15,134,136,138,16,17,19,20,23,25,26,27,157,32,161,37,38,167,40,45,46,47,49,57,168,60,71,73,76,79,82,83,85,86,92,165,96,144,99,166,145,106,113,116,118,119,153,124,125,127
16,133,136,137,139,144,17,18,150,23,24,132,26,27,156,154,30,31,35,134,38,39,145,44,151,49,50,172,52,54,56,59,60,61,62,64,67,70,72,140,75,76,141,81,163,85,87,152,143,130,165,101,103,104,105,146,110,173,112,116,123,124,125,127
17,131,138,147,148,21,22,23,155,28,29,33,34,165,41,171,44,47,49,51,137,59,61,63,65,66,68,70,140,74,162,78,82,83,85,88,169,90,92,95,98,100,101,107,109,110,112,113,116,119,120,121,124,127
18,129,132,135,142,147,150,23,152,25,26,27,158,133,33,36,40,42,173,47,49,51,52,54,58,59,64,67,161,168,77,79,80,170,86,88,164,92,144,98,101,104,106,107,108,113,115,116,117,118,119,120,122,125,126
19,128,132,142,146,21,150,23,152,25,27,28,29,30,159,33,162,155,36,37,38,168,156,42,43,172,173,46,48,50,52,53,59,151,134,66,139,68,69,158,74,76,135,80,163,86,87,89,90,91,92,93,94,165,102,105,107,111,118,119,120,121,170
20,128,130,134,139,140,142,145,148,150,25,26,28,158,159,33,162,35,164,165,166,40,41,170,135,45,48,136,50,51,52,53,55,57,60,62,69,72,74,75,76,77,78,79,80,83,85,86,89,91,92,93,94,95,101,102,103,106,110,111,168,116,122
21,137,141,146,149,151,24,153,27,28,159,161,166,40,41,43,172,45,142,47,48,49,51,59,60,61,65,75,77,81,156,83,85,89,90,97,104,171,107,109,111,112,147,117,118,120,136,123,124,125,126
22,129,134,138,135,130,142,143,144,147,150,151,153,154,28,29,158,159,32,162,36,166,39,41,42,43,44,173,47,49,54,55,60,64,65,70,71,72,77,145,79,80,82,83,85,89,91,92,93,95,97,99,102,103,108,109,110,157,115,116,117,120,125
23,129,132,137,138,140,148,141,24,25,26,28,29,150,161,162,163,164,37,167,41,170,171,44,173,48,49,172,52,60,61,62,63,65,70,73,75,79,80,81,156,85,87,89,91,97,101,103,144,107,108,116,118,169,120,121,122,123,124
24,129,133,134,135,145,146,131,153,154,29,158,149,32,34,35,165,166,170,44,45,136,52,137,58,60,61,65,68,69,70,71,72,73,75,79,141,86,130,97,99,100,101,102,105,106,111,116,127
25,132,136,145,153,27,28,30,133,160,33,165,39,156,43,159,142,51,158,54,56,57,58,59,61,64,67,69,70,75,78,79,83,85,86,88,89,91,135,93,94,96,100,101,108,146,110,112,113,115,118,124,125
26,136,138,145,149,150,31,160,162,35,36,134,166,129,42,44,46,47,50,51,52,53,163,66,139,69,72,74,75,77,78,82,83,170,142,86,87,90,93,97,105,146,113,116,117,118,119,121,123,125,126,127
27,129,131,133,135,137,130,145,150,151,155,29,161,34,163,36,37,167,40,42,43,44,45,47,51,53,55,58,59,61,63,65,139,72,75,79,80,141,83,84,86,87,89,90,143,96,97,98,99,100,101,103,106,146,111,114,115,119,122,126,127
28,133,136,155,156,29,158,31,160,33,164,165,38,167,42,43,172,173,46,47,48,51,53,137,57,58,65,67,68,161,72,79,80,83,85,135,95,97,99,166,106,107,108,111,157,119,153,170,127
29,129,131,162,137,140,144,149,31,32,34,163,164,38,39,40,156,170,48,49,50,53,138,159,61,63,160,67,68,70,71,72,77,79,86,87,90,91,93,95,96,100,103,104,167,108,110,122,124,125,126
30,132,133,135,138,145,149,150,153,31,32,35,165,166,39,40,171,172,173,46,47,52,54,137,56,58,59,62,63,65,66,139,69,71,140,74,75,78,80,163,84,85,86,89,93,94,97,98,101,111,120,121,123,127
31,129,131,132,137,142,143,146,150,151,159,32,35,37,168,43,44,173,47,48,157,53,54,57,59,138,65,68,71,74,75,76,135,78,141,82,83,88,91,92,165,98,99,158,102,103,106,107,109,154,112,116,117,119,122,125
32,133,140,142,152,146,155,156,161,34,163,37,38,167,157,136,50,51,53,54,55,59,60,138,66,67,69,70,73,84,165,97,100,101,102,105,166,61,112,113,115,124,127
33,141,142,143,150,152,155,158,163,165,41,42,44,173,49,59,60,72,75,76,77,78,79,80,81,83,87,94,96,148,103,106,146,110,111,113,147,116,117,169,120,121,124,170
34,129,133,140,141,142,147,148,149,150,153,159,161,162,37,166,39,43,173,46,48,52,54,55,57,58,59,62,64,66,70,72,77,80,83,85,92,93,95,97,98,101,106,109,114,116,119,120,124,126
35,131,134,129,128,143,145,147,150,156,154,160,161,162,163,36,39,40,157,48,136,54,57,61,62,64,66,139,130,71,72,74,76,141,80,84,87,89,90,91,96,98,102,103,167,109,110,112,113,114,116,119,120,148,124,125,126
36,132,136,139,142,141,149,151,152,153,156,161,162,164,166,42,44,47,48,50,172,155,53,55,60,62,63,67,68,130,140,74,79,83,87,88,90,91,92,94,95,97,98,100,102,105,144,108,113,114,116,117,121,122,170,127
37,128,133,134,129,139,145,146,148,150,154,163,167,168,169,170,135,151,46,54,55,57,60,62,69,71,72,78,84,142,87,89,90,91,96,99,102,107,110,111,112,147,116,121,123,124,126
38,128,133,134,135,136,153,132,154,155,159,161,163,165,168,170,171,142,47,157,51,53,54,56,58,63,64,65,69,71,72,160,79,82,83,84,85,86,88,90,143,92,97,99,104,105,109,112,113,115,116,121,122,124,126,127
39,129,135,137,130,143,149,150,156,164,166,40,41,42,171,44,157,51,158,58,59,60,61,69,70,71,168,74,75,76,79,80,81,82,84,85,95,97,99,103,108,109,113,114,115,116,169,120,123,126
40,131,133,144,152,147,151,148,154,165,166,168,42,172,173,157,48,51,55,59,63,71,72,76,141,90,167,92,93,94,98,101,104,106,107,111,112,116,117,119,121,122,123,127
41,128,132,150,136,137,138,141,144,146,147,152,155,157,159,160,165,169,42,171,44,45,47,53,55,56,60,62,63,64,65,66,67,70,161,72,73,74,75,76,77,80,82,83,84,85,86,88,90,91,93,95,96,98,101,167,107,108,111,112,116,117,118,120,126
42,128,130,133,129,137,138,161,143,141,145,149,152,153,157,160,155,134,146,172,136,51,54,56,59,61,64,65,67,71,74,78,79,156,163,85,86,88,91,93,165,144,97,99,131,103,104,105,106,108,109,112,115,116,121,125
43,130,171,132,137,143,146,148,154,157,158,164,167,129,135,44,45,48,50,52,53,54,55,63,66,67,68,70,72,74,76,78,79,80,81,147,89,90,91,95,96,97,98,99,101,102,107,108,109,113,114,115,119,121,123,124,149
44,131,137,138,140,146,147,148,156,154,158,155,134,170,46,48,52,54,57,163,159,61,169,63,65,66,164,69,161,73,75,79,80,82,83,142,86,88,89,90,94,99,100,102,145,107,108,109,112,113,114,115,119,120,121,125,126
45,130,132,134,144,152,147,156,157,158,133,160,161,162,155,165,47,51,52,53,54,55,56,69,70,71,74,76,82,84,85,87,88,91,92,93,95,101,102,109,111,113,114,116,117,169,122,124
46,129,137,139,141,144,145,154,159,166,156,171,173,157,48,49,172,52,56,59,169,63,66,69,71,74,75,143,85,87,88,89,90,91,94,97,101,108,110,111,112,114,147,117,119,120,124,125,126
47,129,132,134,136,131,157,160,155,165,171,52,55,56,58,159,67,68,73,74,80,156,86,169,90,91,97,101,102,145,105,110,147,119,121,122,123,166,126,127
48,128,133,135,149,138,146,150,153,155,134,156,170,50,51,54,55,61,62,65,66,68,70,71,74,75,85,86,164,143,95,99,100,101,103,104,105,108,115,116,119,148,123,124,125,126,127
49,128,132,134,139,141,137,156,164,168,171,50,53,55,59,151,62,64,69,70,161,72,74,82,86,87,88,89,152,95,98,99,100,101,108,146,112,114,117
50,130,131,132,141,143,145,150,151,153,155,156,158,161,134,166,169,170,154,142,157,51,54,57,60,62,160,67,71,72,74,76,77,80,82,85,87,88,164,93,94,95,96,136,102,103,107,111,147,116,119,148,122
51,134,135,141,142,150,152,161,165,172,136,53,54,55,57,58,59,64,65,67,69,71,72,74,78,79,80,87,89,90,91,98,99,100,145,106,146,168,114,120,148,122,123,124,170
52,128,132,141,143,173,153,156,161,139,134,166,168,163,158,54,58,64,67,68,73,74,77,78,80,81,82,83,84,89,91,135,93,97,99,103,104,107,108,111,113,114,118,120,148,122,127
53,130,135,156,138,140,141,146,149,152,158,163,172,157,56,60,61,62,160,66,69,70,71,75,76,82,83,142,86,89,91,93,94,98,101,104,106,107,108,109,110,117,118,119,148,122,123,127
54,172,129,130,135,151,173,145,171,148,149,150,154,156,133,58,134,64,65,67,68,69,71,72,74,78,79,81,82,163,87,93,95,96,144,99,166,104,105,106,146,111,113,116,117,118,120,121,123,127
55,132,150,135,136,138,139,144,145,147,171,152,153,157,158,159,163,166,167,57,60,62,63,65,68,73,77,79,84,89,92,165,97,98,99,100,101,110,111,113,115,116,117,118,123,124
56,129,133,136,151,130,143,145,147,132,156,161,172,57,60,62,66,71,76,141,173,83,170,85,86,87,169,90,92,93,94,97,100,106,107,119,121,122,124,125
57,135,140,144,147,149,158,133,170,171,173,61,66,70,71,73,74,76,78,82,83,86,88,89,90,94,165,97,99,102,106,107,109,110,114,116,148,127
58,128,133,135,139,152,148,149,157,159,161,155,164,156,171,172,173,65,70,71,72,73,77,78,80,81,142,87,92,98,102,103,106,111,113,117,169,121,122,123,124,126
59,131,134,150,154,156,157,163,164,165,133,135,172,173,159,60,61,62,65,68,69,70,72,73,75,162,82,168,84,85,92,93,97,145,104,105,144,107,108,110,113,114,147,117,119,160,121,122,123,124
60,128,150,151,145,146,153,157,129,135,138,160,69,130,71,72,140,77,78,79,80,142,86,87,152,91,92,93,94,165,97,104,105,107,108,109,110,112,118,119,121
61,129,138,139,131,148,161,168,157,155,62,64,66,70,71,74,76,77,80,81,82,83,84,142,88,89,91,92,95,97,102,145,106,112,114,116,117,118,120,125,126,127
62,128,171,138,151,143,147,150,152,154,156,157,170,135,142,134,63,65,67,68,71,72,74,75,76,162,78,141,81,82,163,85,86,91,93,94,100,101,103,105,107,111,113,114,158,117,118,120,148,136,123,124,125
63,131,132,172,151,141,143,147,148,171,150,153,154,156,161,155,170,173,157,136,64,67,68,70,72,73,74,75,78,79,87,88,89,91,135,93,96,97,98,101,105,106,107,108,129,117,166
64,132,162,136,140,143,154,155,161,165,167,172,173,142,146,67,68,71,75,76,77,82,85,89,91,94,144,98,166,109,110,111,113,116,117,118,120,122
65,128,134,143,154,133,162,155,164,165,173,136,158,151,69,70,71,74,79,80,81,87,90,94,96,98,99,101,102,145,105,111,112,122,123,149
66,132,145,142,143,144,153,155,133,162,163,166,168,172,138,159,68,73,74,75,76,77,78,80,81,83,87,90,92,94,165,99,101,102,103,105,106,111,112,116,169,120,122,124,127
67,129,136,142,131,149,161,163,165,146,167,172,160,74,75,76,77,78,81,87,89,92,93,94,95,144,98,101,102,103,109,110,113,116,120,121,125,126,166
68,131,133,134,136,139,144,146,149,150,155,158,160,163,166,167,168,169,173,152,69,71,74,79,142,86,90,92,95,97,98,99,103,107,157,117,137,122,126,127
69,129,130,131,132,149,155,156,161,164,168,71,74,160,90,92,93,94,165,96,98,99,100,166,103,104,105,106,167,108,112,147,121,136,123,127
70,132,131,150,136,138,139,149,154,163,166,81,83,84,142,88,96,100,103,105,108,109,110,111,112,113,117,118,169,123,124,125,126
71,150,134,135,140,130,158,149,154,156,169,171,172,157,159,163,74,75,76,80,81,83,168,86,88,89,98,100,103,104,105,106,167,109,110,173,113,114,115,116,117,118,124,125
72,131,133,134,139,145,167,151,153,150,160,140,170,172,173,161,73,74,76,80,81,84,142,88,90,135,165,99,166,102,103,105,106,107,110,154,112,113,114,117,118,119,121,126
73,129,130,131,142,149,153,159,163,134,166,168,171,173,136,160,140,77,82,83,87,91,92,165,101,103,104,105,112,116,119,120,121,123,125
74,129,138,144,149,151,155,156,165,172,158,137,159,76,78,82,83,85,93,96,100,103,167,110,115,117,169,120,124,125
75,131,135,158,145,156,133,155,134,166,160,140,77,79,80,163,85,89,91,92,165,99,161,105,106,167,109,111,113,114,115,117,169,121,123,125
76,128,131,133,136,137,149,150,151,155,156,157,160,166,142,140,77,79,83,85,88,91,93,95,96,98,161,101,102,105,167,111,112,117,118,119,121,122,124,125,126
77,128,132,129,143,147,152,156,158,133,139,167,168,161,162,79,81,84,87,169,90,93,94,95,97,98,100,101,102,103,104,108,146,110,111,116,117,118,119,120,122,125,149
78,128,130,134,136,143,141,150,155,154,164,158,79,81,82,85,90,91,165,97,148,99,102,145,106,108,114,116,119,121
79,129,131,134,135,136,172,144,145,154,150,133,160,155,169,80,82,84,85,86,87,152,143,92,93,137,98,99,100,104,167,108,110,113,116,119,120,121,122
80,132,136,138,142,173,141,149,155,162,134,129,151,158,137,140,135,156,163,84,86,87,88,92,93,96,97,131,104,144,167,111,147,150,118,121,125
81,131,149,136,137,138,146,147,150,157,133,160,170,172,173,159,83,86,90,91,95,97,100,167,108,114,116,117,124,125,126,127
82,128,130,135,145,140,141,146,148,151,155,154,150,160,161,163,164,165,168,171,143,84,89,90,91,96,144,101,103,106,108,110,113,114,169,120,122,124,126,127
83,128,131,134,136,144,146,152,154,150,160,155,167,171,169,164,143,93,94,158,101,102,103,104,105,106,111,116,118,119,121,123,127
84,136,130,173,141,145,146,131,148,151,137,153,156,157,162,164,168,171,158,163,88,91,93,94,95,96,97,98,104,108,114,118,169,122,126,127
85,149,132,145,137,139,142,146,167,159,160,163,168,151,162,87,91,92,95,96,97,98,100,101,102,103,106,107,109,110,111,112,113,114,121,122,124,125,127
86,132,138,140,158,145,149,150,153,159,160,163,165,168,157,147,88,89,90,92,93,94,97,98,136,100,102,103,105,107,110,112,113,115,118,148,122,124,170,126
87,128,142,143,149,133,168,169,172,137,134,161,173,92,93,97,100,104,106,109,110,112,113,114,118,120,123
88,131,173,151,155,156,157,158,161,167,138,159,139,153,99,100,145,106,108,112,113,116,169,120,121,126
89,131,155,137,140,142,144,159,162,166,167,129,170,151,91,92,93,94,165,158,109,111,115,117,153,124,149
90,128,130,132,143,144,154,152,156,158,133,160,167,170,155,164,94,95,96,165,145,107,110,111,157,114,123,124,125
91,132,133,137,140,143,144,145,149,151,154,155,156,158,161,162,166,167,172,136,139,163,152,92,94,95,97,98,131,165,106,107,108,157,113,118,120,122,125
92,150,134,137,139,152,157,160,161,165,171,172,164,138,94,95,97,101,106,107,146,110,111,112,115,118,121,127
93,130,131,162,132,144,145,161,139,167,171,172,94,95,96,97,98,99,101,102,105,106,108,113,114,115,116,117,123,126,127
94,129,138,141,149,155,157,133,162,165,170,171,137,159,168,142,96,102,103,104,110,113,114,120,125,127
95,128,171,132,134,139,143,146,152,158,166,168,172,157,141,148,103,104,105,167,112,115,118,169,120,121,123,124,126
96,128,131,134,135,147,149,164,166,167,168,173,136,137,161,171,103,104,106,108,111,114,117,169,120,123,124
97,131,133,135,140,143,153,154,161,155,165,173,158,160,164,101,102,103,105,110,111,112,114,116,117,118,119,120,123,166,149
98,134,162,139,140,158,144,148,171,154,146,167,170,159,163,100,103,109,112,168,115,116,117,118,169,120,136,123
99,138,139,142,144,145,153,157,160,161,156,135,159,152,143,165,103,105,109,110,113,115,169,122
100,133,129,136,137,130,146,131,171,150,156,163,165,166,135,157,140,101,103,105,106,110,112,113,114,115,119,122,125
101,133,136,137,140,143,131,149,156,164,167,172,158,173,169,152,144,148,171,145,106,108,111,147,116,119,120,121,123,126
102,128,132,134,141,142,143,144,145,151,156,157,166,168,170,135,165,131,103,105,108,114,117,118,120,121,123,125
103,134,137,151,146,147,152,153,133,162,171,142,159,138,104,105,107,108,112,140,161,116,117,119,121,122,123,170,126
104,138,131,150,151,155,156,133,160,164,169,159,173,157,146,166,106,107,109,111,113,140,117,118,170,122,123,125,127
105,130,132,136,148,133,161,165,169,142,164,166,108,113,115,116,117,123,170,127
106,129,132,136,137,141,145,150,151,164,165,166,167,169,173,142,107,146,110,168,117,120,148,124
107,128,172,140,141,144,152,153,155,157,162,164,166,167,170,139,169,108,109,111,113,115,117,119,122,124,126,127
108,128,132,138,143,145,147,171,152,155,158,165,166,168,173,157,156,164,153,110,115,116,118,119,120,121,136,126
109,130,131,132,138,139,146,147,152,156,167,160,168,159,145,171,114,117,119,120,125,149
110,132,131,150,136,143,147,151,155,156,158,159,164,167,171,172,134,139,148,111,113,114,116,120,121,125,126
111,129,130,133,134,136,137,141,144,145,151,153,160,162,164,172,158,168,161,140,165,112,113,114,116,118,120,124,149
112,128,130,131,142,136,172,140,146,151,155,156,161,164,167,171,159,160,141,163,166,165,129,117,118,170,153,125
113,133,134,161,141,148,171,137,154,165,129,169,170,145,114,116,117,119,125
114,129,131,133,138,142,143,155,146,171,154,169,139,162,167,119,120,122,124
115,132,136,141,142,144,145,131,148,151,156,157,158,162,155,165,173,138,163,166,146,147,121,124,170
116,131,134,162,145,139,141,147,149,153,157,171,172,163,168,169,170,164,143,144,119,148,124,125
117,128,149,150,139,143,151,156,154,160,163,170,159,164,142,173,119,122,124,126,127
118,129,137,145,148,152,156,154,162,166,171,140,131,169,153,124
119,131,137,128,139,150,151,152,157,158,164,172,155,138,143,168,122,123
120,129,130,132,172,151,142,138,148,152,153,154,155,159,160,146,170,135,158,161,143,163,145,147,122,124,127
121,129,134,135,137,148,156,159,160,162,169,173,122,124,125,126
122,131,135,139,145,132,156,133,161,162,165,167,169,171,151,130,166,146,123,124,125,127
123,129,151,140,145,134,152,153,155,154,160,161,162,163,166,144,157,165,127
124,137,131,148,150,156,159,169,172,147,162,173,153,145,161,126,149
125,149,130,133,135,139,141,148,155,160,146,157,136,172,137,142,140,127
126,135,137,138,139,142,143,147,154,153,168,170,163,165,149
127,129,136,146,131,148,150,159,156,170,172,140,141,164,144,166,145,147
128,131,140,142,146,147,153,159,161,167,171,137,134,139,169,163
129,132,150,134,136,140,130,173,141,145,131,171,153,161,164,166,168,169,172,151,155,159,139,165,147
130,134,140,143,146,151,153,154,157,166,169,135,172,173
131,132,133,146,153,154,163,166,135,157,172,137,165,168
132,134,141,142,149,150,154,161,158,171,136,169
133,137,138,152,148,150,151,159,156,172,147,170,160,166
134,138,152,146,172,154,159,162,167,173,168,165,147,170
135,136,139,143,144,152,149,151,154,160,161,162,155,168,173,163,153,165,148,171,167,147
136,139,140,142,145,146,155,154,159,161,165,168,173,157,144,170
137,142,145,172,138,151,143,148,150,153,168,158,169,167,149
138,144,147,155,163,166,167,168,171,157,159,169,154,150
139,155,145,146,152,156,168,170,171,172,140,147,148
140,172,146,150,152,159,163,145,170,157,144
141,155,151,145,149,160,170,172,159,162,163,152,169
142,172,150,151,155,157,163,167,170,171,161,165,148,149
143,155,145,147,149,154,156,158,164,163,168,169,172,173,159,171
144,145,152,155,150,161,162,167,172,157,158,146,169
145,147,151,156,154,172,166,168,155,148
146,157,162,155,163,159,160,165,169
147,148,157,150,167,158,165
148,154,156,157,158,165
149,171,152,156,165,166
150,156,154,166,170,172,157,163,162,169,167
151,152,162,155,169,172,159,165
152,154,155,158,163,159,160,161,170
153,161,171,172,173,170
154,156,160,162,169,158,163,168,166
155,165,168,171,160,164,166
156,162,160
157,161,162,164,165,170,169,173
158,171,160,164,172
159,163,167,170,171,173
160,173,171,164,167,172,166,170
161,167,162,163,166,171,169
162,173,166,169,164
163,164,169
164,166,170,172,167
165,168,169,170
166
167,171,170,172
168,169,170,171,172,173
169,170,173
170,171
171
172
173
