n_nodes:45
n_edges:429
density:0.43333
0,32,33,3,4,38,6,9,42,12,14,15,16,17,18,19,21,36,28,29,35
1,2,4,5,6,10,13,17,23,25,37,30,31
2,32,43,5,7,9,11,12,15,16,17,18,20,22,25,26,44,29,39
3,34,43,38,7,40,41,10,11,15,20,24,25,29
4,5,7,9,42,13,15,16,17,18,19,21,22,25,27
5,6,8,9,13,15,16,20,24,25,26,27,29,30,32,33,35,36,37,42,44
6,33,38,32,8,43,12,13,14,40,18,23,24,26,28,29,37
7,32,37,40,9,11,44,13,35,41,24,27,29,30,31
8,34,35,9,42,11,19,24,27,28,29,30,31
9,10,12,14,15,18,19,20,21,23,24,26,28,29,33,34,35,37,38,39,40,42
10,32,20,38,42,44,13,15
11,33,35,42,43,34,14,16,17,19,20,21,24,27,28,29,30,31
12,36,39,42,16,18,20,22,30,31
13,15,16,18,19,21,23,24,27,28,31,33,34,35,37,40,44
14,32,35,38,39,40,42,15,19,21,23,28
15,38,40,18,42,41,25,26,37,28,29,36
16,17,18,19,22,23,30,32,34,35,37,38,41,42,43,44
17,35,37,39,40,41,44,19,24,36,27,28,30
18,19,20,21,23,25,26,27,31,32,33,39,41,42
19,33,43,38,39,41,21,40,24,25,27,28
20,33,38,39,40,44,42,21,23,24,25,37,31
21,32,34,43,39,44,36,25,26,27,28,31
22,32,35,37,38,39,44,42,34,24,36,26,27,28,29
23,32,34,36,38,43,44,24,26,27,28,29,30
24,25,26,27,29,33,34,35,36,37,40,42,43,44
25,26,27,28,29,32,33,34,37,42,43,44
26,35,36,41,43,44,42,37,29,31
27,32,40,29,39,36
28,29,30,31,32,33,34,35,37,41,43,44
29,30,33,34,41,43
30,32,38,39,31
31,34,35,33,38,40,43,39,37
32,35,40,41,34
33,42,41,37
34,37,39,44,40
35,43,38,41,40,37
36,38,39,40,44
37,43,38
38,40
39,40,43,44
40,41,42,43,44
41,43
42
43,44
44
