n_nodes:290
n_edges:13060
density:0.31166
0,256,4,262,7,264,10,11,14,271,272,17,274,19,22,23,24,281,26,286,287,34,40,42,263,46,47,48,49,52,58,266,62,69,73,76,79,82,83,84,88,94,97,98,102,103,107,108,110,111,124,125,126,127,128,133,137,138,140,141,143,151,161,163,167,169,176,179,183,190,193,197,198,200,201,202,206,207,219,222,223,224,229,233,236,244,245,250
1,128,256,3,260,7,9,10,11,12,269,14,143,144,17,146,131,215,149,235,152,153,27,157,30,159,288,176,289,37,166,135,172,175,48,189,232,51,182,55,185,58,188,138,62,63,193,67,196,69,70,199,202,80,209,227,142,86,87,218,245,229,263,97,99,101,102,145,104,277,225,236,237,61,240,113,242,243,190,246,119,121,270,254,213
2,257,259,261,265,11,12,269,15,273,21,22,25,284,29,288,38,48,52,53,59,63,65,67,77,78,80,81,82,86,87,90,93,94,98,100,101,102,104,106,107,285,118,121,122,123,124,277,130,131,136,137,139,140,142,143,147,149,150,151,153,154,160,161,165,170,171,175,176,178,181,185,186,191,198,202,204,207,213,214,216,224,226,228,235,243,246,247,250,254
3,256,258,260,5,263,267,268,269,14,17,18,277,279,285,31,32,34,37,38,42,43,45,47,48,52,261,58,61,63,67,76,81,87,90,98,100,101,102,273,104,107,108,109,110,114,116,119,125,127,131,132,134,135,136,139,140,143,144,145,148,149,151,154,159,161,162,163,164,166,167,171,173,175,177,179,182,188,190,191,196,201,203,207,209,210,216,219,226,231,235,236,240,242,243,250,251
4,256,258,5,7,8,268,13,273,20,21,22,282,283,31,288,38,47,51,55,56,57,58,60,61,63,65,68,79,81,82,83,84,85,86,92,93,94,96,97,98,99,103,104,107,114,115,120,122,123,131,278,134,137,142,143,145,146,147,269,151,155,157,158,159,161,261,170,174,175,181,182,183,184,287,188,191,196,197,199,200,205,210,211,221,222,223,226,232,241,244,250,253
5,192,133,6,135,139,268,269,14,238,222,273,19,21,278,235,179,27,156,29,286,261,32,33,35,37,39,40,169,171,172,173,46,49,50,51,52,181,54,183,186,60,191,64,65,194,267,177,69,279,275,73,74,241,206,207,270,216,89,90,271,94,225,227,228,101,178,105,234,107,237,110,112,168,115,254,118,122,251,126,127
6,258,260,262,7,264,265,266,267,271,16,19,20,278,23,24,25,26,283,284,31,33,35,36,37,41,44,47,53,54,55,57,58,60,61,65,67,70,72,79,84,94,98,100,110,115,123,125,132,144,147,148,150,154,155,164,166,167,173,177,180,191,193,289,201,202,203,205,206,210,212,213,214,216,217,220,221,226,228,235,241,242,244,245,246,250,252,255
7,265,266,11,12,269,270,15,16,275,278,280,281,26,283,29,287,33,37,41,44,45,46,48,49,50,53,56,57,65,66,69,71,73,75,78,79,85,86,89,98,105,108,109,111,114,118,120,121,125,132,138,268,146,148,156,157,158,159,160,169,173,285,179,182,186,187,189,190,262,195,200,203,205,207,214,216,219,220,224,226,227,229,239,242,243,246,249,250,252,254
8,256,258,9,267,273,269,14,16,17,18,19,20,24,25,27,287,34,38,39,44,47,53,58,59,61,64,66,67,73,76,78,80,82,85,86,88,89,93,94,95,100,102,103,104,105,108,109,112,116,117,124,129,130,133,135,138,139,140,141,280,147,148,151,153,156,159,160,162,164,165,173,175,176,187,190,192,193,195,197,198,206,210,212,220,221,225,227,234,235,238,241,245,247,250,251,252,253,254
9,258,259,11,269,14,15,276,23,26,28,29,289,34,36,39,46,50,52,53,54,57,58,64,66,70,71,73,75,76,77,79,80,81,82,84,85,86,87,91,93,96,100,103,108,121,124,130,133,135,138,139,144,153,154,159,161,164,165,173,174,177,181,185,186,188,189,192,279,194,195,204,205,206,207,212,213,215,218,219,222,232,236,239,250,251,253,254
10,259,260,262,267,268,269,16,18,275,21,278,279,24,25,32,289,36,38,45,46,48,51,54,56,60,288,69,70,74,75,77,78,84,88,94,98,101,102,103,107,110,112,114,116,123,124,127,129,131,132,133,141,142,143,145,146,148,277,155,157,159,163,168,177,183,187,188,189,190,193,196,198,199,204,207,209,210,211,217,218,222,223,229,231,232,249,251,255
11,43,260,133,134,279,140,130,270,15,274,20,277,217,24,27,156,30,159,288,33,34,35,36,165,167,135,172,45,175,287,50,155,137,184,58,183,60,61,192,65,262,67,198,73,202,75,204,79,80,209,214,121,88,164,143,221,224,263,98,269,102,231,232,188,236,189,240,114,117,246,55,250,255,125,127
12,261,171,132,133,134,264,265,138,139,13,143,16,274,19,282,196,26,156,154,158,159,32,161,219,36,165,39,71,29,287,51,243,182,183,57,186,187,266,160,260,67,147,33,74,288,271,209,212,87,164,90,91,93,96,99,228,259,105,234,235,236,111,242,115,244,117,233,248,249,250,123,125,126,255
13,266,269,270,280,281,26,28,29,30,33,36,38,42,43,47,48,51,56,58,65,67,68,69,75,77,79,85,98,99,100,102,103,104,105,107,111,114,118,121,124,126,127,282,133,135,137,142,144,149,152,154,157,158,159,168,174,175,178,179,181,182,183,184,188,190,191,193,196,199,201,204,206,210,211,212,214,218,220,221,227,232,233,234,236,289,239,240,241,243,244,247,249
14,258,15,272,273,18,276,21,279,280,29,31,32,33,34,38,39,41,43,48,52,53,55,56,58,59,71,74,77,81,84,86,89,90,93,94,96,98,100,101,102,106,274,112,287,119,120,121,128,129,130,131,135,139,140,141,142,145,149,154,157,159,163,167,168,173,174,285,176,179,183,187,190,191,198,289,201,202,208,211,212,218,219,221,223,224,225,227,231,236,240,244,245,254
15,129,273,136,268,141,173,152,147,20,149,23,46,283,154,27,157,30,287,289,163,36,165,166,168,41,44,45,142,177,270,52,56,180,58,59,60,61,65,67,196,69,258,76,205,80,209,85,87,88,164,267,271,92,250,223,96,97,226,187,231,232,277,107,189,241,115,116,245,249,122,251,252,253,126,127
16,256,272,19,277,278,279,281,286,31,288,289,35,36,42,263,48,53,57,60,61,63,64,268,74,75,78,82,89,90,95,96,97,99,101,105,106,107,108,110,112,287,114,117,120,121,126,130,132,23,141,142,144,148,160,163,172,176,183,185,187,197,198,201,204,206,207,208,213,214,226,229,230,232,233,234,238,240,244,250,253,254,255
17,260,261,268,269,271,18,276,23,25,282,28,29,32,33,35,42,43,46,48,50,52,55,67,69,74,75,76,78,81,85,284,88,90,97,99,100,102,104,111,112,116,119,128,134,136,137,140,142,149,161,162,164,165,169,174,285,181,183,184,189,192,198,199,207,212,215,289,221,222,224,226,229,230,232,234,237,238,239,241,244,247,248,250,252
18,257,258,262,263,267,273,259,20,22,23,25,26,283,288,33,36,37,46,49,54,58,60,62,69,78,80,83,270,91,95,97,103,105,106,111,114,275,117,124,126,127,133,141,148,149,150,154,156,157,158,161,163,165,166,167,168,169,175,176,177,178,179,183,186,187,189,191,195,198,199,204,208,209,210,212,215,216,217,219,223,226,227,235,236,289,246,247,248,264,255
19,256,260,265,269,21,278,24,26,284,29,286,31,289,34,35,262,40,42,45,46,47,264,53,57,60,62,63,66,68,69,80,81,82,87,89,90,96,98,102,106,110,114,115,116,119,123,124,277,129,131,134,135,137,139,142,144,147,149,153,156,160,162,164,165,167,168,169,171,173,174,175,176,179,181,187,192,195,199,205,207,208,214,215,216,217,218,221,222,223,225,227,229,236,237,239,243,245,248,249,250,251,255
20,257,261,265,272,276,24,260,282,29,286,287,288,33,34,36,45,47,264,53,54,55,56,57,59,61,62,65,267,69,71,74,76,77,80,83,85,87,89,92,96,106,113,116,117,119,123,128,129,130,131,139,140,147,148,149,150,281,152,156,158,162,165,167,170,177,178,179,180,188,190,193,194,197,198,289,203,208,215,218,222,224,226,233,234,235,239,244,245,249,253,254
21,259,263,267,269,271,272,277,278,24,281,282,283,29,31,35,37,42,47,49,51,57,266,59,61,67,70,72,74,75,85,87,89,91,92,95,106,108,111,114,275,116,121,126,135,137,138,141,142,149,150,160,166,170,171,173,174,175,177,178,115,189,198,199,202,208,215,217,219,221,227,228,230,234,235,236,238,239,243,245,253,254,255
22,129,235,133,263,172,128,140,258,142,271,145,148,149,25,154,265,157,158,32,161,162,35,164,37,38,167,169,274,289,44,174,221,48,180,181,54,183,58,249,60,138,62,63,65,66,203,199,286,202,75,248,255,84,270,86,87,91,186,165,96,97,100,277,225,284,146,189,240,242,244,118,160,121,122,251,124,127
23,261,263,275,279,282,27,30,287,37,51,53,54,57,59,60,69,70,72,73,76,78,79,80,85,87,88,90,92,93,103,106,111,114,118,121,123,125,132,133,135,142,150,151,154,155,158,159,164,169,170,173,175,182,184,187,189,190,191,192,195,196,198,199,203,210,211,214,225,226,227,230,232,233,237,238,239,240,241,249,250,254
24,256,131,132,265,140,270,239,144,273,281,26,27,28,29,286,197,33,163,262,39,40,169,173,46,47,287,136,52,182,55,185,266,168,189,190,63,64,194,195,49,161,275,268,183,76,78,208,282,220,215,88,217,90,271,92,221,222,95,225,148,228,230,102,223,104,238,111,113,115,117,118,121,122,191,254,246
25,257,260,261,268,269,271,272,280,285,30,31,33,34,37,274,47,48,50,53,54,55,57,266,61,62,64,68,74,75,76,79,82,83,86,89,93,96,97,103,106,107,109,111,112,114,119,120,124,130,134,135,140,142,143,154,159,161,162,164,167,169,174,175,180,181,184,190,192,193,196,197,202,204,205,208,209,210,211,212,217,218,220,224,228,229,235,237,238,239,240,245,249,251
26,257,259,266,267,273,278,279,282,29,286,33,34,35,36,37,39,42,44,46,47,49,51,53,58,62,63,65,66,67,69,70,72,74,80,81,84,86,87,95,113,275,124,125,130,133,135,138,140,141,152,153,156,162,163,164,165,167,169,170,172,179,180,182,186,190,191,192,198,205,210,212,213,217,219,225,228,231,236,237,240,244,248,249,254,255
27,262,265,268,269,273,275,28,30,31,288,289,37,41,43,45,46,47,50,53,54,56,57,63,66,67,69,75,78,81,86,87,89,271,93,94,95,100,103,104,105,106,108,110,117,119,126,128,131,133,135,138,139,142,152,154,156,157,158,163,165,167,284,171,173,177,178,179,286,184,186,188,192,195,199,200,202,203,205,209,210,217,219,221,222,223,228,230,234,243,246,248,254
28,261,276,282,286,288,34,35,37,41,42,46,48,52,54,55,56,57,60,64,71,74,79,81,83,84,86,88,92,93,94,99,100,101,273,106,112,126,127,128,132,133,134,140,142,152,153,154,159,160,162,166,167,175,181,188,193,196,198,199,200,202,203,210,211,212,216,218,219,220,223,224,227,228,230,231,232,236,240,245,247,249
29,256,257,260,272,274,281,30,261,38,39,41,43,45,48,50,51,52,54,56,59,63,65,72,73,258,75,83,84,85,96,99,101,102,273,111,112,113,114,120,122,131,132,133,142,144,145,286,157,159,161,162,164,170,171,172,176,181,182,183,186,187,189,190,197,202,203,205,206,208,282,213,217,219,222,263,226,228,229,230,232,236,238,239,241,244,246,251,253,254
30,260,277,282,284,286,288,289,40,47,52,54,55,57,58,65,267,71,72,74,75,76,269,81,87,88,90,271,92,96,99,102,107,111,112,118,120,121,124,125,126,135,137,138,279,140,141,142,144,145,149,153,155,160,162,168,174,285,177,178,181,189,193,200,201,202,208,213,216,218,221,222,223,224,228,233,237,239,244,252,253
31,257,259,267,271,274,284,285,286,289,34,35,37,43,44,45,49,51,53,265,56,57,59,60,63,64,70,75,77,79,82,87,91,92,96,98,99,100,104,107,108,110,275,118,121,123,127,130,131,260,135,137,140,156,157,158,162,163,168,171,172,175,181,183,186,187,189,190,191,193,195,197,202,203,204,211,212,213,214,221,222,224,230,236,237,246,249,252,253,254
32,129,130,260,134,193,136,137,139,258,146,131,151,153,179,283,265,218,158,33,166,241,170,257,46,175,49,178,51,180,286,54,183,279,188,266,215,63,192,65,195,69,70,199,72,201,75,205,80,210,211,212,85,87,228,90,92,222,182,226,99,100,230,145,235,236,237,111,113,115,244,117,119,121,122,255,247,253,213
33,256,265,266,272,275,277,284,261,289,36,38,41,43,49,50,53,54,63,66,69,70,72,73,74,75,77,79,88,90,93,94,96,108,112,113,115,268,119,276,125,126,128,132,142,280,147,148,150,151,152,156,158,164,169,170,174,175,176,179,186,188,190,201,204,207,209,211,212,218,221,222,223,225,226,269,234,239,240,241,247,252,254
34,260,262,266,268,286,35,36,41,43,47,50,53,265,56,57,61,63,64,67,74,78,85,94,100,105,106,110,113,114,275,116,117,124,128,129,131,137,140,141,144,146,151,157,158,160,163,165,166,168,169,171,173,178,179,183,184,185,187,190,191,196,201,203,206,282,210,211,214,218,219,221,223,224,227,233,236,281,239,240,241,242,246,248,249,252
35,266,274,276,280,288,289,36,262,39,43,45,51,52,53,54,59,60,64,65,66,69,70,72,74,77,78,79,83,84,90,91,101,102,273,104,105,108,110,115,116,119,120,121,122,127,128,130,277,133,137,139,140,144,147,150,160,162,163,166,284,170,171,172,174,176,178,180,187,189,190,192,195,199,200,201,203,204,206,207,213,217,218,226,228,229,239,241,242,244,252,255
36,263,273,275,278,279,281,285,262,39,43,46,47,52,53,54,265,57,60,62,268,74,79,80,91,94,96,102,104,107,109,110,111,112,117,121,124,128,131,140,143,145,147,269,154,156,157,158,162,164,165,169,176,177,183,184,185,188,199,207,209,211,212,218,219,225,227,228,233,235,236,289,239,246,250,251,254
37,256,265,266,268,269,272,275,38,39,40,41,43,48,49,53,60,64,65,67,71,75,76,82,83,85,92,95,97,98,99,100,107,274,110,111,112,114,121,123,124,125,126,277,128,133,135,141,148,149,154,155,282,158,278,283,168,172,173,174,176,178,182,183,184,185,191,194,197,199,200,201,204,206,211,214,215,218,222,223,226,228,229,235,238,240,246,252
38,256,257,261,262,263,265,267,268,279,281,284,45,264,52,56,59,64,68,73,74,75,76,269,80,270,86,89,90,93,96,97,99,101,103,106,111,113,120,129,132,138,139,140,141,148,151,153,165,166,167,171,173,174,285,179,181,183,186,187,188,192,193,197,198,289,209,212,219,220,223,226,229,231,233,239,240,245,246,248,255
39,260,263,267,269,271,272,273,278,279,283,40,46,49,51,53,265,56,57,59,61,64,68,70,72,268,77,81,84,85,90,93,100,103,106,108,110,116,117,119,123,127,128,129,130,131,136,141,145,152,155,156,157,158,162,165,166,171,176,270,183,184,188,189,191,194,201,202,206,207,217,219,225,227,228,230,233,235,236,237,240,243,253,255
40,128,130,135,184,138,139,142,143,152,146,149,150,151,155,156,285,161,162,266,41,170,171,172,223,47,177,50,51,182,56,57,186,59,61,62,191,279,65,67,68,70,225,201,75,205,208,81,83,213,86,185,289,217,233,220,257,165,263,97,228,195,105,107,284,109,238,111,113,245,169,120,255,126,247
41,128,130,131,132,139,268,143,272,274,259,150,152,281,154,267,287,160,91,166,156,43,175,51,181,55,56,57,187,60,190,191,64,194,67,197,70,286,201,74,77,207,208,184,210,211,212,88,218,94,223,96,226,227,101,188,237,253,112,115,248,121,123,125,283,127
42,260,262,263,264,268,274,259,276,287,43,47,48,49,52,53,54,58,67,68,69,275,74,75,76,77,90,91,93,96,98,273,108,110,113,114,116,119,123,124,125,126,277,130,131,132,134,136,139,141,142,147,163,164,166,167,172,176,186,187,188,193,195,199,200,202,205,206,209,211,212,219,220,221,225,227,233,235,236,237,238,242,243,244
43,258,262,276,279,282,288,44,50,283,58,59,64,65,67,69,70,71,72,76,77,269,81,82,85,92,93,96,98,100,101,102,104,105,109,110,112,129,130,133,136,138,142,145,147,150,151,163,167,168,171,172,175,180,186,187,196,200,204,208,217,218,223,224,226,229,230,231,232,233,240,243,249,251
44,130,132,179,265,138,141,280,248,259,148,281,218,153,283,260,154,288,164,165,49,284,170,135,45,46,175,176,136,51,182,183,244,59,60,66,198,225,72,201,76,77,207,80,173,82,212,90,143,250,222,95,97,226,102,223,232,275,107,236,210,239,112,113,115,204,245,246,264,120,249,122,253,126
45,260,261,262,265,269,278,281,282,289,47,51,55,58,266,64,267,69,73,77,87,88,89,91,92,96,97,99,104,107,108,111,115,116,117,124,125,126,129,134,136,143,144,145,153,154,155,167,174,176,177,178,179,181,183,186,188,189,190,195,203,205,207,213,215,218,222,225,229,236,237,243,244,248,252,254
46,128,260,264,267,140,269,142,276,252,150,151,152,154,214,155,174,157,176,177,50,51,52,243,56,180,59,60,266,66,67,197,199,200,73,256,239,207,164,254,163,270,87,89,218,143,92,222,208,99,228,229,195,103,188,238,111,112,211,245,248,217,251,124,253,126,255
47,265,266,268,279,262,48,50,54,56,58,60,65,67,68,69,70,73,75,77,82,84,86,88,94,98,100,259,111,115,118,122,127,129,132,133,140,144,146,148,149,150,151,153,161,162,166,172,176,178,180,286,183,187,189,190,191,198,200,210,213,215,216,218,219,222,227,229,230,232,236,237,239,242,248,249,252,253
48,260,261,262,265,276,277,283,263,49,52,53,54,59,60,266,64,65,67,68,256,73,74,80,90,94,95,102,105,109,111,112,258,116,118,119,121,124,126,127,129,131,135,137,143,145,146,148,281,155,156,162,163,164,170,171,172,176,179,180,186,188,190,193,195,202,203,208,209,212,215,222,228,230,233,242,245,247,248,253,254,255
49,213,179,264,137,138,268,269,144,148,153,175,284,154,286,162,163,164,166,169,157,51,180,181,182,184,57,186,274,61,191,193,272,211,289,200,204,203,76,79,209,83,85,215,217,218,94,223,225,226,227,101,276,103,233,106,108,146,238,112,266,115,244,117,247,120,249,124,127
50,256,257,258,270,272,274,278,286,52,53,56,60,63,70,72,73,74,78,79,80,84,90,96,98,99,102,103,107,111,114,118,125,132,133,137,145,146,149,150,151,153,154,155,158,159,164,165,167,169,170,173,174,186,188,189,190,191,194,195,196,198,201,203,204,214,215,220,225,230,236,237,241,248,251,254
51,262,263,275,276,278,280,282,284,52,55,62,63,65,66,68,70,72,79,269,83,85,86,91,92,105,106,108,157,114,285,118,120,277,136,139,142,144,154,160,161,163,168,169,170,175,179,187,188,190,279,193,194,197,212,213,214,216,219,220,225,230,231,236,237,239,249
52,256,257,267,268,274,259,279,288,289,54,59,62,65,68,69,72,85,87,88,90,91,92,94,96,99,100,102,104,275,106,108,109,115,123,131,134,135,138,143,145,147,152,153,155,156,157,158,165,166,167,176,270,187,188,190,191,192,195,196,198,200,202,204,205,206,207,271,222,223,227,228,233,234,235,246,248,249,255
53,256,259,266,267,277,286,55,58,61,62,66,68,75,80,81,82,83,85,89,94,272,98,100,101,108,109,110,112,116,117,119,122,129,134,138,144,146,147,282,158,159,160,167,168,172,173,175,176,178,184,192,289,203,211,213,214,215,218,221,224,227,231,232,237,243
54,128,256,263,143,252,133,281,244,156,176,172,173,177,179,181,137,57,59,188,138,192,194,203,69,72,202,183,76,77,78,207,209,82,84,213,86,249,285,93,222,224,225,226,227,229,276,103,105,107,284,247,253,221,116,246,119,153,212,250,251,124,170,127
55,261,129,226,273,222,150,281,157,287,288,164,134,272,170,285,177,265,56,186,60,190,181,64,68,70,158,200,74,75,204,77,79,80,84,86,87,152,91,250,218,224,208,148,99,212,101,102,103,110,113,117,118,251,120,121,122,123,253,126,276
56,256,258,261,265,274,282,288,289,263,59,61,62,63,67,70,71,72,77,79,80,81,82,84,270,89,90,271,92,95,96,97,100,102,109,113,117,121,124,128,131,137,139,141,144,157,160,163,164,165,168,169,171,173,180,181,287,189,190,191,199,205,208,210,212,217,218,219,220,222,223,224,231,232,233,241,242,243,252,254,276
57,259,269,280,265,63,66,69,75,76,80,84,284,90,94,95,272,98,99,103,110,113,114,119,121,122,123,124,277,137,143,151,154,156,159,160,161,165,169,171,174,180,181,183,287,190,197,199,200,201,203,204,205,212,215,220,223,228,234,235,241,242,245,247,250,255
58,268,279,260,287,262,66,70,256,78,81,82,84,85,87,91,93,95,99,105,109,110,111,113,116,117,120,124,128,130,134,135,139,140,146,149,150,152,154,163,166,167,170,171,173,175,180,182,187,189,190,193,194,198,199,200,203,211,216,217,218,226,229,230,231,232,233,234,236,238,239,240,250,255
59,263,268,273,277,286,264,61,65,68,73,74,79,82,83,271,98,103,105,107,109,112,114,117,118,125,133,136,144,147,151,154,156,157,160,166,173,175,179,180,182,187,189,194,196,199,201,211,212,213,214,216,217,219,220,223,225,227,232,241,243,244,245,247,250,252,255
60,256,259,265,276,277,260,282,63,64,67,78,80,83,85,90,271,94,95,98,274,110,112,120,122,123,126,131,133,134,139,141,142,149,152,160,162,164,284,171,175,178,180,181,182,187,188,194,197,200,203,205,206,212,215,216,217,219,220,222,223,225,239,240,243,245,246,247,254,255
61,265,266,269,274,259,283,285,287,288,62,64,65,67,68,69,70,75,79,80,82,271,93,95,96,97,98,109,111,117,276,122,123,127,128,132,135,136,137,139,142,143,146,281,153,155,159,164,166,168,173,175,176,181,182,188,189,196,197,206,208,214,221,226,229,230,239,244,247,249,250,253,254,255
62,257,268,269,272,277,280,286,289,263,65,71,74,76,81,83,92,93,96,97,99,101,102,104,274,275,116,117,120,123,124,126,127,128,115,132,278,135,137,138,141,143,145,147,148,151,155,282,161,162,163,165,169,173,175,179,180,190,193,195,196,197,199,204,207,210,213,214,216,219,223,236,237,239,246,250,281,255
63,179,129,184,273,269,239,271,274,148,149,279,260,158,219,164,165,168,220,193,263,178,180,286,186,189,191,65,194,67,70,71,73,203,205,78,208,81,82,84,206,87,216,217,91,92,97,98,227,100,101,209,259,105,108,110,111,238,242,147,131,249,122,123,124,213
64,266,267,275,282,283,286,289,65,67,70,72,76,78,81,90,92,93,99,101,106,116,117,118,119,123,129,131,133,134,136,137,141,145,147,152,154,156,159,164,165,166,167,168,284,174,175,179,180,184,187,189,190,193,200,203,207,209,210,213,216,224,226,227,230,235,240,241,243,245,249,252,255
65,273,277,279,280,133,66,267,69,70,73,258,75,76,78,85,88,271,96,99,287,114,116,121,123,127,130,282,278,135,140,146,148,154,157,161,162,167,169,173,175,176,187,189,192,288,194,202,204,205,208,217,222,229,235,236,237,238,242,243,251,253,254
66,129,133,243,267,141,142,144,145,274,276,149,151,280,153,284,150,159,289,164,163,167,193,175,176,136,270,182,187,188,250,191,198,195,68,70,71,286,74,75,205,207,83,84,147,203,87,89,233,186,95,227,230,231,161,235,281,110,112,287,242,115,116,118,119,121,217,255,252,247
67,256,257,272,274,279,280,285,287,273,267,68,70,71,269,80,83,84,86,89,90,92,93,94,95,97,98,99,102,103,105,107,111,114,117,118,119,125,277,128,136,137,141,147,148,150,153,155,159,283,165,166,177,178,180,187,189,192,195,200,201,203,204,208,213,215,216,217,220,221,223,224,227,229,233,239,246,248,251,252,254,255
68,256,258,259,268,272,283,284,287,70,71,275,75,76,79,80,81,89,90,91,92,93,95,96,100,103,107,109,110,115,116,117,121,122,125,127,130,134,135,136,150,159,165,167,168,172,178,182,186,187,202,203,207,208,211,214,215,219,221,223,225,226,227,228,230,235,236,241,242,245,247,248,250,254,255
69,258,131,132,265,256,149,278,218,153,157,133,163,166,257,287,179,181,283,266,223,190,211,200,202,203,204,77,78,288,83,270,86,89,90,271,220,95,96,225,259,234,107,241,114,147,244,249,250,252
70,261,257,267,268,274,275,285,286,262,72,78,79,81,84,85,92,93,101,102,105,106,112,113,115,119,122,123,128,135,279,141,142,149,151,155,282,162,168,170,178,179,185,186,187,193,199,200,288,209,211,218,219,223,263,231,232,237,240,242,244,246,251,254
71,128,132,133,236,194,280,274,195,150,151,152,260,154,157,261,161,162,266,166,172,178,180,181,185,186,189,198,275,72,140,202,76,226,78,79,210,83,86,215,217,220,93,98,227,102,103,232,233,107,108,110,112,115,116,246,119,120,123,253
72,258,267,271,274,287,73,78,80,85,87,88,90,98,101,104,108,110,114,115,117,118,120,127,128,130,131,132,139,141,142,144,145,147,277,150,151,156,158,160,161,162,163,165,166,169,170,172,285,176,180,286,182,184,186,187,279,193,194,195,198,199,201,202,209,210,213,215,219,222,228,234,243,244,246,252,253
73,256,258,260,266,269,276,278,280,284,265,76,77,78,79,84,87,93,95,98,116,117,119,120,121,125,126,127,129,132,135,136,139,142,145,147,149,150,152,165,166,171,285,176,177,179,185,186,189,279,193,194,202,203,205,208,211,214,215,216,225,232,236,237,239,241,249,251,252
74,256,262,263,267,271,274,275,278,279,280,288,266,82,83,87,88,89,93,272,101,103,105,106,107,108,112,114,115,116,119,121,122,124,127,129,130,131,132,135,141,146,151,152,162,163,166,174,179,183,186,188,193,194,197,198,289,202,204,209,215,217,221,223,227,230,231,235,236,281,243,250,273,252,254
75,260,270,282,265,266,286,84,85,88,90,92,94,95,96,100,101,273,106,108,112,131,134,135,137,141,143,145,146,147,149,150,151,155,156,161,163,173,174,175,176,181,185,187,188,190,194,195,200,205,211,212,216,219,220,221,222,224,225,226,228,229,232,238,240,243,244,245,248,250,251,252,253,254
76,128,196,192,269,144,147,150,265,157,159,160,289,162,219,167,221,179,137,223,188,191,285,182,202,224,288,82,84,86,218,90,143,220,93,94,95,96,97,100,101,276,232,106,235,237,272,112,113,242,244,245,118,212,281,253,166
77,256,261,262,258,279,280,283,288,82,83,91,93,100,103,107,108,111,113,115,116,117,123,126,129,130,134,135,140,141,144,151,152,155,159,161,162,164,166,170,172,178,185,287,190,195,196,197,198,203,205,208,210,212,213,219,225,228,231,234,235,236,237,241,242,244,246,250,252,254
78,257,259,262,265,267,268,269,270,271,275,278,281,284,263,80,91,93,99,100,101,273,107,108,111,115,116,119,121,123,125,126,128,131,132,136,144,146,148,149,152,155,158,163,165,168,169,171,172,174,185,187,188,191,196,198,201,207,211,213,214,215,218,225,226,227,228,231,233,235,236,237,239,240,246,250
79,128,130,142,147,265,150,283,286,288,162,163,166,170,171,174,175,181,182,186,134,191,279,194,197,203,204,205,207,208,81,83,84,85,260,220,165,96,263,187,212,230,223,104,233,106,231,236,237,242,275,119,248,121,124,253,247
80,260,268,272,283,265,264,81,83,84,86,87,89,90,91,93,96,98,99,102,107,274,110,112,113,114,116,119,121,122,125,133,134,135,136,143,144,154,156,282,159,160,161,163,167,168,171,180,182,184,185,188,189,190,288,195,198,199,200,201,202,206,208,211,213,216,217,221,223,228,229,276,239,240,241,245,250,251,252,255
81,257,267,268,274,276,277,278,260,287,288,83,84,86,89,92,96,97,102,111,112,115,116,118,130,136,138,140,141,143,145,146,148,149,281,152,154,158,160,161,170,174,176,177,178,181,182,184,189,196,202,205,207,209,217,221,222,223,224,225,231,232,233,234,240,244,246,248,254
82,256,259,262,257,268,269,273,279,283,285,286,288,265,224,83,85,86,87,88,90,91,96,97,106,115,116,117,123,125,134,140,142,143,145,147,150,159,160,161,162,163,165,171,173,183,189,190,193,194,197,200,204,205,206,207,211,212,213,215,220,221,222,263,233,237,239,242,243,248,249,254
83,129,131,133,134,265,209,139,141,256,179,145,259,278,151,154,159,160,289,156,170,171,173,223,285,287,267,191,193,200,168,227,86,88,89,216,93,165,96,208,226,187,229,103,232,105,231,112,113,114,275,244,169,248,121,122,281,253,126
84,256,130,131,133,263,279,140,175,274,147,269,185,280,155,150,261,288,289,162,156,171,177,180,236,187,268,190,210,214,87,278,250,221,94,95,96,97,226,227,100,229,231,108,111,157,204,246,276,122,191,125
85,262,267,270,272,278,260,282,284,286,87,95,96,97,103,108,109,111,112,115,117,122,123,128,131,134,143,148,281,152,153,154,160,168,172,181,187,191,197,198,199,201,203,206,216,217,218,225,227,232,233,234,235,236,237,240,245,246,252,264
86,261,266,267,271,274,277,280,287,257,264,284,96,97,102,106,108,109,110,112,116,124,126,129,130,131,278,136,138,140,145,147,148,149,151,159,283,169,172,174,182,185,195,196,199,200,201,205,212,217,218,220,221,227,230,232,233,235,237,239,241,243,249,254
87,263,269,274,259,284,285,289,268,88,271,92,93,96,104,116,118,126,282,138,139,143,146,148,151,152,155,157,159,164,165,176,180,181,182,184,287,189,192,193,196,197,199,200,201,204,205,208,211,215,218,223,224,225,227,228,231,235,239,240,241,242,245,251,253,254
88,129,130,259,132,133,262,135,273,258,145,275,269,150,152,260,157,160,281,165,166,241,210,171,257,176,179,286,184,186,187,202,267,249,198,289,201,207,90,95,96,97,98,229,230,232,106,109,110,113,242,243,246,247,121,122,124,253,126,263
89,256,258,262,265,273,278,288,91,92,94,100,101,102,103,106,108,110,113,118,119,123,124,126,127,131,277,133,135,140,145,152,154,161,163,164,166,168,186,187,191,192,193,197,198,199,201,203,206,207,210,211,224,226,228,230,232,235,238,239,243,244,245,248,250,252,255
90,257,263,266,276,284,261,92,96,101,259,105,106,109,111,113,117,118,121,129,134,139,140,147,155,157,163,164,166,172,174,175,178,182,183,287,190,191,279,288,194,195,196,198,200,203,207,210,212,214,215,216,217,227,228,234,236,237,238,239,241,246,247,248,249,250
91,236,261,258,131,136,138,139,143,276,149,150,279,283,265,165,210,176,181,266,194,267,197,198,268,205,248,274,284,249,207,92,221,229,96,97,101,103,233,106,231,108,109,112,115,246,119,120,121,122,234
92,257,263,266,267,268,270,273,274,260,283,94,96,103,106,107,108,112,117,118,119,121,123,125,126,131,132,140,141,143,144,148,149,154,155,156,162,165,177,186,187,190,200,203,206,207,214,215,217,218,221,231,234,236,238,239,241,244,247,250
93,256,201,261,262,135,267,130,143,144,145,208,252,149,278,152,154,157,287,288,263,174,177,183,184,185,187,191,279,205,282,186,96,97,98,99,100,230,102,105,106,107,108,109,111,240,161,189,123,124,255
94,257,265,267,268,258,271,273,275,276,277,281,286,287,288,262,266,269,96,105,106,108,109,116,119,121,122,127,129,260,140,146,147,149,152,153,154,157,283,284,171,173,179,180,181,186,193,197,210,214,215,218,231,232,234,235,237,239,241,242,246,250,253
95,128,129,259,140,256,239,152,283,157,161,155,168,176,136,178,179,181,182,201,190,191,202,206,210,227,203,185,220,221,222,97,99,101,273,104,188,236,274,111,241,242,244,247,248,122,124,253
96,262,269,277,279,280,282,283,275,268,97,99,102,109,110,111,115,116,117,120,276,135,137,138,141,143,146,147,148,151,152,154,155,156,158,161,162,166,170,178,180,182,184,191,194,197,198,199,200,208,213,219,223,224,225,227,228,233,236,241,243,253,254
97,130,131,263,264,172,128,140,142,259,238,151,184,240,170,273,175,177,268,209,221,188,192,224,246,198,199,201,205,207,271,211,218,216,272,227,100,230,145,270,252,277,110,111,112,113,114,117,189,120,121,255,124,143,127
98,256,271,276,277,279,282,283,284,288,269,270,99,103,259,106,108,104,115,118,120,125,127,135,140,141,143,144,148,152,158,166,167,175,176,177,179,180,183,186,189,191,196,203,206,207,208,210,212,216,219,220,221,222,263,225,233,235,236,241,248,252,255
99,256,264,270,274,275,277,278,279,282,289,287,272,104,113,119,120,122,128,131,133,134,135,136,138,139,143,286,148,150,155,156,160,161,164,165,166,167,284,170,171,172,173,285,176,177,178,181,186,187,188,190,197,204,205,206,208,209,211,212,213,215,217,225,227,229,233,235,242,244,245,247,249,254
100,256,257,261,268,259,276,280,258,270,102,103,109,117,119,125,126,128,129,133,139,140,143,146,147,148,150,152,159,283,168,170,173,177,187,190,288,194,197,198,199,200,205,207,210,212,214,216,223,224,225,226,228,231,233,235,239,248
101,265,269,259,282,286,261,289,266,272,104,108,117,118,119,123,125,130,131,136,138,139,144,153,158,164,166,168,170,172,174,176,181,183,287,188,189,190,193,197,200,201,202,205,206,208,210,213,215,216,219,222,232,237,240,242,243,244,250
102,257,265,271,274,278,284,266,270,256,259,110,112,113,115,120,121,122,124,126,128,130,131,133,134,140,142,144,280,286,152,154,159,167,169,171,178,181,182,186,192,196,199,201,202,206,209,210,218,223,224,229,230,231,240,242,244,245,246,250,253
103,261,262,268,270,272,278,265,285,286,289,269,104,105,106,107,274,110,117,118,119,120,123,124,127,128,129,131,133,260,135,141,146,148,150,151,154,157,162,165,168,170,171,172,175,176,178,182,184,188,190,192,196,197,200,201,209,211,212,215,218,222,223,224,225,226,229,232,233,238,240,244,245,281,254
104,263,265,266,139,270,272,274,147,269,252,153,132,155,156,285,286,160,166,227,145,174,284,176,178,243,181,183,267,279,288,195,198,275,202,226,209,214,216,250,152,221,233,234,107,236,281,239,229,113,115,235,122,124,126
105,256,257,130,131,134,138,267,145,275,148,149,279,152,285,158,133,160,161,164,163,170,159,136,180,222,244,193,262,197,289,249,203,206,207,210,214,186,176,286,220,211,226,232,252,234,236,115,116,120,121,123,124,253
106,257,259,271,273,282,286,107,112,113,114,119,122,124,127,128,129,130,134,136,140,142,143,147,148,149,150,152,154,155,156,160,166,170,171,174,176,177,179,187,188,192,197,200,201,206,207,208,209,213,216,217,220,221,225,226,229,235,236,237,239,241,242,244,245,248,250,252,253
107,268,270,274,259,276,277,278,279,284,285,289,266,275,269,111,112,113,258,116,118,123,129,131,134,135,136,137,139,141,143,147,148,149,151,156,159,161,162,165,167,170,173,174,175,179,181,185,189,190,192,200,203,206,207,213,215,219,223,233,234,237,238,239,243,246,248,249,250,252,254
108,256,260,261,266,267,268,270,280,281,263,272,110,117,118,121,127,129,277,136,139,140,144,147,148,153,154,164,168,170,171,174,177,178,188,190,191,192,194,195,196,197,204,208,214,217,219,221,224,226,231,237,242,245,246,249,251,253,255
109,256,258,262,267,269,142,143,222,145,276,149,151,280,154,156,248,289,160,161,162,163,165,241,284,172,271,185,190,279,199,200,202,205,206,208,209,212,164,223,225,231,252,235,236,281,110,255,112,113,242,285,120,121,123,124,127
110,265,271,273,274,277,279,280,113,118,120,127,129,133,134,136,142,143,145,149,150,152,154,156,158,159,167,171,172,173,176,177,179,180,181,182,183,184,287,191,195,196,197,198,203,204,207,212,214,216,218,220,222,232,235,236,237,242,248,250,251,254
111,256,259,260,262,271,276,283,287,263,257,268,269,274,112,119,122,124,127,128,132,134,138,280,147,148,149,151,152,154,156,159,163,164,167,285,176,183,186,187,189,192,288,202,204,207,210,212,224,234,235,241,247,281,253
112,260,265,280,261,272,285,114,115,116,118,120,130,133,136,137,138,139,142,145,147,150,152,157,158,163,167,168,284,175,177,181,186,287,195,198,200,201,202,206,208,210,211,217,218,222,224,225,227,232,235,236,238,239,241,243,249,252,253,254
113,131,260,133,135,136,172,139,237,144,216,147,234,151,265,167,174,175,225,181,188,288,194,267,161,200,201,205,222,215,257,218,223,228,229,273,236,280,168,114,275,116,246,119,120,148,217,170,126
114,261,265,268,270,273,278,280,286,288,274,117,120,121,124,126,128,130,134,136,137,139,142,143,145,146,150,281,152,158,260,162,163,165,166,187,191,192,195,205,207,212,215,219,221,222,224,230,231,232,233,241,244,245,248,251,253,254,255
115,256,135,136,139,194,273,146,269,150,151,132,282,155,286,261,162,134,168,263,185,287,189,198,193,195,203,204,207,289,262,220,222,229,209,240,237,173,232,246,119,120,121,122,252,253,254,247
116,192,134,135,137,141,144,173,151,153,154,283,284,285,160,240,262,166,171,172,175,136,183,188,191,182,288,163,220,221,131,236,210,177,239,235,245,148,250
117,257,266,273,275,277,282,289,268,267,118,122,128,132,133,136,139,141,143,144,146,158,159,160,163,164,167,171,173,180,181,185,186,187,189,191,288,194,195,196,197,199,200,201,203,206,207,208,210,218,220,225,227,231,233,235,237,239,241,247,248,249,250,252,253
118,256,265,266,270,273,275,276,281,258,119,120,122,123,124,126,128,129,132,136,279,142,145,147,149,155,158,161,162,168,169,176,179,286,182,185,190,194,197,198,204,209,211,219,220,222,227,228,229,232,238,240,242,245,247,250,251,254
119,256,257,266,267,269,271,272,279,282,263,283,270,276,123,125,131,136,139,140,144,146,149,150,154,155,156,161,163,165,168,171,174,175,182,185,186,188,190,193,200,204,205,226,227,233,237,241,242,254,255
120,131,132,179,264,265,138,267,273,143,145,274,277,238,280,156,161,165,177,170,176,178,158,266,187,189,192,194,227,246,198,183,205,163,142,214,217,221,286,166,232,234,236,250,123,254,213
121,256,260,275,276,281,282,265,258,269,123,128,130,131,132,278,137,144,145,146,149,150,156,157,163,167,170,173,174,181,186,287,190,191,288,204,205,206,215,218,220,224,228,232,233,242,244,248,255
122,282,134,135,136,265,138,273,175,144,152,146,281,132,154,155,156,286,163,227,169,193,171,176,189,253,180,192,181,246,199,201,288,222,280,218,220,272,231,233,238,232,264,250,251,125,126
123,253,256,131,133,135,264,130,239,282,145,146,277,280,154,155,157,286,289,219,164,243,261,138,220,262,200,141,208,193,212,185,218,207,223,224,259,236,238,189,147,250,251,170,254,213
124,263,268,277,287,289,265,126,127,129,130,132,133,138,141,142,147,149,152,154,155,158,161,166,167,169,172,173,175,183,190,191,194,195,197,199,202,205,206,207,210,214,216,219,223,232,236,239,241,246,251,252,253
125,129,130,133,265,144,273,275,148,150,153,155,154,160,164,179,158,182,201,192,194,197,199,203,204,226,206,215,169,219,250,208,227,233,234,236,140,262,247,126,213
126,256,258,262,264,266,270,276,280,282,285,288,271,127,277,134,137,138,144,145,146,147,154,158,162,283,164,166,168,284,171,178,192,194,289,204,207,208,213,214,215,220,221,224,228,230,232,235,241,244,245,246,248,251,252,253
127,257,258,260,262,264,265,268,256,272,276,282,285,286,274,266,267,269,128,129,130,132,135,141,142,143,146,151,156,157,158,163,165,166,169,172,173,180,181,184,186,192,194,196,197,199,201,203,207,209,217,218,219,220,223,228,229,238,245,246,254
128,263,266,267,280,285,288,129,130,132,136,152,153,157,159,160,162,163,164,165,167,170,173,186,188,190,194,197,198,289,200,201,202,210,212,215,216,217,219,222,223,224,229,236,256,245,250
129,256,257,258,261,267,273,277,280,282,284,286,289,264,266,133,137,143,144,145,156,159,160,278,163,166,171,172,175,177,182,185,188,192,288,194,195,199,203,207,208,209,212,218,219,223,224,225,229,230,241,243,252,253
130,257,260,268,269,289,264,265,131,136,138,139,143,145,147,150,158,161,165,272,171,176,178,179,180,183,186,287,189,190,197,208,211,212,219,220,223,224,226,234,237,238,240,242,243,244,247,248,252
131,256,261,257,265,267,269,282,284,263,266,144,148,156,157,159,162,164,172,285,178,180,184,189,193,195,198,201,203,204,209,211,212,216,217,218,221,226,237,238,239,245,250,251,254,255
132,267,273,276,286,287,288,266,133,135,136,137,279,140,141,144,145,146,148,150,152,154,155,163,164,168,172,173,285,176,179,183,185,186,189,190,193,194,198,199,200,207,218,221,280,226,233,289,250,253
133,272,275,276,277,281,286,261,264,266,267,268,136,141,145,146,148,154,156,158,159,162,163,165,167,284,170,172,173,176,182,187,190,194,196,197,198,199,205,208,210,213,219,226,227,228,230,232,233,235,241,242,243,252,253,254,255
134,257,135,265,266,140,141,142,271,205,148,277,150,279,201,239,285,287,162,166,284,263,174,221,270,180,183,273,203,198,199,275,202,206,209,215,267,217,207,186,226,231,254,248,251,281,170
135,258,257,268,272,278,264,269,146,147,153,160,161,261,168,170,172,173,176,177,179,182,187,188,190,192,194,198,201,204,205,206,210,214,217,222,224,226,227,231,236,240,241,244,251,252
136,256,260,261,267,272,274,276,279,283,137,140,143,144,146,147,149,152,153,154,155,158,161,163,164,169,174,181,185,192,193,195,197,203,204,205,206,208,210,220,221,232,242,243,244,245,246,247,248,253
137,262,265,140,143,144,286,278,153,283,157,158,176,164,169,170,171,173,183,191,288,182,198,289,200,204,162,206,207,184,264,216,217,220,222,228,275,239,243,246,247,252,149
138,201,277,261,262,139,141,144,273,286,281,280,153,265,159,160,197,163,174,178,183,184,189,181,267,182,140,205,269,208,278,218,229,225,263,236,191,241,243,244,245,264,249,253,255
139,257,262,258,272,273,277,278,279,280,287,268,142,144,145,150,152,154,155,161,162,166,168,169,171,175,185,187,190,194,197,201,202,203,206,212,214,215,216,217,218,223,225,231,235,237,241,248,253,254,255
140,263,269,271,259,285,288,264,275,282,143,148,149,150,153,156,157,159,169,173,176,181,184,185,186,187,190,193,196,199,201,209,210,214,216,218,223,230,233,234,235,236,240,246,248,250,251
141,149,235,162,172,268,273,259,276,282,260,154,288,164,168,169,263,174,157,270,182,183,266,255,213,218,221,272,227,229,230,232,277,239,242,246,247
142,261,257,268,287,219,269,270,263,277,278,144,146,150,281,155,156,161,164,165,174,176,177,178,180,182,183,184,186,193,196,198,199,200,203,204,209,210,211,212,213,215,224,239,241,246
143,256,272,273,274,283,288,266,267,268,144,281,157,159,162,163,167,168,169,172,173,176,182,183,185,186,194,196,198,199,201,203,207,208,210,213,216,219,220,221,225,226,229,231,232,236,238,250
144,243,179,268,145,274,149,156,161,164,165,284,185,188,189,193,228,158,256,183,254,206,214,249,216,217,219,224,227,232,235,289,238,147,262,255,213
145,256,260,259,258,216,248,188,171,150,280,155,163,262,221,169,170,257,175,187,151,266,245,249,197,198,206,208,215,230,209,254,211,190
146,258,260,265,215,288,148,149,151,282,254,284,157,286,161,172,173,182,183,267,187,188,190,181,203,197,198,200,224,207,210,214,216,250,218,221,226,251,242,178,235,238,253,240,285,252,234
147,263,265,258,277,286,287,288,264,268,275,269,161,167,168,174,183,185,192,193,194,196,199,201,203,208,211,213,219,220,223,224,229,230,234,236,239,242,248,251,253,255
148,267,269,259,281,286,263,274,280,153,158,160,161,163,167,168,169,173,175,180,188,190,195,289,209,211,212,213,216,217,219,221,222,224,225,230,232,234,236,239,240,243,245,246,264,250,254
149,261,262,264,267,268,272,279,281,284,285,288,258,269,270,276,259,151,153,154,156,157,160,161,162,163,168,170,171,271,178,180,181,183,184,185,189,190,195,196,198,199,202,206,207,208,210,211,221,238,242,244,246,251,252,254
150,256,257,259,260,261,267,258,270,278,281,283,285,269,151,153,157,158,163,166,178,180,183,196,198,200,202,206,209,213,219,222,231,233,237,239,240,242,246,247,249,254
151,256,162,268,258,271,282,276,153,154,155,157,167,174,201,186,188,189,192,196,235,168,204,206,209,213,218,219,220,187,228,248,234,236,238,242,190,246,241,250,251,281,253,254
152,267,268,273,275,280,288,154,161,162,283,167,171,172,173,179,182,184,185,186,188,196,198,200,206,212,217,222,223,226,229,230,234,239,240,241,243,244,246,251,252,255
153,259,262,256,272,273,283,240,162,168,171,174,178,180,188,196,198,199,202,208,212,185,217,221,223,225,228,230,234,189,229,232,242,243,247,270,252,264,255
154,260,263,273,286,289,265,268,160,161,162,283,284,170,171,173,176,177,183,189,190,191,279,197,199,206,208,209,212,214,222,225,231,234,240,243,245,248,249,281
155,263,265,268,270,272,275,277,287,289,159,164,165,166,173,174,175,176,179,181,183,189,191,192,193,262,196,207,209,210,213,214,220,226,227,228,231,232,235,236,238,246,250,254
156,258,260,262,266,277,280,286,275,157,158,160,166,170,172,173,174,176,179,183,189,190,192,193,196,197,199,200,201,207,210,213,218,219,223,224,226,228,236,237,238,239,241,242,244,245,250,252,253,254,255
157,262,267,272,277,260,282,286,288,263,158,160,161,164,169,170,171,174,178,183,184,287,191,198,203,209,213,217,218,223,224,228,233,237,239,240,244,246,248,250
158,264,265,267,273,280,260,268,276,279,281,159,160,163,168,172,174,180,181,182,184,185,187,189,192,193,197,199,204,209,214,215,216,221,222,223,224,226,227,230,231,232,236,239,240,242,245,250,254,255
159,262,271,272,273,274,260,286,263,265,266,267,269,270,164,165,170,171,285,176,181,184,185,190,194,195,200,203,204,206,207,209,212,213,216,217,221,223,228,238,240,243,245,252
160,260,261,262,258,271,281,184,288,164,163,166,227,170,173,174,177,191,195,196,197,256,204,187,205,212,215,218,233,221,230,253,242,275,200
161,261,267,269,259,276,282,284,286,265,273,274,285,278,280,163,170,175,182,187,188,198,199,201,206,207,214,216,217,227,234,236,237,241,242,248,254,255
162,258,261,272,277,165,170,175,178,180,286,182,183,287,189,192,209,212,213,214,215,218,219,220,221,223,225,227,228,232,233,243,247,248,249
163,264,267,276,279,281,288,272,165,166,168,171,172,176,177,180,181,184,189,190,198,201,202,203,204,205,207,208,211,214,215,219,221,229,230,231,233,236,238,243,251,253
164,257,266,269,276,277,280,284,287,265,268,271,273,259,278,167,170,171,172,173,174,180,186,189,192,196,199,205,208,282,214,215,217,222,225,228,232,233,237,247,252
165,256,259,261,262,266,258,280,281,286,287,268,276,282,168,172,174,175,177,179,183,187,189,190,192,193,196,199,205,206,211,212,214,216,217,220,221,226,227,229,231,233,235,237,238,240,241,245,250,251,252
166,258,260,261,265,268,269,272,279,287,271,274,277,284,184,186,188,189,192,193,194,195,197,199,201,203,208,212,214,218,224,225,226,229,234,239,242,251,255
167,243,192,269,280,273,287,241,168,169,257,174,175,176,177,179,180,249,188,215,181,245,200,202,205,207,209,211,212,214,219,222,230,232,275,237,242,235,251
168,256,236,268,271,282,169,172,174,175,176,177,273,287,188,198,194,267,275,201,241,204,212,215,218,263,227,230,239,244,245,276,250
169,260,287,214,193,171,172,178,183,186,288,192,195,196,197,198,203,204,205,269,209,212,206,246,271,250,222,223,225,226,227,233,235,200,244,245
170,257,264,266,272,287,276,277,171,172,183,184,185,189,192,288,194,198,200,202,203,204,209,215,219,222,223,224,227,230,232,233,237,240,242,243,248,250,252,254,255
171,261,270,272,278,279,280,286,259,275,268,174,285,287,182,183,185,186,190,192,193,198,199,201,206,209,211,217,218,219,222,223,234,236,238,242,243,245,251,254
172,260,264,276,280,267,175,176,177,178,179,183,184,187,190,192,194,196,198,208,210,211,219,221,224,225,230,232,233,234,238,239,241,245,248,249,251,254
173,261,279,269,202,289,227,284,178,179,180,244,245,196,235,211,268,187,208,214,217,186,263,273,252,277,237,253,246,247,183
174,256,259,272,276,280,282,288,175,176,179,180,183,184,188,189,190,194,199,208,218,219,220,222,223,227,233,234,235,289,239,243,249,250,253
175,256,262,263,266,268,270,280,286,267,269,259,274,277,281,176,177,180,181,186,279,193,194,196,199,200,202,203,205,288,216,218,220,226,229,232,241,242,245,248,252,255
176,260,257,267,268,258,273,276,279,282,283,287,288,179,182,190,195,196,203,206,207,210,215,217,218,219,224,226,234,235,240,251,252
177,256,258,264,195,248,231,240,220,179,236,185,244,189,193,285,199,183,204,205,271,211,270,203,215,218,219,223,224,229,230,209,259,233,225,239,221,245,247,251,254
178,256,230,196,262,264,236,267,275,279,280,261,289,281,209,283,185,190,181,200,258,206,288,208,211,213,215,216,217,219,225,229,234,235,246,250,191,252
179,267,278,280,281,285,286,261,259,282,181,183,185,287,192,195,197,198,199,202,205,209,214,216,217,220,225,226,233,235,239,240,243,245,249,254
180,256,265,266,258,272,273,188,284,261,255,222,197,198,226,190,214,218,207,250,208,187,276,225,236,237,275,191,253,254
181,262,264,270,271,272,274,276,277,279,283,265,281,261,286,182,183,184,196,199,206,207,215,221,226,228,229,236,239,244,245,246,247,249,251,255
182,256,258,267,270,271,272,259,278,260,287,279,285,183,185,186,190,192,193,205,218,222,224,225,230,235,236,242,243,250,251,252,253,254,255
183,259,262,263,271,282,266,268,274,186,187,188,192,193,194,202,203,205,207,210,215,220,226,227,233,236,239,240,247
184,257,261,193,264,272,259,276,282,284,285,287,209,186,187,288,194,225,241,205,269,213,214,217,218,220,227,230,232,233,231,240,238,245,246,250,252
185,235,261,258,270,281,285,257,243,187,189,190,191,195,196,197,269,267,217,280,224,251,230,231,232,238,239,248,249,250,264,255
186,256,266,269,270,276,285,268,188,189,190,192,198,199,200,205,207,208,214,223,263,226,228,239,240,242,244,250,252,253
187,256,257,259,260,262,265,281,286,288,289,264,271,274,270,287,190,191,192,279,197,198,199,203,205,206,209,218,219,222,223,224,226,233,241,243,245,246,247,248,250
188,258,263,264,270,271,273,259,277,278,287,267,275,276,283,193,196,199,202,206,207,209,210,211,214,216,219,221,222,223,224,225,231,233,234,240,244,247,252,253
189,256,259,264,268,272,263,267,280,286,191,192,197,198,201,202,203,209,210,211,214,216,222,224,225,227,228,230,231,232,236,237,238,242,244,250,253
190,261,262,265,268,272,275,277,278,288,264,269,287,282,285,200,201,205,209,210,214,221,224,225,229,230,233,238,241,255
191,263,264,267,280,275,269,284,287,236,265,244,245,249,202,226,210,219,220,218,225,227,228,234,235,274,247,250,213
192,260,262,263,268,274,284,286,261,279,287,288,201,205,210,216,217,219,221,225,226,234,235,242,244,247,248,250,251,253,254
193,258,260,256,271,273,274,269,270,276,286,287,197,200,201,209,210,211,213,221,223,224,226,227,232,235,237,238,239,240,241,244,254,246,249,264
194,257,260,262,264,268,269,271,273,274,282,283,280,196,197,198,199,200,204,209,219,227,230,231,233,239,241,244,246,248,249,250,252,253,254,255
195,260,214,269,273,285,203,245,196,197,202,204,206,288,210,211,213,216,220,222,223,224,208,231,238,244,250,277
196,257,236,272,215,286,289,219,259,209,201,283,200,203,271,281,221,229,232,252,235,237,240,243,244,246,249,255,247
197,257,263,265,267,269,273,277,282,284,288,264,272,198,199,202,203,212,220,225,227,228,233,239,241,246,249
198,257,268,271,280,283,286,287,289,284,273,277,270,206,207,210,212,214,220,221,223,224,227,232,234,236,239,241,242,244,252
199,258,259,262,267,268,276,280,266,283,200,208,274,212,214,215,216,218,219,222,223,225,227,228,236,238,239,240,243,249,255
200,269,270,271,275,277,279,260,282,287,281,283,201,204,211,221,225,227,229,230,231,236,242,246,249,253,254
201,258,265,279,283,287,289,202,205,207,208,209,212,217,219,222,224,229,238,242,243,244,246,247,250,252
202,259,261,257,269,272,273,279,262,263,283,285,278,281,284,206,209,210,212,213,214,217,218,219,221,231,235,238,239,248,249,255
203,256,257,266,268,271,272,281,282,289,262,283,278,279,204,205,210,212,214,221,222,223,224,227,228,229,233,234,236,238,240,244,247,250,252
204,271,215,280,282,264,266,227,211,249,206,267,217,219,221,224,263,212,269,230,231,241,242,254,252,276
205,257,258,268,270,276,277,278,279,262,265,260,207,214,215,216,218,219,225,226,228,230,232,236,239,240,243,244,245,251,252,253
206,258,259,260,263,266,268,270,273,277,281,282,284,288,289,264,211,217,221,222,224,228,229,230,231,233,238,239,240,245,247,249,250
207,258,274,277,279,281,283,284,261,263,259,208,209,211,212,220,223,224,233,237,238,240,241,242,243,246,247,253
208,257,259,261,264,273,270,272,275,285,211,216,217,218,221,222,226,234,236,237,244,245,249,253
209,261,273,277,289,210,278,218,223,263,275,236,240,254,283,249,250,255,276
210,256,267,272,273,287,289,262,266,281,284,214,216,220,221,223,226,231,234,235,237,238,241,242,243,246,254
211,257,258,259,288,271,277,278,279,283,285,286,281,284,287,289,212,214,217,218,229,232,239,244,247,249,250,251
212,260,214,263,239,289,258,255,215,224,269,243,250,254,247
213,256,259,257,282,279,268,277,289,261,263,258,248,237,221,222,226,228,233,236,238,239,241,242,243,285,276,255
214,264,267,270,273,276,277,280,281,283,289,263,269,275,279,262,215,216,222,224,226,228,229,232,237,238,240,241,243,245,246
215,257,268,271,278,279,285,260,274,249,241,227,270,289,223,233,239,229,243,254
216,266,269,277,281,282,237,261,241,226,272,285,267,221,222,227,273,275,244,268,248,249,254,276
217,258,260,261,265,270,273,276,278,262,220,221,222,223,228,231,232,235,236,237,243,245,247,248,255
218,259,262,263,267,277,278,285,275,284,288,289,220,227,231,237,243,247,251,281
219,256,258,262,272,281,265,268,270,283,277,285,222,225,226,227,229,230,235,236,238,243,244,246,247,249,253,254
220,256,230,277,268,238,278,286,243,284,245,249,250,251,228,229,223,232,235,247
221,256,265,268,274,285,283,269,270,280,275,278,289,222,224,231,232,236,241,243,246,248,251,252,255
222,257,259,273,269,275,277,281,282,280,286,225,226,229,234,238,241,242,243,247,248,251
223,262,268,276,285,288,274,275,283,224,238,244,246,248,253,254
224,257,260,258,273,275,282,288,269,284,229,230,235,236,245,246,253
225,258,262,265,266,267,271,272,273,274,276,283,284,261,288,275,280,227,230,232,233,237,239,240,241,242,244,248,249,252,255
226,257,264,265,278,280,282,284,285,262,289,288,230,231,236,238,240,241,245,246,255
227,256,259,266,272,278,269,228,230,236,238,241,245,247,248,252,264
228,256,257,259,260,263,266,267,269,273,278,279,287,277,280,286,284,262,234,237,238,239,240,241,243,247,248,250,252,255
229,259,265,267,270,286,288,243,241,283,246,271,240,250,263,254
230,263,266,279,286,287,268,231,283,242,237,240,243,245,247,250,253,277
231,257,278,236,282,274,276,281,287,288,242,259,266,271,232,233,246,283,251,253,264
232,258,257,273,278,282,265,267,269,271,284,233,235,237,240,241,243,244,248,251,253,254
233,256,258,261,263,265,273,274,277,287,289,272,286,234,235,237,238,239,243,244,248,253,255
234,256,257,262,263,265,266,239,285,283,241,264,253,258,243,244,245,268,250,254,247
235,263,266,275,280,283,285,268,276,288,236,239,242,246,251,254
236,260,261,266,271,276,267,268,237,246,251
237,256,260,262,266,269,272,274,276,278,284,285,286,243,248,249,250,253,254
238,257,262,265,288,282,285,279,263,272,244,245,281
239,256,257,260,271,282,283,263,269,273,275,281,285,241,242,248
240,260,271,275,277,283,261,270,278,268,267,245,254
241,256,257,258,259,263,268,270,274,275,278,280,261,262,271,285,287,279,245,247,249,251
242,258,261,264,265,273,275,279,284,286,288,262,263,257,278,243,247,253
243,261,259,271,273,280,281,285,268,269,275,283,244,248,250,251,255
244,264,275,281,283,284,273,268,272,278,288,246,248,249,252,254
245,265,269,278,279,280,282,283,285,286,262,256,271,252,255
246,260,261,258,270,272,273,279,284,286,289,269,274,283,249,251,252,255
247,256,259,262,267,270,277,279,280,282,287,265,289,284,273,281,264
248,256,260,263,267,271,279,284,286,275,283,253,254
249,256,260,280,289,265,266,268,259,251,253,254
250,256,270,274,276,278,260,265,288,264,271,272,251,254
251,259,272,280,284,266,271,274,254,253
252,257,258,260,265,266,268,269,270,275,277,263,264,262
253,259,261,262,266,268,280,282,264,276,287,254,255
254,256,274,281,286,272,276,285,287,289,280
255,257,259,261,264,271,273,279,287,262,266,268,277,288
256,263,269,271,273,281,287,259,280
257,278,266,271,282,277,279,286,262,274
258,269,272,280,281,283,277,285,286,264,262,267,278
259,260,267,269,270,276,280,281,284,286,289
260,261,264,269,272,277,280,282,273,276,286
261,282,283,284,264,268,277,276
262,264,271,277,279,281,282
263,265,266,268,276,280,283,284,288,279
264,281,282,283,284,289,265,277
265,266,267,269,272,277,282,284,285,286,275,268,276
266,271,273,274,275,284,285,268,269,281,282,289
267,273,279,281,284,289,275,276
268,273,270,286,288,283
269,272,282,287,275
270,277,272,273,276,289,278,283,274
271,274,276,282,285,288,289,286
272,274,278,282,283,284,285
273,279,280,281,282
274,278,277,285
275,279,278,282,284,277
276,277,279,280,288,284
277,281,282,283,284,288
278,281,283,284
279,280,283,284,285,287
280
281,284,286,289
282,287,284
283,284,285,289
284,285
285
286
287,288
288,289
289
