n_nodes:262
n_edges:14970
density:0.43783
0,257,2,3,6,8,11,13,18,19,20,21,22,24,25,28,29,34,39,44,45,48,51,56,57,59,60,62,258,65,70,71,73,74,75,76,77,83,87,89,90,92,93,94,95,96,104,105,106,107,108,109,111,112,114,115,116,118,119,122,123,125,131,132,134,135,138,141,147,149,150,151,152,155,156,157,159,163,164,167,168,169,173,174,180,181,182,187,189,190,191,192,194,195,196,197,202,205,206,207,208,215,218,222,227,229,235,240,243,249,250,251,252
1,256,3,4,5,6,7,8,9,10,16,17,18,20,21,23,26,261,33,35,37,42,48,50,54,55,56,61,62,66,71,73,74,75,77,78,79,80,83,88,89,94,95,96,97,98,100,108,109,112,118,121,122,125,126,128,136,137,138,142,143,146,152,154,155,161,163,165,168,170,171,172,173,174,175,179,181,183,185,191,199,201,203,207,209,216,217,218,219,225,227,228,229,245,247,250,251,252,253,254
2,257,258,3,260,261,6,8,9,10,12,15,17,18,20,23,24,28,29,30,33,34,36,37,38,40,41,43,44,45,49,53,55,57,58,64,65,66,67,68,73,74,75,80,81,82,83,84,87,88,89,90,92,93,94,95,97,98,103,105,106,107,108,110,111,113,117,119,122,123,130,132,135,137,138,140,142,147,150,152,153,154,161,166,168,174,175,177,180,182,184,185,186,187,188,191,192,193,195,196,197,198,199,203,204,205,206,207,208,209,210,211,212,215,217,219,220,221,225,228,229,232,234,236,237,238,244,245,248,249,251,253
3,259,260,261,8,12,13,256,15,18,19,20,21,22,24,27,28,29,31,32,34,37,39,40,41,47,48,50,53,55,59,61,64,70,71,73,74,75,77,79,82,85,86,87,88,91,95,96,101,102,105,107,109,115,117,124,130,132,133,139,146,147,148,149,150,155,156,162,164,165,167,169,171,172,173,174,178,180,186,188,189,193,194,197,198,202,204,206,214,215,223,226,227,228,229,230,231,232,234,235,236,243,246,247,250,251,255
4,256,5,7,17,19,21,24,26,28,32,34,35,40,41,44,46,48,49,50,52,54,55,56,57,59,63,64,69,70,71,73,75,77,85,87,92,94,95,96,97,100,102,104,105,106,108,109,116,117,118,120,122,123,124,130,131,135,136,138,148,150,152,153,154,155,157,166,167,173,175,176,178,179,180,182,183,185,187,189,190,195,197,198,201,202,203,205,210,211,216,217,218,220,221,225,226,227,228,229,232,233,236,238,241,243,246,249,251,255
5,256,258,259,7,10,11,12,13,14,18,19,21,26,31,34,36,39,41,44,47,48,49,52,54,55,57,58,59,61,64,68,70,71,72,73,75,76,78,79,83,88,89,90,92,95,96,97,98,106,107,109,111,115,117,120,121,123,124,131,132,139,144,145,156,159,162,165,169,171,172,176,177,178,180,182,186,188,190,193,195,197,199,200,201,202,205,207,208,210,211,221,224,226,229,230,233,234,235,237,238,242,243,246,251,253,254
6,260,7,12,13,256,16,21,22,24,25,28,33,34,36,37,39,40,41,42,257,46,49,53,57,58,61,62,65,70,71,72,75,77,78,82,84,85,86,87,89,90,91,94,96,97,103,104,105,106,108,111,113,117,119,122,127,128,129,133,134,138,139,140,141,142,147,148,149,150,152,153,154,156,159,162,166,176,177,178,182,185,186,187,188,189,190,193,194,195,199,200,202,203,204,206,207,209,211,212,213,215,216,217,218,219,220,221,226,227,228,229,232,233,235,236,241,242,243,244,245,246,252,255
7,8,10,13,14,16,18,20,22,23,25,26,27,28,31,32,33,34,39,40,42,46,47,49,50,261,55,57,61,62,65,66,70,71,75,79,80,91,92,95,98,99,101,105,106,112,114,116,119,120,121,122,125,128,131,133,138,139,142,143,144,145,146,148,149,151,152,153,156,161,163,164,166,167,169,173,174,176,178,179,183,187,192,194,196,197,200,206,207,209,210,212,214,215,218,222,223,224,227,228,232,233,235,236,237,238,240,244,247,249,250,251
8,260,261,9,10,12,13,17,20,21,22,25,26,27,33,34,37,38,40,41,42,43,44,47,50,52,54,55,56,58,59,60,62,63,65,66,67,68,69,70,71,73,258,75,77,78,84,92,94,95,104,105,107,108,115,116,117,118,120,121,123,125,126,127,129,132,133,135,137,138,139,140,141,142,143,144,145,146,147,148,149,153,156,157,158,161,163,170,172,174,176,177,181,182,183,184,186,187,188,189,194,196,200,204,207,208,210,213,214,216,217,222,223,225,227,230,232,236,238,240,241,243,245,247,250,251,254,255
9,256,259,10,258,18,21,22,23,25,26,28,31,34,35,36,38,39,41,42,43,45,46,48,49,50,53,54,55,57,59,61,62,63,65,66,67,68,72,75,76,78,79,80,81,82,83,84,86,88,89,90,92,93,100,103,104,105,108,112,113,114,120,126,127,128,129,133,134,135,138,140,143,145,147,149,152,153,154,155,156,157,159,160,161,165,176,177,180,181,183,184,187,188,190,192,195,197,203,204,205,206,207,209,212,215,217,218,222,228,234,236,239,240,241,242,243,246,247,250
10,15,16,19,22,25,27,28,31,32,37,38,39,41,42,44,46,49,51,53,54,55,60,61,62,71,72,73,74,77,80,82,83,85,88,89,93,94,95,96,98,101,102,103,109,110,112,114,118,119,123,124,130,140,141,142,144,147,150,152,153,154,157,159,160,162,163,172,174,175,178,179,181,182,183,186,187,189,190,193,198,201,205,207,211,214,216,217,219,220,221,223,224,226,231,233,234,235,238,240,241,242,245,247,251,255
11,257,15,16,21,23,26,30,34,35,36,37,38,39,41,44,46,48,49,50,51,53,54,56,57,64,65,66,67,68,71,80,85,87,92,94,95,99,100,102,103,108,111,113,115,116,120,122,123,124,126,129,131,134,135,137,138,142,144,145,147,148,149,150,151,152,155,157,159,161,163,169,170,174,175,176,179,182,184,186,187,192,193,194,195,196,199,200,201,203,206,208,211,212,228,231,235,237,238,239,241,243,245,247,248,250,251,252,253,254
12,260,16,18,19,22,24,25,26,36,37,38,48,49,50,52,53,54,55,56,57,59,60,62,63,64,65,68,69,70,71,75,78,79,81,84,86,88,91,94,97,101,259,107,108,109,110,111,112,116,119,120,121,126,128,138,144,145,148,153,154,156,157,158,160,161,162,163,171,172,176,178,180,181,185,190,195,197,198,202,203,204,206,209,210,212,218,220,221,224,226,227,228,230,237,239,243,246,249,251,252,255
13,257,258,260,261,14,16,18,19,20,23,25,28,29,31,32,33,35,37,38,39,40,41,43,44,48,50,53,54,58,60,63,66,67,68,70,73,75,78,85,86,87,88,89,90,94,95,100,103,104,105,107,109,112,113,115,120,123,125,126,129,131,132,135,136,137,138,139,140,141,142,154,155,156,157,163,164,166,169,171,172,176,177,182,183,184,185,191,192,195,201,202,203,208,211,219,222,225,226,227,230,231,233,235,236,238,239,245,248,249,250,253,254
14,257,17,19,21,26,27,28,29,31,34,35,36,38,39,46,55,58,60,61,63,64,67,68,69,71,72,74,77,84,85,86,88,91,93,99,102,105,107,112,113,119,120,121,122,123,127,130,131,132,137,138,141,142,144,145,150,154,155,156,157,160,161,163,165,168,169,170,174,175,176,179,180,183,188,189,191,192,193,195,196,197,199,201,203,204,205,207,210,212,216,218,219,223,224,225,226,227,231,233,234,235,238,242,243,246,250,251
15,257,261,259,16,17,18,19,21,22,23,29,30,33,36,40,41,42,46,47,49,50,54,56,58,59,62,63,71,72,74,77,83,84,85,86,89,90,93,95,97,100,101,102,104,105,106,113,114,116,118,119,120,125,143,145,146,148,149,151,156,159,161,165,167,168,170,171,174,175,180,183,184,187,190,191,195,198,204,206,209,210,213,214,215,217,220,221,222,224,225,227,228,230,233,236,239,240,242,243,245,246,252,253,254,255
16,258,261,18,19,20,21,22,23,29,30,31,33,37,40,44,46,48,52,53,54,56,59,60,61,64,65,66,70,73,74,80,81,82,84,86,88,92,95,99,101,102,109,114,122,123,124,127,129,132,133,134,138,141,143,144,147,151,153,156,158,159,161,162,164,167,168,169,170,171,173,174,175,177,181,183,190,193,196,198,199,200,201,203,204,205,210,211,212,213,214,216,217,219,222,227,228,229,232,234,236,242,244,245,246,251,254
17,20,22,26,29,32,34,36,37,40,43,44,48,49,52,55,57,59,61,62,66,67,71,72,74,76,86,87,89,90,92,93,95,96,98,100,102,104,105,107,108,112,114,116,118,121,122,124,125,127,133,135,137,141,142,145,147,149,155,156,157,159,167,168,169,174,176,177,178,179,183,185,186,187,191,194,196,200,201,203,204,205,216,218,220,221,222,226,227,228,229,230,233,235,236,238,240,242,243,244,245,246,249,250,251,253
18,260,19,20,21,22,23,28,261,32,35,36,37,38,41,42,43,257,45,46,52,53,54,56,57,58,59,60,61,62,64,65,67,68,69,70,71,72,74,75,76,77,79,81,83,85,89,93,94,95,96,99,103,104,107,108,111,112,115,118,120,121,125,127,128,129,133,134,136,137,139,141,145,146,147,148,151,153,158,159,160,164,165,166,169,170,176,179,180,182,184,186,188,192,195,204,205,210,213,215,218,219,220,222,224,225,228,229,235,236,237,240,242,253,254,255
19,257,260,26,27,30,31,34,38,39,41,44,48,49,50,53,54,57,61,62,63,64,66,68,70,72,74,77,80,82,83,84,85,86,88,89,90,91,93,95,99,100,101,102,104,106,107,111,119,121,126,127,133,138,139,141,147,148,149,150,153,154,155,157,158,159,161,163,261,165,166,168,169,172,173,176,183,185,186,187,188,190,192,194,198,199,201,202,206,207,214,215,219,222,227,232,233,234,235,239,240,241,242,247,250
20,21,26,31,32,35,38,39,40,42,43,48,52,53,54,58,59,60,66,68,72,73,258,75,81,82,83,84,92,93,94,95,96,97,100,102,103,106,110,114,116,119,120,121,123,124,125,128,129,133,135,142,143,145,146,147,148,149,150,152,154,155,156,160,163,164,166,167,169,171,173,175,176,177,179,181,186,188,190,192,195,198,201,207,208,212,213,215,217,218,221,225,227,229,232,235,236,237,238,239,240,241,243,245,246,247,248,250,254
21,23,25,33,35,36,39,40,41,42,43,45,46,47,49,50,55,57,61,65,66,68,69,71,73,74,79,86,91,93,95,96,103,105,106,107,111,112,113,114,115,116,119,120,121,122,125,127,133,260,136,138,139,140,141,148,149,153,159,162,163,165,167,168,169,175,176,177,178,179,180,182,184,186,188,190,191,192,193,195,199,200,202,206,207,210,212,213,217,219,220,222,226,227,229,230,232,233,235,236,238,239,240,244,245,249,250,251,252,254
22,256,258,261,259,25,27,30,32,37,38,39,41,42,46,50,56,57,58,59,60,61,65,66,67,70,71,73,77,78,79,80,83,84,88,90,92,93,95,96,97,100,102,103,104,106,108,109,112,114,120,123,125,126,128,130,131,132,135,142,143,144,147,149,150,152,154,155,158,159,160,162,165,166,167,168,175,177,180,181,186,189,190,195,200,201,207,210,215,217,222,224,225,228,230,231,237,240,245,248,249,252,253,254,255
23,256,261,24,25,28,29,34,36,39,40,257,45,49,51,53,55,56,57,59,60,62,63,66,68,71,72,77,78,80,81,82,85,86,91,96,98,101,102,107,110,112,118,119,121,122,126,128,130,132,134,135,136,139,140,143,145,147,148,150,151,152,155,156,158,159,160,161,162,163,168,169,171,174,176,177,179,185,186,187,189,190,193,195,196,198,200,201,205,207,209,213,215,216,223,225,226,227,228,229,231,235,236,238,239,241,245,249,250,252
24,257,258,25,26,31,37,38,39,40,50,52,54,55,56,60,66,70,71,73,75,77,78,79,86,93,95,98,99,100,101,103,104,105,108,109,110,116,117,119,120,121,122,123,124,125,127,129,130,131,132,260,135,137,140,149,153,154,155,157,160,162,166,168,170,171,172,173,177,179,180,187,189,191,194,195,197,200,201,204,207,208,210,215,216,218,219,222,224,229,230,232,233,236,237,240,245,247,248,252,255
25,256,258,261,26,30,32,36,39,42,45,47,49,51,54,55,56,60,63,65,66,68,69,75,76,79,83,88,94,95,100,101,102,106,109,114,118,119,121,122,127,128,137,139,142,143,146,148,151,153,154,159,160,163,164,165,167,170,177,178,180,185,188,190,191,193,194,195,201,202,206,209,210,212,213,214,215,217,219,221,224,225,229,230,234,235,236,238,239,240,241,242,244,248,249,251,252,254,255
26,258,261,27,28,29,30,31,34,37,39,42,43,44,47,53,58,59,61,62,63,64,66,67,74,77,78,80,81,82,84,86,87,90,91,93,94,101,104,105,111,113,116,121,122,123,125,129,130,131,132,133,135,137,139,140,141,142,143,144,145,149,157,159,162,163,164,168,171,172,173,174,175,176,177,180,181,184,185,190,194,195,196,199,200,202,203,205,206,211,213,215,216,217,219,220,221,223,228,229,231,233,234,237,238,240,241,242,243,246,248,250,251,254
27,256,258,260,259,28,31,32,34,41,43,48,52,53,54,57,58,61,62,64,65,67,71,73,74,78,79,81,82,87,88,91,93,97,98,99,100,102,104,105,109,110,114,115,117,118,122,125,131,132,134,135,136,138,140,142,143,144,146,148,151,152,156,157,162,163,164,165,167,169,170,171,176,177,178,180,183,187,190,192,193,198,199,200,203,204,205,206,208,209,211,213,214,216,220,223,225,229,232,233,235,236,239,240,242,244,249,251,253,255
28,257,31,32,33,34,36,37,38,40,42,45,46,47,48,50,52,55,56,58,63,258,67,68,69,71,72,74,76,82,84,85,87,91,92,94,103,108,110,113,115,116,117,120,121,123,125,127,131,133,135,139,142,144,145,146,148,150,154,157,162,167,168,170,171,175,177,181,182,185,186,189,192,193,195,196,198,203,204,206,208,209,212,219,221,222,224,226,228,232,233,236,239,241,242,245,247,250,252,253,254,255
29,256,257,30,34,37,38,42,43,45,47,51,56,57,58,62,64,65,68,74,75,76,77,78,81,87,91,95,97,98,99,102,105,106,107,109,111,113,114,258,117,118,119,120,123,125,126,127,129,130,135,136,137,138,145,149,150,154,155,156,157,158,159,160,163,165,167,168,169,170,173,176,177,178,184,187,188,189,190,191,193,195,196,198,199,202,205,211,212,213,217,218,220,221,225,226,237,240,245,246,249,251,254,255
30,257,36,38,41,42,44,45,48,49,51,54,56,57,58,59,61,62,63,64,65,66,67,69,71,72,73,76,77,78,79,81,82,87,90,97,98,99,101,102,103,104,105,111,112,115,117,118,119,121,122,124,126,129,131,134,135,137,139,140,141,142,143,145,146,147,148,149,151,157,158,162,163,164,166,169,170,172,178,179,180,188,191,192,195,196,198,199,200,201,202,206,208,209,210,212,215,217,224,226,227,228,229,231,235,237,239,241,242,243,246,249,255
31,257,33,34,40,42,45,46,50,55,56,57,59,61,62,64,66,71,72,74,76,77,78,80,81,82,86,89,92,94,95,97,101,104,106,112,113,114,115,116,117,120,121,126,127,129,136,137,138,143,144,145,146,148,149,150,151,152,153,154,155,160,161,162,166,173,174,177,182,186,187,191,194,196,197,198,200,201,203,205,206,207,210,211,214,216,218,219,221,222,224,227,229,259,232,233,234,235,236,237,239,241,242,244,245,246,247,254
32,258,261,33,37,38,40,41,43,44,45,46,49,50,52,54,55,56,58,59,60,62,63,71,72,73,75,76,77,78,79,80,81,82,83,84,85,86,87,88,89,93,95,96,97,101,103,104,107,108,109,110,112,113,114,115,116,118,120,121,122,123,128,129,131,132,133,260,135,139,141,143,145,146,152,155,157,159,161,162,166,168,169,172,174,175,178,179,183,184,191,194,196,197,199,201,203,204,205,206,209,210,215,220,222,223,227,228,229,230,232,233,234,237,238,242,249,251,254
33,259,261,34,35,37,40,43,45,47,49,52,57,60,61,64,66,68,70,72,73,77,78,80,81,84,85,87,88,91,92,93,94,98,100,102,104,105,106,108,110,114,115,116,117,124,125,126,128,131,132,133,134,135,138,139,142,147,148,154,158,161,164,165,167,168,171,173,177,178,180,182,183,186,187,189,190,193,195,197,199,207,209,211,212,213,216,218,221,222,223,228,230,231,234,235,236,237,238,240,244,245,246,247,249,250,251,252
34,256,36,37,39,43,44,45,46,49,51,54,56,59,61,63,65,68,71,74,78,81,83,84,86,88,90,91,92,93,94,102,259,109,111,112,116,117,121,122,124,125,127,128,129,132,134,135,142,144,145,146,147,148,152,154,156,158,161,162,167,169,172,173,174,175,179,181,183,185,187,190,191,194,195,197,200,206,211,212,221,222,225,226,230,234,239,240,243,244,247,248,249,254
35,259,257,260,37,38,42,48,51,54,55,56,59,61,63,64,65,66,71,72,73,78,80,81,83,85,91,92,95,97,101,102,105,106,109,112,113,114,120,122,125,128,132,133,135,136,138,140,144,148,151,152,156,158,160,162,164,166,168,173,175,176,177,179,180,184,186,190,191,192,200,202,204,205,209,211,217,218,219,220,225,227,229,238,239,244,245,248,250,251,255
36,256,260,258,37,38,43,44,46,47,49,56,57,61,63,64,65,67,71,73,74,80,83,89,93,95,97,99,100,104,113,115,122,123,126,127,128,129,133,134,136,137,138,139,142,143,150,152,153,154,155,156,160,161,163,165,167,168,176,177,179,180,185,190,192,194,199,205,206,207,209,212,214,218,219,223,226,227,229,235,236,238,239,242,248,249,250,252
37,259,38,39,40,41,42,43,45,47,48,49,50,51,52,53,54,55,56,58,62,64,67,69,73,74,76,83,87,88,91,93,95,96,97,100,102,103,105,106,108,111,112,258,116,117,120,121,122,123,125,127,129,130,131,132,134,135,137,139,141,143,144,148,149,157,159,161,162,166,167,168,170,171,172,176,178,179,182,184,186,187,188,189,190,192,194,197,199,201,204,205,206,207,209,211,212,215,218,219,224,230,232,235,236,237,238,239,243,244,245,251,254,255
38,257,260,39,42,45,46,49,52,55,56,58,60,63,68,69,70,73,74,76,79,85,92,95,98,99,103,109,110,111,112,114,115,116,117,118,119,125,127,128,130,132,136,137,138,143,145,150,151,155,156,161,163,165,166,169,172,173,174,176,177,179,181,185,188,190,191,192,194,195,197,199,200,201,204,206,207,210,211,213,215,216,217,218,220,221,224,226,227,229,230,232,233,234,239,243,246,250,253,255
39,258,40,43,44,47,50,56,59,61,63,67,68,73,75,78,80,82,85,87,90,94,96,98,104,109,110,111,113,117,124,125,126,127,132,134,136,140,141,142,143,144,145,146,147,149,151,153,155,157,159,161,162,163,166,170,175,176,178,179,184,190,192,196,199,202,204,209,210,211,212,216,219,224,225,228,231,233,236,237,240,241,244,245,247,249,253
40,261,259,260,41,42,43,45,48,52,54,55,62,63,65,66,68,72,258,75,78,79,88,91,92,94,96,99,100,103,104,108,109,110,111,112,113,114,115,119,122,123,125,127,130,132,135,137,139,144,147,150,153,154,155,156,158,163,164,165,166,171,173,174,175,176,178,179,183,184,187,188,189,191,192,194,195,197,198,199,200,201,206,214,220,221,223,225,228,229,230,231,234,239,247,250,251,254
41,256,257,260,261,48,49,50,52,56,58,59,61,63,70,72,258,77,79,81,83,84,85,86,87,89,94,95,97,101,102,108,109,110,111,113,115,117,121,125,126,127,128,129,134,136,137,138,140,145,153,155,157,158,162,163,165,169,174,175,177,178,179,181,183,184,185,186,187,189,191,196,199,201,202,205,207,208,210,211,214,218,220,223,225,226,229,230,232,233,238,242,248,249,250,252,253,255
42,258,259,260,44,47,50,51,55,56,57,58,59,64,65,69,70,71,72,74,76,78,81,85,87,91,94,95,99,100,102,104,106,108,110,112,113,114,116,118,119,122,123,124,125,128,131,132,133,134,135,137,141,145,146,156,159,162,164,167,168,169,177,180,181,184,188,190,191,194,196,198,199,200,201,205,208,218,222,224,231,234,235,237,238,242,243,246,247,248,251,253,255
43,260,261,47,49,53,55,57,60,61,63,66,67,68,70,75,77,78,79,80,81,84,86,90,92,93,95,99,102,103,104,105,108,111,112,115,117,118,120,126,127,128,129,131,133,135,136,138,140,145,146,148,150,151,153,155,157,158,164,165,169,174,177,178,180,181,182,187,189,193,195,197,202,205,206,209,215,218,220,226,229,232,233,234,235,236,241,246,247,248,251
44,261,46,47,49,50,52,53,55,56,57,59,61,62,63,67,68,70,72,74,75,76,77,79,80,81,86,88,89,90,91,92,98,100,102,103,104,110,111,112,113,114,258,116,117,118,120,122,123,125,128,136,137,142,144,145,146,147,148,149,150,153,155,157,160,162,163,164,167,170,171,173,176,178,184,185,186,188,189,190,192,193,194,195,196,198,201,202,203,204,207,208,209,213,214,215,216,217,219,220,222,224,225,226,231,234,235,241,242,243,248,250,253
45,259,261,258,49,51,53,55,56,60,61,62,64,66,68,70,71,77,78,79,80,82,83,87,89,90,91,92,95,96,98,99,100,101,102,108,109,110,111,113,114,116,118,126,128,131,133,134,145,151,152,154,155,156,157,161,163,166,168,169,171,172,176,177,180,181,183,184,186,189,193,194,197,199,201,202,203,207,208,210,212,213,214,217,218,224,226,228,230,231,233,234,235,236,239,240,242,243,245,248,251,254
46,256,261,49,51,52,54,61,62,66,67,70,72,74,75,81,83,86,88,89,92,94,97,100,102,106,109,110,112,113,114,116,119,125,135,137,138,142,143,144,145,147,148,149,150,152,154,163,164,165,171,172,173,176,180,181,184,186,192,195,196,197,198,200,208,209,213,215,216,219,220,223,225,229,230,232,236,237,238,241,246,251,254
47,259,261,49,50,51,54,56,59,62,63,67,69,70,77,80,81,82,84,86,91,92,93,94,95,100,102,107,111,112,113,114,115,117,121,125,126,127,129,132,133,136,137,138,142,143,144,146,153,154,155,157,158,162,167,169,175,181,184,185,187,189,190,191,193,196,198,199,206,208,211,212,213,219,224,226,227,229,232,234,235,240,241,242,245,246,249,253,255
48,256,50,51,54,57,58,59,60,62,64,68,70,71,72,73,74,75,78,85,87,91,92,94,99,100,101,102,103,110,111,113,116,117,119,123,125,129,131,132,133,134,137,139,143,145,148,149,153,156,157,161,167,168,171,174,175,176,179,181,182,186,187,188,192,193,194,195,196,198,201,202,203,204,205,208,210,211,213,214,216,217,220,221,223,225,226,229,231,239,240,241,244,247,251,253,255
49,258,50,56,62,64,67,68,69,72,73,74,75,77,79,85,87,89,91,92,97,98,100,101,104,107,108,109,111,112,114,115,117,118,122,123,124,125,128,129,130,132,133,134,135,136,139,140,141,143,144,145,147,150,151,153,154,155,156,260,160,163,164,165,166,167,169,172,175,177,178,179,180,182,183,184,188,191,192,194,202,203,206,212,214,218,220,226,227,228,230,231,232,233,234,239,242,243,244,248,250,254,255
50,256,257,51,53,54,55,57,60,62,63,65,69,75,80,82,85,88,89,93,95,96,107,108,118,120,121,122,123,124,127,128,132,134,135,136,137,139,140,141,149,152,153,154,155,157,160,163,164,167,169,170,171,173,179,181,182,184,185,187,188,192,198,200,202,203,204,205,206,209,213,218,219,220,221,222,223,224,228,231,233,234,235,236,238,240,244,246,248,250,253,254,255
51,256,52,56,58,59,60,63,66,67,68,69,70,72,73,78,83,84,85,87,88,89,91,94,97,98,101,102,104,105,107,113,116,117,125,127,128,130,132,133,135,137,139,143,145,146,153,155,158,159,160,163,165,166,170,179,180,182,184,187,188,189,190,192,193,197,198,200,201,203,204,206,207,209,212,213,214,216,218,220,222,223,227,228,229,230,232,236,237,239,241,247,249,250,252,254
52,257,54,56,57,58,59,60,66,68,69,71,74,78,79,81,83,85,93,94,98,101,102,103,105,107,109,111,112,113,114,115,117,122,123,124,130,134,135,136,138,139,142,145,146,147,149,153,154,156,158,159,160,164,165,166,170,171,175,177,179,181,185,186,187,189,194,195,196,197,198,199,201,202,203,204,209,211,213,218,219,222,224,225,226,228,229,232,235,238,242,244,246,247,250,251,252
53,256,55,58,59,62,63,65,67,68,70,71,73,78,85,86,88,89,90,91,92,93,94,95,97,98,99,102,104,105,107,108,110,111,115,116,117,118,120,121,124,125,127,128,131,134,137,142,143,144,146,149,154,155,166,169,170,172,178,180,181,182,185,187,188,189,192,193,195,196,200,201,202,204,205,207,209,212,216,219,224,226,228,230,231,232,240,243,244,245,247,249,250,252
54,256,258,259,257,55,61,62,66,68,69,70,75,77,78,79,80,81,82,83,85,88,89,90,91,92,94,95,97,98,100,103,106,110,116,117,122,126,128,129,130,132,133,138,139,140,142,143,146,147,148,149,151,152,153,154,155,156,161,162,163,171,172,173,186,188,190,193,194,196,197,200,201,202,203,205,207,210,212,217,220,226,228,229,230,233,241,243,244,245,251,255
55,259,58,59,62,65,66,72,75,76,77,78,79,80,81,82,83,87,88,89,95,100,101,105,109,110,113,117,119,121,124,126,135,137,141,142,143,145,146,147,148,149,156,157,158,159,163,165,169,171,172,177,178,179,182,183,184,191,194,195,196,199,200,201,203,209,213,218,221,223,226,227,228,234,236,243,244,247,248,250,253,254
56,258,261,257,59,64,65,67,68,71,74,76,78,79,84,85,90,91,93,95,98,99,101,102,108,110,112,114,115,119,120,121,122,123,124,126,127,130,132,133,137,138,140,142,144,145,148,153,155,161,163,166,168,172,175,176,177,181,185,187,190,191,192,193,194,201,203,206,214,218,221,222,227,231,234,235,236,241,242,246,247,250,251,252,253,255
57,258,260,58,59,60,63,66,69,70,71,74,75,76,79,82,83,88,89,92,94,97,103,106,107,110,112,116,117,119,121,124,125,128,136,138,139,143,144,147,148,149,151,153,155,157,158,161,164,166,167,168,169,171,172,174,175,177,179,180,182,184,185,191,193,194,197,199,203,209,212,213,217,221,225,227,231,234,235,237,242,243,245,248,249
58,257,260,261,60,61,62,63,64,66,67,68,70,72,74,75,76,78,81,83,86,91,95,97,98,99,100,105,106,107,109,110,111,112,113,114,258,116,117,119,125,129,130,131,132,134,137,139,150,151,152,157,160,161,163,167,168,171,172,173,174,177,181,184,185,186,188,189,191,192,194,201,203,207,217,218,222,224,226,227,228,229,234,238,241,242,244,245,247,248,249,251
59,256,257,62,64,71,74,75,78,79,85,88,90,92,94,95,100,102,104,111,116,117,118,120,123,124,125,127,131,133,134,135,136,137,139,144,146,147,148,149,150,151,152,153,155,159,161,163,167,169,171,172,173,177,178,181,183,184,187,193,194,197,202,203,206,208,209,214,215,216,217,219,224,226,229,230,231,232,233,235,236,237,242,244,245,246,248,249
60,258,259,261,65,70,71,73,74,75,76,77,79,80,83,84,88,91,93,94,96,98,101,107,110,111,115,116,117,118,120,121,122,124,127,129,130,132,133,134,137,139,142,150,151,152,154,156,159,161,163,169,170,176,178,179,180,182,184,189,191,192,195,199,200,201,202,207,208,210,211,212,215,225,228,231,234,235,237,238,240,242,243,245,246,248,249,251,252
61,258,260,261,65,66,68,71,72,73,74,75,79,83,92,94,97,100,101,103,259,106,108,109,110,113,115,116,119,121,126,127,128,129,134,135,138,139,140,141,143,144,146,147,148,150,151,152,155,161,164,169,173,174,176,179,183,185,186,191,193,197,200,201,202,203,204,205,207,209,210,215,217,257,233,235,236,237,238,248
62,258,260,63,67,69,71,72,78,85,87,88,89,91,95,97,99,100,103,104,105,107,112,113,117,118,122,126,129,131,132,135,137,138,139,140,145,147,148,152,153,155,157,158,159,160,161,162,166,169,174,175,176,177,178,179,180,182,183,186,187,192,194,197,199,206,210,213,214,217,219,220,222,223,224,225,226,227,231,233,234,237,238,239,241,242,243,247,248,250,251,252,253
63,256,259,64,66,69,71,73,74,75,77,79,81,84,86,87,88,90,92,93,97,101,106,107,108,109,110,115,116,117,119,120,121,122,124,125,126,128,129,131,132,133,134,136,137,138,143,144,148,152,154,155,156,157,158,260,160,161,162,163,164,166,168,169,170,171,173,174,176,177,179,184,186,187,189,195,198,199,205,206,208,210,216,217,218,219,223,227,228,229,231,234,235,238,239,244,246,252,254,255
64,257,258,67,68,69,71,72,75,77,81,86,87,88,89,92,96,99,102,103,107,108,109,111,112,114,118,120,122,123,129,131,135,137,141,142,143,145,148,150,151,153,154,158,159,163,164,168,169,170,171,172,173,174,176,177,178,181,182,183,185,186,187,189,190,191,195,196,198,202,204,205,209,210,213,219,221,225,226,227,231,233,238,239,240,247,248,249,250,251,252,253,254
65,256,261,257,67,70,71,73,74,75,80,83,84,85,86,87,89,90,97,99,101,103,110,114,119,120,125,129,132,135,136,138,139,141,143,144,146,149,153,156,163,167,172,173,176,178,181,182,184,185,187,190,193,198,200,202,204,209,210,215,217,219,222,224,225,230,233,234,236,237,241,243,245,247,248,249,251,253,254
66,256,259,67,69,71,72,74,75,78,79,80,82,83,86,87,88,91,92,94,95,97,98,100,102,104,105,110,116,119,123,124,128,129,130,135,136,138,140,145,147,148,151,160,162,163,165,168,169,171,179,181,182,188,192,196,198,203,207,209,210,211,212,213,214,215,219,224,226,227,229,230,231,232,233,235,237,239,240,243,244,245,247,253,255
67,256,257,259,261,69,70,79,83,85,90,92,94,95,96,100,101,102,106,110,115,116,118,120,121,122,123,124,125,128,132,133,137,140,141,142,144,149,151,152,153,156,161,162,163,164,165,169,170,174,176,179,180,181,182,183,186,188,191,197,198,201,202,204,206,208,210,211,215,217,218,219,221,224,225,231,233,238,239,240,241,243,248,251,253
68,256,259,261,74,75,76,77,79,83,90,91,92,94,96,97,99,100,103,105,107,112,113,117,118,119,121,123,124,127,130,131,134,135,136,140,142,146,152,154,156,157,158,161,164,165,166,169,172,173,175,176,177,178,179,180,181,182,183,189,190,192,193,197,198,201,206,208,212,213,215,216,219,220,221,222,223,226,229,230,231,232,234,235,238,239,244,247,249,251,252
69,257,258,259,76,77,79,82,91,92,93,94,97,98,100,103,104,105,106,107,111,113,114,116,117,118,119,121,125,132,133,134,135,137,139,140,141,143,144,147,149,150,151,155,260,160,161,163,164,165,169,172,175,176,178,179,181,185,186,189,191,195,197,203,205,206,207,209,210,211,219,220,221,224,226,228,230,231,233,235,236,237,248,250,252,253,254,255
70,260,71,72,73,76,78,79,80,81,82,83,85,86,87,88,89,92,93,106,112,115,116,118,120,122,124,127,128,130,131,135,137,138,140,143,144,150,151,153,157,158,164,166,170,174,175,177,179,181,183,184,186,189,191,192,195,196,197,204,211,214,217,219,220,221,225,226,230,231,238,245,246,248,249,251,252,253,255
71,260,257,73,75,80,81,82,84,85,90,91,92,93,94,95,97,98,106,107,108,111,113,116,117,122,123,125,128,129,131,132,133,135,136,137,138,139,141,144,145,146,147,149,152,154,159,161,163,164,174,176,180,182,183,185,186,187,190,199,200,201,202,205,207,208,209,212,214,215,218,221,223,226,228,231,233,235,237,238,240,241,246,249,250,251,252,255
72,256,259,261,77,78,80,85,88,92,94,97,99,100,101,102,103,105,108,109,111,112,115,117,118,119,123,127,128,130,131,132,133,135,136,138,141,144,146,153,154,162,164,165,166,168,170,171,173,178,179,182,187,191,192,197,199,201,202,203,208,209,213,217,221,222,224,227,233,234,237,238,240,242,244,246,248,250,251,253,254
73,257,256,261,258,76,77,80,81,84,85,86,87,88,91,92,94,98,100,103,104,107,108,110,111,112,115,117,124,126,127,128,129,130,135,137,139,142,143,146,148,150,153,154,158,161,162,165,166,167,175,176,183,187,189,191,192,194,195,197,198,199,201,203,207,208,209,211,213,214,215,216,218,219,222,223,224,227,228,230,231,234,236,239,241,243,244,245,247,251,253,255
74,261,256,80,82,84,89,90,92,97,98,99,100,103,259,106,113,117,120,121,122,127,128,129,138,140,144,147,148,149,150,152,157,158,159,160,164,168,169,171,172,173,174,178,179,184,187,188,192,194,195,197,198,199,200,202,203,205,208,209,212,213,214,215,216,217,220,224,226,228,231,233,238,240,245,248,252,255
75,259,76,79,80,83,87,95,96,97,98,100,101,102,105,106,107,109,114,115,116,117,122,123,126,133,134,135,136,138,139,141,143,147,151,152,154,157,161,163,164,168,170,174,176,178,179,180,183,186,189,192,197,199,203,204,206,207,208,211,212,213,216,218,257,225,226,228,230,233,236,248,250,255
76,257,258,78,84,86,88,90,95,100,105,107,108,109,110,111,125,128,129,132,133,135,136,137,138,140,141,145,146,148,149,150,151,153,154,155,157,158,161,261,168,169,170,174,175,176,177,179,180,181,182,185,188,197,199,201,207,209,210,212,215,217,218,221,222,229,235,238,239,240,244,247,251
77,258,261,79,80,82,83,84,87,88,90,95,99,101,259,105,109,111,112,113,116,121,122,123,124,127,129,130,131,134,137,139,144,146,148,149,153,155,158,161,162,166,168,170,171,174,179,182,184,185,186,190,191,192,193,195,199,200,201,203,206,209,213,218,221,223,224,225,226,227,228,230,231,234,235,242,243,245,246,248,249,251,252,253,254,255
78,256,259,80,81,84,87,88,89,91,93,94,95,98,101,108,109,112,113,115,116,118,122,123,124,125,127,130,131,135,136,139,140,142,143,147,150,153,154,155,156,162,164,166,170,172,174,177,178,179,181,182,184,185,189,190,194,196,197,200,203,206,210,214,215,219,224,227,229,231,233,239,240,241,244,249,252,253,254,255
79,256,258,259,261,80,81,83,85,87,88,89,93,98,99,101,102,103,104,106,107,110,111,115,116,117,119,124,126,129,131,134,136,140,141,143,146,149,154,155,156,157,162,165,169,170,171,172,174,177,178,181,182,184,189,192,193,194,195,196,202,206,207,215,216,221,222,224,227,229,232,233,234,235,241,242,244,248,249,252,253
80,256,259,258,85,87,89,90,92,94,95,97,100,101,105,106,108,110,112,115,118,119,121,122,125,126,128,131,136,137,138,141,142,145,146,152,158,162,164,165,167,169,170,173,176,178,180,181,183,184,188,189,190,191,192,193,194,197,201,204,209,210,213,216,217,219,225,227,229,230,234,235,236,237,240,241,243,245,246,247,249,250,251
81,259,261,84,85,88,90,91,92,98,99,101,104,105,106,107,109,113,117,120,121,124,125,126,128,132,133,135,136,137,138,140,147,148,149,150,152,155,156,157,158,161,162,163,164,165,168,170,171,175,176,178,179,182,185,186,187,188,189,190,191,192,193,198,199,200,203,204,207,208,211,213,218,219,222,223,224,225,226,227,229,231,233,234,237,238,239,241,248,249,250,252,253,255
82,257,261,83,87,89,90,91,93,95,96,98,100,101,104,105,106,107,109,110,111,112,113,115,119,121,126,128,129,130,131,132,134,135,140,141,142,143,145,148,152,155,156,158,160,164,170,171,172,177,179,181,183,184,185,187,188,191,192,195,199,201,202,203,204,205,206,208,209,219,220,221,222,225,226,230,231,232,233,234,238,241,244,249,250,253
83,258,84,88,89,90,103,104,105,107,109,111,112,113,116,117,119,122,123,126,128,130,132,133,134,136,140,142,145,148,160,162,164,165,166,175,176,177,180,181,184,185,187,190,191,195,197,202,206,208,209,210,215,217,218,219,220,222,223,226,228,230,233,238,240,245,250,251,253
84,257,261,88,91,94,95,96,100,101,105,106,107,111,112,114,116,122,123,124,125,126,128,129,131,132,137,143,144,145,146,151,152,161,162,166,167,170,171,181,183,184,189,192,193,196,200,202,205,206,208,209,210,212,216,217,218,219,224,225,227,230,232,236,237,239,242,246,250,251,253,254,255
85,256,257,258,87,95,96,97,98,99,100,101,103,104,109,110,111,114,116,120,123,124,127,129,131,133,136,139,141,145,147,148,150,153,154,160,162,165,169,171,172,173,174,175,177,178,181,184,185,187,190,191,192,194,195,196,202,203,205,206,209,210,211,213,214,215,216,217,218,219,220,222,223,224,225,226,230,233,238,239,243,247,253,254
86,257,258,88,92,94,95,96,97,107,108,110,112,115,117,118,119,120,122,123,126,129,130,132,134,135,137,138,139,142,143,147,152,156,157,161,162,168,169,174,178,179,186,187,188,190,194,195,198,200,202,203,207,209,210,211,212,213,214,216,221,222,227,229,230,234,236,237,238,241,242,243,245,246,247,251,252,253,254,255
87,257,261,260,258,89,90,93,94,96,99,100,102,105,109,112,113,114,115,118,120,121,124,125,130,133,136,139,144,147,148,149,150,152,154,155,159,161,165,167,169,170,176,177,178,179,181,182,183,187,189,190,191,193,194,196,197,200,201,203,205,208,209,210,214,215,220,221,224,232,239,241,245,254,255
88,260,257,93,97,103,259,108,109,110,113,118,120,121,122,125,126,129,130,132,134,137,138,139,140,141,146,147,149,152,154,155,160,163,166,167,170,171,172,177,181,182,183,184,185,188,192,194,197,199,201,202,205,210,211,215,216,223,224,225,226,227,229,234,236,240,242,243,244,245,246,247,249,251
89,260,256,92,94,96,99,100,101,106,107,108,109,110,111,112,114,258,117,118,120,121,123,124,126,127,128,129,130,133,136,137,139,140,144,145,149,150,152,154,157,158,161,163,261,165,166,168,171,172,174,180,181,182,183,184,185,186,187,188,193,195,196,199,200,203,214,218,219,224,225,232,239,240,244,245,248,254,255
90,260,261,258,94,95,96,97,100,101,105,106,108,109,112,113,114,115,117,121,124,125,126,127,128,129,130,134,136,137,138,139,140,144,145,147,149,152,154,156,157,158,160,166,167,170,172,174,180,183,186,188,191,193,194,198,205,206,208,209,212,213,217,219,221,223,225,226,234,235,237,238,242,248,251,253
91,258,260,96,97,105,106,108,110,111,112,114,119,121,123,126,128,130,131,133,135,138,142,145,147,152,154,155,156,158,160,162,163,164,165,172,174,175,178,179,181,182,184,185,186,187,189,190,193,194,198,199,201,204,205,207,208,211,214,215,219,224,227,228,231,234,236,241,242,244,246,247,249,253,254,255
92,256,259,95,96,97,98,100,102,104,106,107,109,114,118,122,123,126,129,132,135,136,138,141,142,143,144,152,156,157,160,161,162,164,165,168,169,170,172,173,179,181,187,189,191,193,197,199,200,201,204,207,212,214,215,217,223,225,226,227,228,231,235,237,239,240,241,242,243,244,245,249,254
93,260,258,94,96,98,101,103,106,108,109,110,111,112,117,119,128,130,136,138,139,142,143,145,148,150,153,154,156,161,165,167,170,174,176,177,179,186,187,189,191,193,196,198,199,201,203,208,210,211,212,213,218,219,223,224,227,229,233,234,236,238,239,240,241,243,246,247,253,254,255
94,259,95,101,102,111,113,119,121,122,123,125,126,128,130,131,132,134,135,136,138,139,140,142,144,145,147,149,151,152,153,157,260,160,161,163,165,166,168,170,171,173,176,177,179,180,181,182,183,186,189,194,197,198,199,209,212,215,217,218,220,222,223,225,229,234,235,237,239,240,241,243,245,247,248,251,252,253,254
95,256,98,99,101,102,105,106,108,109,110,113,115,116,120,121,122,124,126,128,129,131,137,139,145,147,149,150,151,153,156,158,164,165,166,172,173,178,181,183,187,188,190,192,193,198,201,205,206,207,208,210,213,214,217,221,222,223,225,226,228,230,233,234,236,238,241,247,248,252
96,256,259,260,261,97,98,101,105,108,109,114,115,120,124,125,127,128,129,132,133,135,141,143,144,145,148,151,154,155,156,158,160,162,163,165,169,171,172,174,175,176,178,181,184,189,190,193,194,198,199,200,201,206,210,214,217,221,226,227,228,229,231,232,234,235,236,237,239,241,242,243,244,246,247,250,252,253,255
97,256,258,105,106,110,111,112,114,117,119,121,122,123,126,127,132,134,143,144,147,148,152,153,154,155,157,158,162,163,164,168,172,176,177,179,181,183,185,188,189,191,194,197,198,200,201,202,209,212,213,217,219,220,221,222,223,230,233,238,240,241,242,244,245,246,247,252,253,255
98,258,101,104,108,110,112,114,117,118,120,121,123,124,127,130,131,135,137,138,139,141,145,146,148,149,150,152,154,155,156,157,160,161,162,163,165,166,167,168,170,176,181,182,184,187,191,194,195,196,200,203,206,207,208,214,216,219,257,223,224,227,228,230,231,237,240,243,247,251,253,254,255
99,257,258,259,261,101,102,103,104,107,108,109,110,112,115,118,120,121,122,123,124,125,127,129,131,135,136,137,138,140,143,144,145,146,148,150,156,157,159,163,165,169,171,172,173,174,176,178,181,184,185,186,187,192,194,195,196,198,202,208,209,212,213,216,219,223,224,227,232,233,240,241,243,244,245,248,249,251,255
100,258,105,106,110,111,118,119,123,128,129,130,132,133,134,135,136,137,141,143,144,148,149,153,158,260,167,169,174,177,178,181,182,185,186,188,189,190,197,198,199,201,203,205,206,208,209,212,219,220,223,227,228,233,234,235,236,237,242,244,245,248,249,253
101,256,258,103,259,105,108,110,111,112,114,117,123,124,127,128,131,132,133,135,136,137,139,141,142,144,147,148,151,157,161,162,163,165,166,172,174,175,180,181,182,183,185,186,187,188,189,190,192,195,196,202,203,206,207,209,211,215,216,217,218,219,220,226,227,230,231,233,234,236,237,238,243,244,245,248,253
102,257,259,103,104,110,111,114,115,117,118,119,120,123,126,128,129,131,132,134,135,138,139,140,141,143,146,147,149,151,155,260,161,162,165,166,167,169,170,171,172,173,176,177,179,181,182,183,185,189,190,191,192,193,195,196,200,202,203,205,207,211,215,216,217,220,225,226,227,231,233,235,238,241,243,247,249,250,252,253,254,255
103,257,259,260,261,108,113,114,258,119,120,125,126,127,129,131,134,135,136,138,139,145,146,152,153,154,156,158,159,160,162,165,169,170,171,173,176,177,178,180,181,182,183,184,186,187,190,196,198,200,205,208,209,212,214,215,217,218,219,220,227,228,229,230,232,234,237,239,240,243,246,249,250,251,252,253,255
104,256,258,261,260,105,107,108,110,111,112,115,118,121,122,123,126,128,129,131,132,135,137,139,142,143,145,146,148,149,150,151,153,159,162,163,166,167,171,173,174,175,177,179,180,182,183,184,190,191,195,200,203,205,207,209,213,214,215,217,218,223,227,229,232,234,235,237,239,244,246,247,248,251,255
105,256,261,259,258,108,109,113,114,115,116,117,120,123,127,129,132,139,140,142,143,147,150,156,158,159,162,168,169,170,171,172,173,174,176,177,178,181,184,187,192,195,196,199,200,201,204,206,207,213,218,220,222,226,227,230,231,238,239,240,241,243,246,247,248,251,252,255
106,257,258,261,111,112,113,114,116,118,120,123,124,129,130,131,132,133,134,138,140,141,145,146,147,150,151,152,153,154,157,158,159,163,164,165,169,170,171,172,173,176,177,178,184,187,192,194,196,198,200,201,203,205,206,207,208,209,210,212,215,216,221,222,224,228,231,236,240,241,243,244,245,246,247,248,250,251,255
107,256,257,261,258,109,112,114,119,120,122,125,127,130,131,132,133,139,144,147,148,149,150,151,152,154,155,156,158,161,162,164,165,169,171,173,175,181,183,184,185,187,188,190,191,192,196,197,200,202,203,207,208,209,210,211,215,219,220,222,225,228,229,231,232,235,237,239,241,242,246,247,248,254
108,261,257,256,260,109,110,111,112,113,117,118,119,120,122,124,125,126,133,134,135,136,146,147,148,149,153,154,155,157,159,160,162,164,168,169,170,172,178,180,181,184,185,187,189,190,191,193,194,195,196,197,198,202,203,204,205,206,207,208,210,215,218,219,223,226,228,234,235,236,237,238,240,242,243,245,247,249,250,255
109,258,257,256,110,111,112,114,115,117,120,121,122,127,134,140,143,144,151,153,155,156,157,158,260,161,164,167,168,169,170,172,174,178,179,184,186,189,202,203,205,207,212,213,215,218,220,223,225,228,230,232,236,238,240,245,246,247,248,250,252,255
110,261,258,111,114,116,121,125,127,135,143,146,148,150,151,152,154,155,156,157,161,162,165,167,169,172,175,177,178,179,182,185,187,188,191,193,195,197,199,200,204,205,206,207,208,209,211,212,216,217,219,220,225,226,227,228,229,232,233,234,235,240,241,242,243,244,245,246,249,251,252,254,255
111,260,258,113,116,117,120,127,130,131,134,135,138,139,140,143,144,145,147,148,154,158,159,160,161,162,164,165,168,172,173,174,176,181,182,183,184,186,187,191,194,196,199,202,206,208,209,210,211,212,214,215,218,219,221,223,224,225,226,230,234,241,242,243,245,247,249,252,255
112,259,260,261,256,116,119,120,122,130,131,134,138,140,141,144,146,150,153,154,155,158,162,163,167,168,172,173,175,177,178,179,187,188,193,194,196,198,203,206,207,208,211,212,214,215,217,221,223,224,226,227,229,234,235,236,239,241,242,243,244,245,247,249,251,252,253,255
113,256,257,259,260,261,114,115,119,120,122,125,128,129,130,133,136,137,140,146,149,153,154,157,161,163,164,165,166,171,172,175,178,180,183,186,188,193,195,196,197,201,205,206,210,215,216,217,219,222,225,227,229,230,235,236,239,240,243,244,246,247,252,254
114,259,119,123,124,125,129,130,131,137,138,140,142,143,145,148,149,152,153,155,156,157,162,164,172,174,177,178,179,181,184,187,188,189,191,192,194,195,197,201,202,203,207,208,211,212,213,214,216,217,218,221,223,231,232,233,234,236,238,241,246,247,249,251,253,254
115,256,258,257,259,116,118,120,123,124,128,130,134,135,136,138,142,145,146,147,150,151,152,154,156,159,160,161,163,165,167,172,173,174,179,182,183,186,188,190,192,195,196,197,199,203,206,209,212,215,217,220,221,226,228,231,233,247,251,252,253,254,255
116,256,261,118,120,125,128,129,130,131,132,133,134,135,139,140,141,143,149,151,154,159,160,161,162,166,168,173,175,176,178,183,184,187,199,205,206,207,209,211,212,219,220,223,224,226,227,231,232,233,242,244,245,249,253
117,256,257,260,120,121,122,126,128,129,130,131,135,136,138,140,141,142,144,148,150,152,156,261,165,169,172,173,174,176,177,178,184,188,189,190,191,192,197,208,210,212,214,215,216,219,220,221,224,225,227,230,234,235,237,239,244,246,247,248,249,251,254,255
118,258,261,257,256,119,120,121,122,124,125,126,127,131,260,135,138,139,140,141,146,147,148,151,153,156,164,167,168,169,172,175,176,179,189,194,197,198,201,202,203,207,208,212,213,217,226,229,231,233,235,238,240,241,242,244,245,251,252
119,256,260,257,125,126,127,129,130,133,135,136,138,139,141,147,148,157,161,162,164,170,171,172,173,174,175,176,179,180,184,186,187,189,190,192,193,195,196,197,198,202,203,207,208,215,216,220,221,223,226,227,229,230,231,232,233,238,245,247,251,255
120,257,258,259,261,124,127,128,129,133,134,135,136,137,138,140,141,142,144,145,147,148,150,152,153,154,156,157,162,164,170,171,172,173,175,177,178,179,185,186,188,191,196,198,201,202,204,207,208,210,212,222,223,224,230,233,234,238,239,242,243,245,247,248,249,251,254
121,260,257,122,123,126,127,130,131,133,134,138,141,142,144,147,150,156,157,160,170,171,175,177,178,181,182,183,184,186,191,192,197,200,201,202,204,207,208,209,214,221,224,226,228,229,232,233,235,236,237,238,239,243,244,246,247,250,251,254,255
122,261,256,124,125,127,128,130,133,134,135,143,144,145,146,148,150,151,153,154,156,157,161,162,164,165,168,169,170,171,172,176,179,181,183,185,190,193,195,196,197,199,202,203,206,209,215,217,219,220,222,223,226,231,233,234,237,238,239,241,244,245,247,248,249,250,252,253,254
123,257,259,261,128,129,135,137,138,140,144,149,153,154,156,157,158,164,165,172,173,174,176,182,183,185,188,190,191,194,196,197,200,202,206,207,208,211,214,215,218,221,222,225,226,235,237,239,240,241,243,247,250,251,255
124,257,125,129,131,132,134,136,141,142,143,144,145,146,147,150,151,153,155,157,158,162,164,165,166,174,176,180,182,185,186,187,188,191,192,193,197,199,200,202,203,204,205,206,208,211,215,218,219,220,222,226,227,228,229,231,232,234,237,241,242,243,245,249,252,255
125,259,261,257,128,129,130,131,135,136,137,142,143,146,149,150,151,152,154,158,161,163,164,169,171,172,174,176,177,178,180,182,185,188,194,195,196,198,201,202,204,208,213,214,216,217,220,221,223,224,225,226,227,233,243,246,248,249,250,255
126,258,259,261,128,129,133,135,138,139,140,144,145,146,149,152,153,155,158,159,160,163,167,168,171,173,174,176,179,180,185,190,194,196,204,206,208,212,215,220,221,222,224,225,226,227,232,233,235,236,240,242,243,245,246,248,249,251,252,253
127,256,257,259,129,130,132,133,135,138,144,149,152,157,158,160,162,164,167,168,170,173,175,176,178,182,183,187,192,193,194,197,199,202,203,204,206,207,208,210,211,217,220,222,223,228,229,231,232,237,239,241,242,245,247,249,250,252,253,254,255
128,256,260,261,129,134,138,140,141,143,144,152,157,160,161,163,166,167,168,170,171,172,173,176,179,185,188,192,195,196,197,198,199,200,202,205,206,207,209,211,215,219,220,221,225,229,233,234,236,237,240,245,247,249,251
129,257,258,259,260,131,135,138,139,140,143,145,157,158,159,161,163,164,168,170,175,176,179,182,186,187,191,193,198,201,208,209,215,216,222,226,227,229,231,232,237,239,240,242,244,249,250,251,252,253
130,256,132,133,135,136,138,141,142,144,148,150,151,154,155,157,159,161,163,168,170,173,175,176,179,188,192,195,196,197,198,199,202,205,207,208,209,211,213,219,223,224,226,229,230,231,235,237,239,242,244,245,251,253
131,261,134,138,140,141,142,144,147,149,150,151,152,153,154,155,157,159,160,162,164,165,167,170,173,178,183,184,185,186,189,190,191,193,196,197,199,201,203,206,207,211,212,217,223,224,226,229,230,232,233,243,244,246,250,253
132,257,261,258,136,137,138,139,141,144,145,147,150,151,154,157,159,160,162,164,171,173,175,176,177,178,184,185,188,189,192,193,199,204,205,208,212,213,214,215,217,219,220,221,223,225,229,230,231,232,233,235,238,239,242,243,246,250,252,253
133,257,260,135,136,138,141,143,144,147,149,150,156,159,161,162,164,165,168,172,173,174,177,178,179,181,182,184,186,188,189,190,200,202,205,209,212,214,218,219,220,223,228,229,231,233,237,244,245,247,251,255
134,258,259,260,261,136,139,146,149,153,154,157,158,162,164,166,169,177,178,179,180,181,182,184,187,189,199,200,204,205,206,209,210,212,216,218,221,226,230,234,237,240,242,243,249,250,251,254
135,256,261,257,137,138,140,141,142,143,146,148,149,151,154,158,161,164,165,167,168,171,173,175,178,188,189,193,197,199,200,201,208,209,210,213,217,219,221,222,223,224,226,228,230,232,235,236,242,243,249,250,251,254,255
136,256,141,142,143,147,148,154,160,162,163,165,167,168,169,174,175,176,179,185,188,189,191,192,193,194,196,199,205,206,207,211,213,214,219,221,224,225,227,229,230,232,233,236,237,238,239,240,241,243,244,247,251,253
137,261,257,258,138,139,141,142,143,144,145,147,151,153,156,157,159,160,161,163,164,165,167,171,175,177,178,179,181,183,185,186,187,191,194,199,200,202,205,207,210,214,215,216,217,220,222,224,227,229,233,234,243,244,245,248,254
138,259,260,257,256,139,140,144,146,148,159,160,165,167,171,174,176,177,179,181,188,189,192,195,197,198,200,201,203,204,206,208,214,215,216,220,223,224,228,229,230,232,234,237,238,239,242,243,246,248,254
139,256,259,144,147,148,149,150,151,156,159,160,161,162,163,166,167,168,170,176,177,178,179,180,181,182,183,186,187,189,190,191,192,196,197,204,205,206,207,210,214,217,219,220,223,225,227,228,231,232,235,236,239,240,242,244,248,249,250,251,253,254
140,256,260,143,147,148,154,155,156,159,160,161,164,168,171,172,179,180,182,184,186,187,188,189,191,192,194,196,198,200,202,203,204,205,206,207,208,209,210,211,212,214,217,223,226,227,228,229,230,231,232,233,239,241,244,247,251,252
141,257,259,260,144,145,146,150,152,153,157,158,159,161,162,163,164,165,169,170,171,173,174,176,177,178,183,184,187,188,193,194,203,206,215,216,218,219,223,226,227,231,232,233,236,239,243,246,248,251,253
142,259,150,151,152,156,157,159,162,163,165,166,167,172,174,175,176,177,179,180,185,191,192,193,194,196,198,202,206,208,210,211,213,216,218,220,221,222,227,228,233,234,235,236,237,240,242,244,247,248,254,255
143,256,259,145,149,150,151,152,153,155,157,161,169,171,172,173,174,175,179,180,181,182,183,186,189,190,191,192,195,197,200,201,202,204,205,206,207,208,211,212,213,214,215,216,221,226,227,228,232,234,235,236,242,243,244,245,249,255
144,256,259,261,147,151,152,156,159,161,164,166,169,176,177,181,182,183,186,188,192,195,197,199,201,202,203,205,206,207,220,221,226,231,234,235,237,239,240,242,247,248,253,254,255
145,257,259,149,150,151,152,154,156,158,159,162,163,167,170,171,172,173,175,178,179,182,183,185,187,189,202,203,205,209,212,213,214,217,219,220,222,229,230,231,232,234,236,237,239,241,244,246,249,253,254
146,256,258,259,148,149,151,153,156,157,162,164,166,168,172,174,177,178,179,180,184,188,192,193,196,197,200,201,203,204,206,207,210,211,219,221,222,225,227,228,230,231,232,234,235,237,239,244,246,248,251
147,260,261,148,152,153,154,161,164,166,168,169,170,171,176,178,184,186,188,190,191,192,194,195,197,198,200,201,202,203,204,205,209,210,211,215,216,217,218,219,220,221,222,230,231,232,240,247,250,251,252,253,255
148,258,151,153,154,163,168,171,172,174,175,180,183,195,197,198,202,206,207,213,214,215,217,218,223,224,225,226,227,228,230,232,241,247,253,255
149,257,260,261,152,158,160,161,164,165,166,169,170,171,174,177,179,180,181,182,186,188,190,191,195,196,197,200,202,204,214,216,219,229,230,259,232,235,237,241,244,248,250,251,254
150,257,258,151,152,153,156,158,159,162,164,169,171,184,185,188,189,190,191,192,195,196,199,200,203,206,207,209,210,211,212,213,214,217,220,221,223,225,229,232,235,236,243,245,248,251
151,258,260,261,153,155,159,162,163,164,167,168,169,170,172,173,174,177,181,183,188,190,192,194,195,196,199,200,203,205,207,209,211,212,215,218,219,220,221,228,231,232,238,240,245,246,247,250,251,253,254
152,259,258,153,154,158,159,162,166,167,171,176,179,182,183,184,186,187,190,192,194,195,199,201,204,207,211,212,219,220,221,223,227,228,231,232,236,237,238,242,243,245,247,250,254
153,257,259,261,258,156,157,158,159,160,166,168,170,172,173,175,176,178,179,180,182,183,184,186,191,192,195,197,199,201,202,203,204,205,207,211,214,215,216,217,218,223,224,227,229,235,239,241,243,246,247,248,249,252,253,254
154,261,260,155,156,157,159,160,163,166,167,170,172,173,174,175,176,177,178,180,182,184,189,193,199,201,203,209,215,216,217,219,223,226,237,238,239,240,242,244,246,252,254
155,256,156,158,159,163,165,166,168,169,171,172,173,176,184,187,188,190,191,193,194,195,199,206,208,209,210,211,214,215,216,218,219,220,222,225,226,231,233,243,245,246,249,251,252
156,256,260,257,157,160,163,165,166,170,172,173,174,176,178,179,182,183,188,189,199,200,204,210,213,214,215,222,223,224,226,229,230,232,234,236,238,243,244,245,246,248,249,251,252,253,254,255
157,258,260,160,163,164,166,167,171,174,175,176,177,178,179,180,187,188,190,193,194,195,196,198,199,200,203,206,210,211,214,215,216,217,221,222,224,226,229,231,232,233,234,236,237,242,248,252
158,256,261,159,161,163,170,173,175,176,180,181,183,184,188,190,191,192,193,194,197,200,201,202,205,206,212,213,216,217,219,221,223,227,228,232,233,236,238,239,241,244,245,247,249,253,254,255
159,257,259,261,161,167,170,174,178,184,186,189,202,208,209,210,211,215,216,217,220,222,223,224,228,230,231,233,235,236,240,241,242,244,245,247,249,253,255
160,258,259,261,161,163,164,165,171,173,176,177,180,181,182,186,188,192,196,198,200,203,205,209,211,219,221,223,225,227,230,231,233,239,240,243,244,245,246,248,249,253,254
161,258,162,163,168,173,174,175,176,177,180,181,184,185,187,189,193,194,199,200,201,203,207,208,213,214,215,217,223,226,227,229,231,232,236,237,238,242,243,244,247,248,250,253,254
162,258,261,164,165,170,171,173,178,179,180,181,185,187,189,191,192,196,197,202,205,206,208,216,217,218,221,222,225,227,228,234,235,236,243,245,247,248,250,252,253,255
163,258,261,257,165,166,167,168,170,172,174,175,179,182,195,196,198,202,203,204,206,208,209,210,212,214,215,216,217,218,220,221,222,224,225,231,237,240,243,244,245,248,252,253,254,255
164,256,258,260,261,259,165,168,169,170,171,173,176,179,180,185,186,187,188,191,194,197,199,201,205,207,210,213,214,215,217,224,226,227,229,234,235,236,238,240,243,249,250,252,254,255
165,256,258,260,257,259,167,169,170,173,175,178,180,183,184,187,189,193,196,198,200,201,203,210,213,214,215,216,217,226,231,232,233,234,236,238,240,242,243,244,246,247,249,250,251
166,256,261,168,169,171,173,177,178,179,181,182,186,189,194,196,197,198,201,204,205,207,208,210,211,212,213,217,218,221,223,224,226,227,230,233,234,235,237,242,243,251,253
167,261,169,175,176,178,182,187,188,190,191,194,196,199,200,201,203,205,209,215,218,221,222,223,224,225,227,228,230,231,232,237,238,240,241,244,247,249,253,255
168,260,261,172,178,180,183,191,197,201,202,203,205,208,211,213,215,221,222,224,225,228,231,233,234,236,237,238,240,250,251,254
169,256,258,260,261,259,171,172,175,176,178,183,184,185,186,187,188,189,193,195,197,202,204,205,210,211,212,218,219,221,225,226,228,230,232,237,240,242,243,246,248,252,253,255
170,257,171,174,175,177,179,181,182,192,196,200,202,203,205,206,211,214,219,222,226,232,235,236,237,238,240,242,246,248,250,254
171,258,257,173,174,177,179,180,181,182,183,184,187,190,191,192,193,194,197,199,202,205,208,220,221,224,226,227,234,237,239,242,243,244,245,246,253,254
172,256,258,261,173,175,177,187,188,196,197,203,206,207,213,214,216,221,227,228,231,233,240,241,246,247,249,250,252,253,254
173,261,259,260,174,177,178,180,191,193,197,203,208,209,211,213,214,215,217,257,226,227,230,232,235,237,240,243,247,250,251,252,255
174,258,175,177,179,184,190,191,193,194,195,197,198,200,201,202,206,214,215,216,217,219,222,234,235,237,239,242,243,244,249,250,251,253
175,259,261,258,176,180,186,187,195,197,198,202,203,204,206,211,212,213,216,217,218,219,220,222,223,230,233,236,237,238,240,241,245,249,250,252,255
176,258,259,260,261,178,180,182,184,192,195,198,200,201,203,208,209,211,216,217,219,220,221,223,228,230,240,243,245,246,252,253,254
177,257,258,261,178,179,183,186,187,188,189,190,191,192,194,197,201,203,207,209,210,211,212,213,214,216,217,218,220,221,227,228,230,231,232,233,238,241,251,254,255
178,258,261,181,183,184,186,190,195,197,198,201,203,209,213,214,217,218,219,220,230,235,238,240,241,242,243,245,246,248,249,252,254,255
179,259,261,257,185,187,189,190,194,198,199,201,203,204,205,206,210,213,216,219,221,222,223,226,230,231,234,236,238,240,243,244,245,248,252,255
180,257,259,181,182,188,190,192,193,197,199,202,203,205,206,208,211,214,215,216,218,220,225,230,231,235,237,238,242,246,247,248,249,250,254,255
181,258,259,260,261,257,182,183,185,187,191,194,195,197,200,201,203,205,208,209,213,214,216,217,220,221,222,223,227,229,230,235,239,241,242,244,246,247,248,253,254
182,256,260,258,185,186,193,194,197,200,201,204,205,206,208,209,211,212,213,214,217,223,224,225,226,232,236,240,241,247,250,251,253
183,261,260,257,186,189,191,194,195,197,203,206,208,210,212,215,217,220,221,223,224,225,228,232,233,234,235,236,241,243,244,246,247,248,249,250,253,254
184,259,260,185,187,190,193,196,197,202,203,204,205,209,211,214,219,222,225,226,227,230,233,234,235,237,239,240,242,244,246,248,249,250,253,254,255
185,259,261,188,189,192,193,196,197,198,199,200,201,203,204,205,206,207,210,211,215,217,219,222,225,226,228,229,232,233,234,237,238,239,241,242,253
186,257,261,259,187,188,190,191,193,196,199,204,205,206,207,209,210,212,213,215,217,219,220,221,223,224,231,233,235,237,238,239,244,245,248,251,254
187,256,261,189,191,200,203,206,210,215,217,218,220,223,224,226,228,229,236,238,245,250,253,254
188,257,261,189,191,192,194,200,202,206,208,213,214,215,216,217,218,219,223,224,226,227,228,231,232,235,236,239,240,243,246,247,250,251,252
189,256,261,260,190,193,196,200,202,203,206,207,209,212,213,218,220,222,223,225,226,229,232,235,239,240,241,242,244,246,247,253,255
190,257,259,260,192,199,204,207,208,211,214,215,217,218,221,222,226,227,229,230,231,232,234,236,238,245,246,253
191,259,260,256,258,192,196,198,200,203,204,205,206,209,212,215,217,219,220,221,222,224,225,229,232,234,238,239,240,242,244,246,250
192,261,196,201,202,204,210,211,213,214,217,218,220,221,223,226,229,230,234,236,237,238,239,240,245,248,249,252,253,254,255
193,197,198,201,204,205,207,209,211,213,214,215,216,217,218,219,221,223,225,227,228,230,236,237,240,246,247,248,250,251,252,253,254,255
194,257,260,196,199,200,201,209,210,211,212,213,215,216,217,218,219,220,223,227,230,231,232,234,235,238,242,245,246,248,251,252
195,256,258,260,196,197,201,203,207,208,209,211,212,221,224,228,233,234,235,238,239,240,241,242,244,245,247,253,255
196,256,259,260,258,199,203,210,211,212,214,219,220,224,226,227,231,239,240,242,243,249,250,253,254
197,257,259,202,203,205,208,211,214,217,218,219,220,221,222,224,227,228,230,232,234,237,238,239,241,242,247,249,252
198,260,259,200,201,207,208,209,211,212,213,214,215,216,224,226,229,230,232,235,236,238,239,240,241,242,244,245,247,249,250,252,254,255
199,259,201,207,211,212,214,215,216,218,220,221,222,223,224,225,227,229,231,236,242,243,246,247
200,202,206,207,208,214,215,217,218,220,223,225,227,229,233,234,237,241,245,246,249,250,253,255
201,259,260,203,204,206,209,210,212,213,215,218,222,223,224,225,227,228,234,235,236,240,246,248,252,253,255
202,257,258,261,207,209,210,212,217,219,222,223,224,227,228,229,236,237,242,243,245,246,247,248,253,254,255
203,259,261,260,204,205,209,211,217,222,223,224,230,231,233,237,238,244,249,251,252,254
204,257,207,209,210,211,215,217,221,222,229,230,235,239,242,244,250,251,252,253,254,255
205,256,260,261,209,210,211,219,220,223,224,226,227,231,232,235,238,240,241,243,246,247,252,254
206,256,258,257,209,211,212,218,219,220,221,223,228,230,233,235,236,238,239,240,243,244,247,251,254,255
207,260,258,208,209,211,214,217,218,219,223,224,225,231,232,235,240,241,242,245,247,251,255
208,256,210,212,213,214,215,216,218,220,222,223,225,229,231,232,233,236,240,242,244,245,247,249,250
209,211,212,219,257,225,228,231,236,249,253,254,255
210,258,260,211,213,216,217,219,226,232,233,234,238,242,248,249,250,252,253,255
211,260,261,212,214,215,217,218,219,221,225,226,228,230,232,236,237,239,241,242,247,250,252
212,256,257,259,260,261,216,217,218,219,220,225,226,229,230,232,234,235,237,239,243,244,245,246,247,249,252,253,254
213,260,261,215,216,218,224,227,231,233,234,238,241,242,243,244,246,247,249,250
214,257,259,215,222,223,224,225,227,229,230,233,234,239,240,247,249,250
215,257,260,261,258,259,219,221,223,225,227,230,231,233,237,238,240,244,252,255
216,258,261,257,218,219,220,221,228,232,236,241,242,243,247,248,251,252,254
217,256,259,257,260,221,223,228,231,232,233,239,240,244,245,246,248,251
218,258,259,257,222,226,227,228,229,231,233,234,235,236,238,239,242,244,247,249,251,254
219,261,220,223,225,228,229,230,236,239,241,247,248
220,257,259,258,221,224,227,228,229,231,232,233,234,235,236,238,239,240,241,242,248,249,250,251,252,253,255
221,256,257,258,222,225,229,230,231,232,233,235,238,239,242,244,246,247,248,251,254
222,258,261,225,229,231,237,239,240,243,245,249,251,253,254,255
223,257,258,259,225,227,231,233,236,240,241,242,245,247,248,251
224,259,229,232,236,237,240,242,244,247,248,252,254,255
225,259,257,258,260,227,229,230,232,237,240,241,243,248,249,250,251,252,253
226,261,227,228,232,233,234,235,238,243,244,245,247,248,250,251,253
227,261,259,260,228,231,233,238,240,242,244,246,249,253,254,255
228,261,258,259,257,229,233,234,235,238,239,244,250,254,255
229,257,259,231,234,235,237,239,240,242,244,246,249,250,252,254
230,257,258,260,233,234,235,240,244,246,247,248,249,250,252,253,254
231,257,232,237,238,240,242,245,249,250,251,253
232,256,261,259,258,235,238,239,240,244,247,249,252,253,254,255
233,256,257,259,260,235,236,238,244,245,250,252,253,255
234,256,257,258,235,236,239,240,241,242,244,245,248,250,253,255
235,256,258,259,261,236,237,238,246,247,249,251
236,256,261,239,241,243,245,247,249,255
237,256,257,260,240,241,242,243,244,245,251,252,253
238,257,259,258,260,239,241,243,244,246,250
239,256,242,244,250,252
240,256,260,261,243,244,246,247,248,251,253,254,255
241,256,258,261,242,243,244,245,246,250,253
242,256,243,246,247,248,253,255
243,257,244,246,247,248,249,250,254
244,259,261,258,246,247,249,251,253,255
245,256,261,258,246,247,249,252
246,257,258,250,251,253
247,256,258,261,257,259,248,249,250,252,253,254,255
248,261,249,250,254,255
249,256,260,258,252
250,258,261,251,252,253
251,259,261,252,253,255
252,261,257,256,253,254,255
253,260,258
254,256,258,259,260,261,255
255,256,258,261,260
256,258,259,261
257,259
258,259
259,260,261
260,261
261
