n_nodes:164
n_edges:12007
density:0.89832
0,1,2,3,4,5,6,7,8,9,10,12,13,14,15,16,17,18,19,20,21,22,23,24,26,27,28,29,30,31,32,33,34,35,36,37,38,39,40,41,42,45,46,47,48,49,50,51,52,53,54,55,56,57,58,60,61,62,63,65,66,67,68,69,70,71,73,74,75,76,77,78,80,81,82,83,84,85,86,87,88,89,90,91,92,93,94,95,97,98,99,100,101,103,104,105,106,107,108,109,110,111,112,113,114,115,116,117,119,120,121,122,123,124,125,126,127,128,129,130,131,132,133,134,135,136,140,141,142,143,145,146,148,149,150,151,152,153,154,155,156,157,158,159,160,161,162,163
1,2,4,5,6,7,8,9,10,11,12,13,14,15,16,17,18,19,20,21,22,23,24,25,26,27,28,29,31,32,33,34,35,36,37,38,39,40,41,42,43,44,45,46,47,48,49,51,52,53,54,55,56,57,58,59,60,61,63,64,65,66,67,68,69,71,72,74,75,76,77,78,79,80,81,82,83,84,85,86,87,88,90,91,92,93,94,95,96,97,98,99,100,101,102,103,105,106,107,108,109,110,111,112,113,114,115,117,118,119,120,121,123,124,125,126,128,129,130,131,133,134,135,137,138,139,140,141,142,143,144,145,146,147,148,149,150,151,152,153,154,155,156,158,159,160,161,162,163
2,3,4,5,6,7,8,9,11,12,13,14,15,16,17,18,19,20,21,22,23,24,25,26,27,28,29,31,32,33,34,37,38,39,40,41,42,43,44,45,46,47,48,49,50,51,52,53,54,55,56,57,58,59,60,61,62,63,64,65,66,67,68,70,71,73,74,75,76,77,78,79,81,82,83,84,85,86,87,88,89,90,91,93,94,95,96,97,98,99,100,101,103,104,105,106,107,108,109,110,111,112,113,114,115,116,118,119,120,122,124,125,126,127,128,129,130,131,132,134,136,137,138,139,141,142,143,144,145,147,148,149,150,151,152,153,154,155,156,157,158,159,160,161,162,163
3,4,6,7,8,9,10,11,12,13,15,16,17,18,19,20,21,22,23,24,25,26,28,29,30,32,33,35,36,37,38,39,40,41,42,43,44,45,48,49,50,52,53,54,55,56,57,58,59,60,61,62,63,65,66,67,68,70,72,73,74,75,76,77,79,80,81,83,84,85,86,87,88,89,90,91,93,94,95,96,97,99,102,103,104,105,106,107,108,109,110,111,112,113,114,115,116,117,118,119,120,121,122,123,124,125,126,127,129,130,131,132,133,135,136,137,138,139,140,141,142,143,144,146,147,148,149,150,151,152,153,154,155,157,158,159,161,162,163
4,5,7,8,9,11,12,13,14,15,16,17,18,19,20,22,23,24,25,26,27,28,29,30,31,32,33,34,35,36,37,38,39,41,42,43,44,46,47,48,49,50,51,52,53,54,55,56,58,59,60,61,62,63,65,66,67,68,69,70,71,72,73,74,75,76,77,79,80,81,82,83,85,86,87,88,89,90,91,92,93,96,97,98,99,100,101,102,104,105,107,108,109,110,111,113,114,115,117,118,119,120,121,122,123,124,125,126,127,128,129,130,131,132,133,134,135,136,137,138,139,141,142,143,144,145,146,147,148,149,150,151,152,153,154,155,156,157,158,159,160,161,162,163
5,6,7,8,9,10,11,12,13,14,15,16,17,19,21,22,24,25,26,27,28,29,30,31,32,33,35,36,37,38,39,40,41,42,43,44,45,46,47,49,50,51,52,53,54,56,57,58,59,60,61,63,64,65,66,67,68,69,72,73,75,76,77,78,79,80,82,83,84,85,86,87,88,90,91,93,94,95,96,98,100,101,102,104,105,106,107,108,110,111,112,113,114,115,116,117,119,120,122,123,124,125,128,129,130,131,132,133,134,135,136,137,138,139,140,141,143,144,145,146,147,148,149,150,151,152,153,154,155,156,157,158,159,160,161,162
6,9,10,11,12,13,14,15,16,17,18,19,21,23,24,25,26,27,28,29,30,31,32,33,34,35,36,37,38,39,40,42,43,45,46,47,48,49,50,51,52,53,54,55,56,57,58,59,60,61,62,63,65,66,67,68,69,70,71,73,74,75,76,77,79,80,81,82,83,84,86,87,88,90,91,92,93,94,95,96,97,98,99,100,101,102,103,104,105,106,107,108,109,111,112,113,114,115,116,117,118,119,120,123,124,125,126,127,128,129,130,131,132,133,134,135,136,137,138,139,140,141,143,144,145,146,147,148,149,150,151,152,153,154,155,156,157,158,159,160,161,162
7,8,9,10,11,12,13,14,15,16,17,18,19,20,21,23,24,25,26,27,28,29,30,31,32,33,34,35,36,37,38,39,40,41,42,43,44,45,46,47,48,49,50,51,52,53,54,55,56,57,58,59,60,62,63,64,65,66,67,68,69,70,71,72,73,74,75,76,77,79,80,81,82,83,84,85,86,87,88,89,90,91,92,93,94,95,96,97,100,101,102,103,105,106,107,108,109,111,112,113,114,115,116,117,118,119,120,121,122,123,124,125,126,127,128,129,130,131,132,133,135,136,137,138,139,140,141,142,143,144,145,146,148,149,150,151,152,153,154,155,156,157,158,160,161,162,163
8,9,10,11,14,15,17,18,20,21,23,24,25,26,28,29,30,31,32,33,34,35,36,37,39,42,43,44,45,46,47,48,49,50,51,52,53,54,56,57,58,59,61,62,63,64,65,66,67,69,70,71,73,74,76,77,78,79,80,81,82,83,85,86,87,88,89,90,91,93,94,95,96,97,98,99,100,101,102,103,104,105,106,108,109,110,112,113,114,115,116,118,119,120,121,122,123,124,125,126,127,128,129,131,134,135,136,137,139,140,142,143,144,145,146,147,148,149,150,151,152,153,154,155,156,157,158,159,161,163
9,11,12,13,14,16,17,18,21,22,23,24,25,26,27,28,30,31,32,33,34,35,36,37,38,39,40,41,42,43,44,45,46,47,48,49,50,51,52,53,54,55,56,57,58,59,60,61,62,64,65,66,68,69,70,71,72,73,75,76,77,78,79,80,82,83,84,85,87,88,90,91,92,93,95,96,98,99,100,101,102,103,104,105,106,107,108,109,110,111,112,113,114,115,116,117,118,119,120,121,123,124,125,128,129,131,132,133,134,135,137,138,139,140,142,143,144,145,146,147,148,149,150,151,152,153,154,155,156,157,158,159,160,161,162,163
10,11,12,13,14,15,16,17,18,19,21,22,23,24,25,26,27,28,29,30,31,32,33,34,35,36,37,38,39,40,41,42,43,44,45,46,47,50,51,53,54,55,56,57,58,59,61,62,63,65,66,67,68,69,70,71,72,73,74,75,76,77,78,79,80,81,82,83,84,85,86,88,89,90,91,92,93,94,95,97,98,99,100,101,103,104,105,106,108,109,110,111,112,113,114,115,117,118,119,120,121,122,123,124,125,126,127,128,129,131,132,134,135,136,137,138,139,140,141,142,143,144,145,146,147,148,149,150,151,152,153,154,155,156,157,158,159,160,161,162
11,12,13,14,16,17,18,19,20,21,22,23,24,25,26,27,28,29,30,31,32,33,34,35,36,37,38,39,41,43,44,45,47,48,49,50,51,52,53,54,55,56,57,58,59,60,61,62,63,64,65,66,67,68,69,70,71,72,73,74,75,76,77,78,79,80,81,82,83,84,85,86,87,88,89,90,91,92,93,94,95,96,97,98,99,100,101,102,103,104,105,106,107,108,109,110,111,112,113,114,115,116,118,119,121,123,124,125,126,127,128,130,131,132,133,134,135,136,137,138,139,140,143,145,146,147,148,150,151,152,153,154,155,156,157,158,159,160,161,162,163
12,13,14,15,16,17,18,19,21,22,23,24,25,26,27,28,29,31,32,34,35,36,37,38,39,40,41,44,45,46,47,48,49,50,51,52,53,54,55,56,57,58,59,60,61,62,63,64,65,66,67,68,69,70,71,72,73,74,75,76,77,78,79,80,81,82,83,84,85,86,87,88,89,90,91,92,93,95,96,97,98,99,100,101,102,103,104,105,106,107,108,110,111,113,114,115,116,117,118,119,120,121,122,123,125,126,127,128,129,130,131,132,133,134,135,136,137,138,139,140,141,142,143,144,145,146,147,148,149,150,151,152,154,155,157,158,159,160,161,162,163
13,14,15,16,17,18,19,20,21,22,23,24,25,26,27,28,30,31,32,33,34,35,37,38,40,41,42,43,44,45,46,47,48,49,50,51,52,53,55,56,57,60,61,62,63,64,65,66,67,68,70,71,72,73,74,75,76,77,78,79,80,82,83,85,86,87,88,89,90,92,93,94,95,96,97,98,99,100,101,102,103,104,105,106,107,108,109,112,113,114,115,116,117,118,119,120,122,123,124,125,127,128,129,130,131,132,133,134,135,136,137,138,140,141,142,143,144,145,146,147,149,150,151,152,153,154,155,156,157,158,159,160,161,162,163
14,15,16,17,18,19,20,21,22,25,26,27,28,29,30,31,32,33,34,35,36,37,38,40,41,42,43,44,45,46,47,48,49,50,51,52,53,54,55,56,57,58,59,60,61,63,64,65,66,67,68,69,70,71,72,73,74,75,76,77,78,80,81,83,84,85,86,87,89,91,93,94,95,96,97,98,99,100,101,102,104,105,106,107,108,109,111,112,113,115,116,117,118,119,120,121,122,124,126,127,128,129,130,131,132,133,134,136,137,138,139,140,142,143,144,145,146,147,148,149,151,152,153,154,155,156,158,159,160,161,162,163
15,16,17,18,19,20,21,22,23,24,25,26,27,28,29,30,31,32,33,34,35,36,38,39,40,41,42,43,44,45,46,47,48,49,50,51,52,53,54,56,57,58,59,60,61,62,63,64,65,66,68,69,70,71,72,73,74,75,76,77,78,79,80,81,82,83,84,85,87,88,89,90,91,92,93,94,95,96,97,98,99,100,101,102,103,105,106,107,108,109,110,111,112,114,115,116,117,118,119,120,121,122,123,124,125,128,129,130,131,132,133,134,135,136,137,139,140,141,142,143,144,145,146,149,150,151,153,154,155,156,157,158,159,160,161,162,163
16,17,18,19,20,21,22,23,25,26,27,28,29,31,32,33,34,35,36,37,38,39,40,41,42,43,44,45,46,47,48,49,50,51,52,53,54,56,57,58,59,60,61,62,63,64,65,66,67,68,69,70,71,72,73,74,75,76,77,78,79,80,81,83,85,86,87,88,89,91,92,93,94,95,96,97,98,99,100,101,102,104,105,106,107,108,110,111,112,114,115,116,117,118,119,120,121,122,123,124,125,126,128,129,130,131,132,133,134,135,136,138,140,141,142,143,144,145,146,148,150,151,152,153,156,157,159,160,161,162,163
17,18,19,20,21,22,23,25,26,27,28,29,30,31,32,33,34,35,36,37,38,39,40,41,42,43,44,45,46,47,48,49,50,51,52,53,54,55,56,57,58,59,60,61,62,63,64,65,66,68,69,70,71,72,73,74,75,76,77,78,79,81,82,83,84,85,86,87,88,89,90,91,92,93,94,95,96,97,98,99,100,101,102,103,104,105,106,109,110,112,113,114,115,116,118,119,121,122,123,124,125,126,127,128,129,130,131,132,133,134,135,136,137,138,139,140,142,143,144,145,146,147,148,149,150,151,152,154,156,157,158,159,160,161,162,163
18,19,20,21,23,24,25,26,27,28,29,30,31,32,33,34,35,36,37,38,39,40,41,42,43,44,46,47,48,49,50,51,53,54,55,57,59,60,61,62,63,64,65,66,67,68,69,71,72,73,74,75,76,77,78,79,80,81,83,84,85,86,87,88,89,91,92,93,94,95,96,97,98,99,100,101,102,104,105,106,107,108,109,110,111,113,114,115,116,117,118,119,120,123,126,127,128,129,130,131,133,134,135,136,137,138,139,142,143,144,146,147,148,149,150,151,152,153,155,156,158,159,160,161,162,163
19,20,21,22,23,24,25,26,27,28,29,30,31,32,33,34,35,36,37,38,39,40,41,42,43,44,45,46,47,48,49,50,51,52,53,54,55,56,57,58,59,60,61,62,63,64,65,66,67,68,69,70,71,72,73,74,75,76,77,78,79,80,81,82,83,84,85,86,87,88,89,90,91,92,93,94,98,100,101,102,103,104,105,106,107,108,109,110,111,112,113,114,115,116,117,118,119,120,121,122,123,125,126,127,128,129,130,131,132,133,134,135,136,137,138,139,140,141,142,143,144,145,146,147,148,149,150,151,152,153,154,155,156,157,158,160,161,162,163
20,21,22,23,24,25,26,27,28,29,30,31,32,33,34,36,37,38,39,40,41,42,43,44,47,48,49,50,51,52,53,54,55,56,57,58,59,60,61,62,63,64,65,66,67,68,69,70,71,72,73,74,75,76,77,78,79,80,81,82,83,84,86,87,88,89,90,91,92,93,94,95,96,97,98,99,100,101,102,103,104,105,106,107,108,109,110,111,113,114,115,116,117,118,119,120,122,123,124,125,126,127,129,130,131,132,134,135,136,137,138,139,140,141,142,143,144,145,146,147,148,149,150,151,152,153,154,155,156,157,158,159,160,161,162,163
21,22,23,24,25,26,27,28,29,30,31,33,34,35,36,37,38,39,41,42,44,45,46,47,48,49,50,51,54,55,56,57,59,61,63,64,65,66,67,68,69,70,71,73,74,75,76,77,78,79,80,81,82,83,85,87,88,89,91,92,93,94,95,96,97,98,99,100,101,102,104,105,106,107,108,109,110,111,113,115,117,118,119,120,121,122,123,124,125,126,127,128,129,130,131,132,133,134,135,136,137,138,139,140,141,142,143,144,146,147,149,151,152,153,154,155,156,157,158,159,160,161,162,163
22,23,24,25,26,27,28,29,32,33,34,35,36,37,38,39,41,43,44,45,46,47,48,49,50,51,52,53,54,55,57,58,59,60,61,62,63,66,67,68,69,70,71,72,73,74,75,76,77,78,79,80,81,82,83,84,85,86,87,88,89,91,92,93,94,95,96,97,99,100,101,102,103,104,105,106,107,108,110,111,112,113,114,115,116,118,119,120,121,122,123,124,125,126,127,128,129,130,131,132,133,135,136,138,139,140,141,142,143,144,145,147,148,149,151,153,154,155,156,157,158,159,160,161,162,163
23,24,25,26,27,28,29,30,32,33,34,35,36,37,38,39,41,43,44,45,46,47,48,49,50,51,52,53,54,55,57,58,59,60,61,62,63,64,65,67,68,69,70,71,72,74,75,76,77,78,79,81,83,84,85,86,88,89,90,91,92,93,94,95,96,97,98,99,100,101,102,103,104,105,106,107,109,110,111,112,113,114,115,116,117,118,121,122,123,124,125,126,127,128,129,130,131,132,133,134,135,136,137,138,139,140,141,142,143,144,146,147,148,149,150,151,152,153,154,155,156,157,158,159,160,162,163
24,25,26,27,28,29,33,34,35,37,38,39,40,41,42,43,44,45,46,47,48,49,50,51,52,53,54,55,56,57,58,59,60,61,62,63,64,65,66,67,68,69,70,71,72,73,74,75,76,77,78,79,80,81,82,83,84,86,87,88,89,90,91,92,93,94,95,96,97,98,99,101,102,103,104,105,106,107,108,109,110,112,113,114,115,116,117,118,119,120,121,122,123,124,125,126,127,128,129,130,131,132,133,134,135,136,137,138,141,142,143,144,145,146,147,148,149,150,151,152,153,154,155,156,157,158,159,160,161,162,163
25,26,27,28,29,30,31,32,33,34,35,36,37,38,40,41,42,43,44,45,46,47,48,49,50,51,52,53,54,55,56,57,58,59,60,61,62,63,65,66,67,68,69,70,71,72,73,74,75,76,77,78,79,80,81,82,84,85,86,87,88,89,90,91,92,93,94,95,97,99,100,101,102,103,104,105,106,107,109,110,111,112,113,114,115,116,117,118,119,121,122,123,124,125,126,127,128,130,131,134,135,136,137,138,139,140,141,142,143,144,145,146,147,148,149,150,151,152,153,154,155,156,157,160,161,162,163
26,27,29,30,32,33,34,35,36,37,38,39,40,41,42,43,44,45,46,47,48,49,50,51,52,53,54,55,57,58,59,60,61,62,63,64,65,67,68,69,70,71,72,73,74,75,77,78,79,80,81,84,86,87,88,89,90,91,92,93,94,95,96,97,98,99,100,102,103,104,105,106,107,108,109,110,111,112,113,115,116,117,118,119,120,121,122,123,124,125,126,128,129,130,132,133,134,135,137,138,139,140,141,143,145,147,148,150,151,152,153,154,155,156,157,158,159,160,161,163
27,28,29,30,31,32,33,35,36,37,38,39,40,41,42,43,44,45,46,47,48,49,51,52,53,54,55,56,57,58,59,60,61,62,63,64,65,66,68,70,71,72,73,74,75,76,77,78,79,80,82,83,84,85,86,88,90,91,92,93,94,95,96,97,98,99,100,101,102,103,104,105,106,108,109,111,112,113,114,115,116,117,118,119,120,121,122,123,124,125,126,127,128,129,130,131,132,133,135,136,138,139,140,141,143,144,146,147,148,149,150,151,152,153,154,155,156,157,158,160,161,162
28,29,31,33,35,37,38,39,40,41,42,44,45,46,47,48,49,50,51,52,53,54,56,57,58,60,61,62,63,64,65,66,67,68,69,70,71,72,75,76,77,78,80,81,82,83,84,85,87,88,89,90,91,92,93,94,95,96,97,98,99,100,101,102,103,104,105,106,107,108,109,110,111,112,113,114,115,116,117,118,119,120,121,122,123,125,126,129,130,131,132,133,134,135,136,137,138,139,142,144,145,146,147,148,150,151,152,153,154,155,156,157,158,159,160,161,162,163
29,30,32,33,34,35,36,37,38,39,40,41,42,43,44,45,46,47,48,49,50,51,52,53,54,55,56,57,59,60,61,62,63,64,65,66,67,68,69,70,71,72,73,74,76,77,78,79,80,82,84,85,87,88,89,91,92,93,94,95,96,97,98,99,100,102,103,104,106,107,108,109,110,111,112,114,116,117,118,119,120,122,123,124,125,126,127,128,129,130,131,132,133,134,135,136,137,138,139,141,142,143,145,146,148,149,150,151,152,153,154,155,156,157,158,159,160,162,163
30,31,32,33,34,35,36,37,38,39,40,41,42,43,46,47,48,49,51,52,53,54,55,56,57,58,59,60,61,63,64,65,66,68,69,73,74,75,76,77,78,79,80,81,82,83,84,85,86,87,88,89,92,94,95,96,97,98,99,100,101,102,103,104,105,106,107,108,109,110,111,112,113,114,115,116,117,118,119,120,121,122,123,124,125,126,127,128,130,131,133,134,135,137,138,139,140,143,144,145,146,147,148,149,150,151,152,153,154,155,156,157,158,159,160,162
31,32,33,34,35,37,38,39,40,43,44,46,47,48,49,50,51,52,53,54,55,56,57,58,60,62,63,64,65,66,67,68,69,70,73,75,76,77,78,79,80,81,82,83,84,85,86,87,88,89,90,91,92,93,94,96,97,98,99,100,101,102,103,104,106,107,108,109,110,111,113,114,116,117,118,119,120,121,122,123,125,126,127,129,130,132,133,134,135,136,137,138,139,140,141,142,143,144,145,146,147,148,149,150,151,152,153,154,155,156,157,159,160,161,162,163
32,33,34,35,36,37,38,40,41,42,43,44,45,46,47,48,49,50,51,52,53,54,55,56,57,58,59,60,61,62,63,64,65,66,67,68,69,70,71,72,73,74,75,76,77,79,80,81,82,84,85,87,88,89,90,91,93,94,95,97,98,99,100,103,104,105,106,108,109,110,111,112,113,114,115,116,117,118,119,120,121,122,123,124,125,126,127,128,129,131,132,133,134,135,136,137,138,140,142,143,144,145,146,148,149,150,151,152,153,154,155,156,158,159,160,161,162,163
33,34,36,37,38,39,40,41,44,45,46,47,48,49,50,51,52,53,54,55,56,57,58,60,61,63,64,65,66,67,68,69,70,71,72,74,75,76,77,78,79,80,81,82,84,85,86,87,88,89,90,91,92,93,94,95,96,97,98,99,100,101,102,103,104,105,106,107,108,109,110,111,112,114,115,116,117,118,120,121,122,123,124,125,127,128,129,130,131,132,134,135,137,138,139,140,141,142,143,144,145,146,147,148,149,150,151,152,153,154,155,156,157,158,159,160,161,162,163
34,35,36,37,38,39,40,41,43,44,45,46,49,50,51,52,53,55,56,57,58,59,60,61,62,63,64,65,66,67,68,69,70,71,73,74,75,76,77,78,79,80,81,82,84,85,86,87,88,89,90,91,92,93,94,95,97,98,99,100,101,102,103,104,105,106,107,108,109,110,111,112,113,114,115,116,119,120,121,122,124,125,126,127,128,130,134,135,136,139,140,141,142,143,144,145,147,148,149,150,151,152,153,154,155,157,158,159,160,161,162,163
35,36,37,39,40,41,42,43,45,46,47,48,50,51,52,53,54,55,56,57,58,59,60,61,62,64,65,66,67,68,69,70,71,73,74,75,76,77,78,79,80,81,82,83,84,85,87,88,89,90,91,92,93,94,95,96,97,98,99,100,101,102,103,104,105,106,107,108,109,110,111,112,113,114,115,116,117,118,119,120,121,122,123,124,125,126,127,128,129,130,132,133,134,135,136,137,138,139,140,141,142,143,144,145,146,147,148,149,150,151,152,153,154,155,156,157,158,159,160,161,162,163
36,39,40,41,42,43,46,47,48,49,50,51,52,53,54,56,57,58,60,61,62,63,64,65,66,67,68,69,70,71,72,73,75,76,77,79,80,81,83,84,85,86,87,88,89,91,92,93,94,95,96,97,98,99,100,101,102,103,104,105,107,108,109,110,111,112,113,114,115,116,117,118,119,120,121,122,123,124,125,126,127,128,129,130,131,132,133,134,135,136,137,138,139,140,141,142,143,144,145,146,147,148,149,150,151,152,153,154,155,156,157,158,159,160,161,162,163
37,38,39,40,41,42,43,45,46,47,48,49,50,52,53,54,55,56,57,58,59,60,61,62,63,64,65,66,67,68,70,72,73,75,76,77,78,79,80,81,82,83,84,85,87,88,89,90,91,92,93,94,95,96,97,98,100,101,103,104,105,106,108,109,110,111,112,113,114,115,116,117,118,119,120,121,122,123,124,125,126,127,128,129,130,131,132,134,135,136,137,138,139,140,141,142,143,145,146,147,148,150,152,153,154,155,156,157,158,159,160,161,162,163
38,39,40,41,42,43,44,46,47,48,49,50,52,53,54,55,56,57,59,60,61,63,64,65,66,67,68,69,70,71,72,73,74,75,78,79,80,81,82,83,84,85,86,87,88,89,90,91,92,93,94,96,98,99,100,101,102,103,104,105,106,107,108,109,110,112,113,114,115,116,117,118,119,120,121,122,124,125,126,127,128,129,130,131,132,133,135,136,137,138,139,140,143,144,145,146,147,149,150,151,152,153,154,155,156,157,158,159,160,161,162,163
39,40,41,42,43,44,45,46,48,49,50,51,52,53,54,55,56,57,58,59,60,61,62,63,64,65,66,67,68,69,70,71,72,73,74,75,76,77,78,79,81,82,84,86,87,88,89,90,91,92,93,94,95,96,98,99,100,101,102,103,104,105,106,107,108,109,111,112,113,115,116,117,119,121,122,123,125,126,127,128,129,130,131,134,135,136,137,139,140,141,142,143,144,145,146,147,148,149,150,151,152,153,154,155,156,157,158,159,160,161,162,163
40,41,42,43,45,46,47,48,49,51,52,53,54,56,57,58,59,60,61,62,63,64,65,66,67,69,70,71,72,73,74,75,76,77,78,79,80,81,82,83,84,85,86,87,88,89,90,91,92,93,94,95,96,97,98,99,100,101,102,103,104,106,107,108,109,111,112,113,114,115,116,117,118,119,120,121,122,123,124,126,127,128,129,130,131,132,133,134,136,137,138,139,140,141,142,143,144,145,146,148,149,150,151,152,153,154,155,156,157,158,159,160,161,162,163
41,44,45,46,47,48,49,50,51,52,53,54,55,56,57,58,59,60,61,62,64,65,66,67,68,69,70,71,72,73,74,75,76,77,78,79,80,81,82,84,85,86,87,88,89,90,91,92,93,94,95,96,97,98,99,100,101,102,103,104,106,107,108,109,110,111,112,114,115,116,117,118,119,120,121,122,123,124,125,127,128,129,130,131,133,134,135,136,137,138,139,141,142,143,144,146,148,149,150,151,152,153,154,155,156,157,158,159,160,161,162,163
42,44,45,46,47,48,49,50,51,52,53,54,55,56,57,58,59,60,61,62,63,64,65,66,67,68,70,71,72,73,74,75,76,77,78,79,80,81,82,83,84,85,86,87,88,89,90,91,92,93,94,95,96,97,98,99,100,101,102,103,104,105,106,107,108,110,111,113,114,115,116,118,119,120,121,122,123,124,125,126,127,128,129,130,131,132,133,134,135,137,138,139,141,142,143,144,145,146,147,148,149,150,151,152,153,154,155,156,157,158,159,160,161,162,163
43,44,46,47,48,49,50,51,53,54,55,56,57,58,59,60,61,62,63,64,65,66,67,68,69,70,71,72,73,74,75,76,77,78,80,81,82,83,84,85,86,87,88,89,90,91,92,94,95,96,97,98,99,100,101,102,103,104,105,106,107,108,109,110,111,112,113,114,115,117,118,119,124,125,126,127,129,130,131,132,133,134,135,136,137,138,139,140,141,142,143,144,145,146,148,149,150,151,152,154,155,156,157,158,159,160,161,162,163
44,45,46,47,48,49,50,51,52,53,54,55,56,57,58,60,61,62,63,64,66,67,68,69,70,71,72,73,74,75,76,77,78,79,80,81,82,83,84,85,86,87,88,90,91,92,93,94,95,97,98,99,100,101,102,103,105,106,107,108,109,110,111,112,113,114,115,116,117,118,119,120,121,122,123,125,126,127,128,129,130,131,132,133,134,135,137,138,140,142,143,144,145,146,147,148,149,150,151,152,154,155,156,157,158,159,160,161,162,163
45,46,47,48,49,51,52,53,54,55,57,59,60,61,62,63,64,65,67,68,69,70,71,72,73,74,75,76,77,78,79,80,81,82,83,84,85,86,87,88,89,90,91,92,93,94,95,96,97,98,99,100,101,102,103,104,105,106,107,108,109,110,111,112,113,114,115,116,117,118,119,120,121,122,124,125,126,127,128,129,132,133,134,135,136,138,139,140,143,145,147,148,149,150,152,153,154,155,156,157,160,161,162,163
46,47,48,49,50,52,53,54,55,56,57,58,59,60,61,62,63,64,65,66,67,68,69,70,71,72,73,74,75,76,77,79,80,81,82,84,85,86,87,89,90,91,92,93,94,96,99,100,101,102,103,104,105,106,107,108,109,110,111,112,113,114,115,116,117,118,119,120,121,122,124,125,126,127,128,129,130,131,132,133,134,135,136,138,139,140,141,143,144,145,146,147,148,149,150,151,152,153,154,155,156,157,158,160,161,162,163
47,48,49,50,51,52,54,56,57,58,59,60,61,62,63,64,65,66,67,68,69,70,71,73,74,75,76,77,78,79,80,81,82,83,84,85,86,87,88,89,90,92,93,94,95,96,98,99,100,101,102,103,104,105,106,107,109,110,111,112,113,114,115,116,118,119,120,121,122,123,124,125,126,127,128,129,130,131,133,134,135,136,137,138,139,140,142,143,144,145,147,148,149,150,151,152,153,155,156,157,158,159,160,161,162,163
48,49,50,51,53,54,55,56,57,58,59,60,61,62,63,64,66,67,68,69,70,72,73,74,75,76,77,78,79,80,81,82,83,84,85,86,87,88,89,90,91,93,94,95,96,98,99,100,101,102,103,104,105,106,107,108,109,110,111,112,113,114,116,117,118,119,120,121,122,124,125,127,128,130,132,133,134,135,137,138,139,140,141,142,143,144,146,147,148,149,150,151,153,154,155,156,157,158,159,160,161,162
49,50,51,52,53,54,56,57,58,59,61,62,63,64,65,66,67,68,69,70,71,73,75,77,78,79,80,81,82,83,84,85,86,87,88,89,90,91,92,93,94,96,97,98,99,100,101,102,103,104,105,106,108,109,110,111,112,113,115,116,117,118,119,120,121,122,123,125,126,127,128,129,130,131,132,133,134,135,136,137,138,139,141,142,143,144,145,146,147,148,149,150,151,152,153,154,155,156,157,158,159,161,162,163
50,51,52,53,54,55,56,57,58,59,60,61,62,63,64,65,66,67,68,70,71,72,73,74,75,76,77,78,79,80,81,83,84,85,86,87,88,90,92,93,94,95,96,97,98,99,100,101,102,103,104,105,106,107,108,110,111,112,113,115,116,117,118,119,120,121,122,123,124,125,126,127,128,129,130,131,132,133,134,135,136,137,138,139,140,141,142,143,144,145,146,147,148,149,150,151,152,153,154,156,157,158,159,160,161,162,163
51,52,53,54,56,57,58,59,60,61,62,64,65,67,68,69,70,71,72,74,75,76,77,78,79,80,81,82,83,84,85,86,87,88,89,90,91,92,93,94,95,96,97,98,99,100,101,102,103,104,105,107,108,109,110,111,112,114,115,116,117,118,119,120,121,122,123,124,125,126,127,128,129,131,132,133,134,135,136,137,138,139,140,142,143,144,145,146,147,148,149,150,151,152,153,155,156,157,158,159,161,162,163
52,53,54,55,56,57,58,59,60,61,62,63,64,65,67,68,70,71,72,73,74,75,76,77,78,79,80,81,82,83,84,85,86,87,88,89,91,92,93,94,95,96,97,98,99,101,102,103,104,105,106,107,108,109,110,111,112,113,114,115,116,117,118,119,120,121,122,123,125,126,127,128,129,131,132,133,134,135,136,138,139,140,141,142,143,144,145,146,147,148,149,150,151,152,153,154,155,156,157,159,160,161,162,163
53,54,55,56,57,58,59,61,62,63,66,67,68,69,70,71,72,73,74,75,76,77,78,79,80,81,83,84,86,87,88,90,92,93,94,95,96,97,98,99,101,102,103,104,105,106,107,108,109,110,111,112,113,114,115,116,117,118,119,121,122,123,124,125,126,128,129,130,131,132,133,134,136,137,138,139,140,141,142,143,144,145,146,148,149,150,151,152,153,154,155,157,158,159,160,161,163
54,55,56,57,58,59,60,61,62,63,64,65,67,68,69,70,71,72,73,74,75,76,77,79,80,82,83,84,85,86,87,88,89,90,91,92,93,94,95,97,98,99,100,101,102,103,104,105,106,107,108,109,110,111,112,113,114,115,116,117,118,119,120,121,122,123,124,126,127,128,129,130,131,132,133,134,135,136,137,138,139,140,141,142,143,144,146,147,148,150,151,152,153,154,155,156,157,158,159,160,161,162,163
55,56,57,58,59,60,62,63,64,65,66,67,68,69,71,72,73,74,75,76,77,79,80,81,82,83,84,85,86,87,88,89,91,92,93,95,96,99,100,101,102,103,104,105,106,108,110,111,112,113,114,116,117,118,119,120,121,122,123,124,125,126,127,128,129,130,131,132,133,134,135,136,137,138,139,140,141,142,143,145,146,147,148,149,150,151,152,154,155,156,157,158,159,160,161,162,163
56,57,59,60,61,62,63,64,65,66,68,69,70,71,72,73,74,75,76,77,78,79,80,81,82,83,84,86,87,88,89,90,92,93,94,95,96,97,98,99,101,102,103,104,105,106,107,108,109,110,111,112,113,114,115,116,117,119,120,121,122,123,124,127,129,130,131,132,133,134,135,136,137,138,139,140,141,142,143,144,145,146,147,148,149,150,151,152,153,154,155,156,157,158,159,160,161,162,163
57,58,59,60,61,63,65,66,67,68,69,70,71,72,73,74,75,76,78,79,80,81,82,83,84,85,86,87,88,89,90,91,92,94,95,97,99,100,101,102,103,104,105,106,108,109,110,111,112,113,114,115,116,117,118,119,120,121,122,123,124,125,126,127,128,129,130,131,132,133,134,135,136,137,138,139,140,141,142,143,145,146,147,148,150,151,152,153,154,155,156,157,158,159,160,161,163
58,59,60,61,62,63,64,65,66,67,68,69,70,71,72,73,74,76,77,78,79,81,82,83,85,86,88,89,90,91,92,94,95,96,98,99,100,101,102,104,105,106,108,109,110,111,112,114,115,116,117,118,120,121,122,123,124,125,126,127,128,130,131,132,133,134,135,136,137,138,139,140,141,142,144,145,146,147,148,149,150,151,152,153,154,155,156,157,159,160,161,162,163
59,60,61,62,63,64,65,66,67,68,70,71,72,73,74,75,76,77,78,80,81,82,83,84,86,87,88,89,90,91,92,93,95,98,99,100,101,102,103,105,106,107,108,109,110,111,112,113,114,115,116,117,118,119,120,121,122,123,124,127,128,129,130,131,132,133,134,135,136,139,140,141,142,143,144,145,146,147,148,149,150,151,152,153,154,155,156,157,158,159,160,162,163
60,61,62,63,64,65,66,67,68,69,70,71,72,73,74,75,76,77,78,79,80,81,82,83,84,85,86,88,90,91,92,93,94,96,97,98,99,100,101,102,103,104,105,106,107,108,109,111,112,113,114,115,116,117,118,119,120,121,122,123,124,125,126,127,128,129,130,131,132,133,134,135,136,138,139,140,142,143,144,145,146,147,148,150,151,152,153,154,155,156,158,159,160,161,162,163
61,62,63,64,65,66,67,68,69,70,72,73,74,75,76,77,78,79,80,81,82,83,84,85,86,87,89,90,91,93,94,96,97,98,100,102,103,104,105,106,107,108,109,110,111,112,113,114,115,116,117,118,119,120,121,122,124,125,126,127,128,129,130,131,132,133,134,135,138,139,140,141,142,143,144,145,146,147,148,149,150,151,152,153,154,155,156,158,159,160,161,162,163
62,63,66,68,69,70,71,72,73,74,75,77,78,79,81,82,83,84,85,86,87,88,90,92,93,95,96,97,98,99,100,101,102,103,104,105,107,108,109,110,111,112,113,114,115,116,117,118,119,120,121,122,123,124,125,126,127,128,129,130,131,132,134,135,137,138,139,141,142,143,144,145,147,148,149,150,151,152,154,155,156,157,158,159,160,161,162
63,64,65,66,67,68,69,70,71,72,73,74,75,76,77,78,80,81,82,83,84,85,86,87,89,90,92,93,94,96,97,98,100,101,102,103,104,105,106,107,108,109,110,111,112,113,114,115,117,118,120,121,122,123,124,125,126,127,128,129,130,131,132,133,134,135,136,137,138,139,140,141,142,143,144,145,146,147,148,149,150,151,152,153,154,155,156,158,159,160,161,162,163
64,65,66,68,70,71,72,73,74,75,76,77,78,79,80,81,83,84,85,86,87,88,89,90,91,92,93,95,96,97,98,99,100,101,102,103,104,106,107,108,109,110,111,112,113,114,115,117,118,119,120,122,123,124,125,126,127,128,129,130,131,132,134,135,136,137,138,139,140,141,142,143,144,145,146,147,148,149,150,151,152,153,154,155,156,157,158,159,160,161,162,163
65,66,67,68,69,70,71,72,73,74,76,77,78,79,80,81,82,84,85,86,87,88,89,90,91,92,93,94,96,97,98,99,100,101,102,103,104,105,106,107,109,110,111,112,113,114,115,116,117,118,119,120,122,123,124,125,126,127,128,129,130,131,132,134,135,136,137,138,139,140,141,142,143,144,145,146,147,148,150,151,152,153,154,155,156,157,158,159,160,161,162,163
66,67,68,69,72,73,74,76,77,78,79,80,81,82,83,84,85,86,87,88,89,90,92,93,94,95,96,97,98,99,100,103,104,105,106,107,108,109,110,111,112,113,114,115,117,118,119,120,121,122,124,125,126,127,128,129,130,131,132,133,134,135,137,138,139,140,141,142,143,144,145,146,147,148,149,150,151,152,153,154,155,156,157,158,159,160,161,162
67,68,70,71,72,73,74,77,78,79,80,81,82,83,85,86,87,88,89,90,91,93,94,96,97,98,99,100,102,103,104,105,106,107,109,110,111,112,113,114,115,116,117,119,121,122,123,124,125,126,128,129,130,131,132,133,134,135,136,137,138,139,140,141,142,143,144,145,146,147,149,150,151,152,153,154,155,157,160,161,162,163
68,70,71,72,73,74,75,77,78,79,80,81,82,83,84,85,86,87,88,89,90,91,92,93,94,95,96,97,98,99,100,101,102,104,106,107,108,109,110,111,112,113,114,115,116,117,119,120,121,122,123,124,125,126,127,128,129,130,131,132,133,134,135,136,137,138,139,140,141,142,143,144,145,146,147,149,150,151,152,154,156,157,158,159,160,161,162,163
69,70,71,72,73,74,75,76,77,78,79,81,82,83,84,85,86,87,88,89,90,91,92,93,95,96,97,99,100,101,102,103,104,105,106,107,108,109,110,111,112,113,114,115,116,117,118,119,120,121,122,123,124,125,126,127,128,129,130,131,132,133,134,135,136,137,138,139,140,142,143,144,145,146,147,150,151,152,153,154,156,157,158,159,160,161,162,163
70,71,72,73,74,75,76,77,79,80,81,82,83,84,85,86,87,88,89,90,91,92,93,94,95,96,97,98,99,101,103,104,105,106,107,108,109,110,111,112,113,114,115,116,117,118,119,120,121,122,123,124,125,126,127,128,129,130,131,132,133,134,136,137,138,139,141,142,143,144,145,146,147,148,149,150,151,152,153,154,155,156,157,159,160,161,162,163
71,73,74,75,76,78,79,80,81,82,83,84,85,87,88,90,91,92,93,94,97,98,99,100,101,102,103,104,105,106,107,108,109,110,111,112,113,114,115,116,117,118,119,120,121,122,123,125,126,127,128,129,130,131,132,133,134,135,137,138,139,140,142,143,144,145,146,147,148,149,151,153,154,155,156,157,158,159,160,161,162,163
72,73,74,75,76,77,78,79,80,81,82,83,84,85,86,87,88,89,90,91,92,93,95,96,97,98,99,100,101,102,103,104,105,106,107,110,111,112,113,114,115,116,117,118,119,120,121,122,123,124,125,127,128,129,130,131,132,133,134,135,136,137,138,139,140,141,142,143,144,145,146,148,149,150,151,152,153,154,155,156,157,158,159,160,161,162,163
73,74,75,76,77,79,80,82,84,85,86,88,89,90,91,92,93,94,96,97,98,99,100,101,102,103,104,105,106,107,108,109,110,111,112,114,115,117,118,119,120,121,122,123,124,125,126,127,128,129,131,132,133,134,135,137,138,139,140,141,142,143,144,145,146,147,148,149,150,151,152,153,154,155,156,157,158,159,160,161,163
74,75,77,78,79,80,81,82,83,84,85,86,87,88,89,90,91,92,93,94,96,97,98,99,100,101,103,104,105,106,107,108,109,110,111,112,113,114,115,116,118,119,120,121,122,123,125,126,127,128,129,130,131,132,133,134,135,136,137,138,139,140,141,142,143,144,145,146,147,150,151,152,153,154,155,156,158,159,160,161,162,163
75,76,77,78,79,80,81,82,83,84,85,86,88,89,90,91,92,93,94,95,96,97,98,99,100,101,102,103,104,106,108,109,110,111,112,113,114,115,116,117,119,120,121,123,124,125,126,127,128,129,130,131,132,133,135,136,137,138,139,141,142,143,144,146,147,148,149,150,151,152,153,154,155,156,157,158,159,160,161,162,163
76,77,78,79,80,83,84,85,87,89,90,91,93,94,95,97,99,100,101,102,103,104,105,106,107,108,109,110,111,113,114,116,117,118,119,120,122,123,124,125,126,127,128,129,130,131,132,133,134,135,136,137,138,139,140,141,142,144,145,146,147,148,150,151,152,153,154,155,156,157,158,159,160,161,162,163
77,79,80,81,82,83,84,85,87,88,89,90,91,92,93,94,95,96,97,98,99,100,102,103,104,105,106,107,108,109,110,111,112,113,114,115,116,117,118,119,120,121,122,123,124,125,126,127,128,129,130,131,132,133,134,135,136,137,138,139,140,141,142,143,144,145,146,147,148,149,150,151,152,153,154,155,156,157,158,159,160,162,163
78,79,80,81,82,83,84,85,86,88,89,90,91,92,93,94,97,98,99,101,102,103,104,105,106,107,108,110,111,112,113,115,116,117,118,119,120,121,122,123,124,125,126,127,128,129,130,131,132,133,134,135,136,137,138,139,140,141,142,145,146,147,148,149,150,151,152,153,154,155,156,159,160,161,162
79,80,81,82,83,84,85,87,88,89,90,91,92,94,95,96,97,98,99,100,101,103,104,105,106,107,108,109,110,111,112,113,114,115,116,117,118,119,120,121,122,124,125,126,127,128,129,130,131,132,133,134,135,137,138,141,142,143,144,145,146,148,149,150,151,152,153,155,156,157,158,159,160,161,162,163
80,81,82,84,85,86,87,88,89,90,92,93,95,96,97,98,99,101,102,103,104,105,106,107,109,110,111,112,113,114,115,116,117,119,120,121,122,123,124,125,127,128,130,131,132,133,134,136,137,138,139,140,141,142,143,144,145,146,147,148,150,151,152,154,155,156,157,158,159,160,161,162,163
81,82,83,85,86,87,88,90,92,93,94,95,97,98,99,100,101,102,103,104,105,106,107,108,109,111,112,113,114,115,116,117,118,119,120,121,122,123,124,125,126,127,128,129,130,131,132,133,134,136,137,138,139,140,141,142,143,144,145,146,147,148,149,150,151,152,153,154,155,156,157,158,159,160,161,162,163
82,85,86,87,88,89,90,91,93,94,95,96,97,98,101,103,104,106,109,110,111,113,114,115,116,117,118,119,120,121,122,123,125,127,128,129,130,131,132,133,134,135,136,138,140,141,142,144,145,146,147,148,149,150,151,152,153,155,156,158,159,160,161,163
83,84,85,86,87,88,89,90,91,92,93,94,95,96,97,98,99,100,101,102,103,105,106,107,108,109,110,111,112,114,116,118,120,121,122,123,124,125,126,127,128,130,131,132,133,134,136,137,138,139,140,142,143,144,145,146,148,149,151,152,153,154,155,156,157,158,160,161,162,163
84,85,86,87,88,89,90,91,92,93,94,95,96,97,100,101,102,103,104,105,106,107,108,109,110,111,112,113,114,115,116,117,118,119,120,121,122,124,126,127,128,129,130,131,132,133,134,135,136,138,140,141,142,143,144,145,146,148,149,151,152,153,154,155,156,157,158,159,160,161,162,163
85,87,88,89,90,91,92,93,94,96,99,100,101,102,103,105,106,107,109,112,113,114,116,117,118,119,121,122,123,124,125,126,127,128,129,130,131,132,133,134,135,137,138,139,140,141,142,143,144,145,146,147,148,149,151,152,153,154,155,158,159,160,163
86,87,88,89,91,92,93,94,95,96,97,98,99,100,101,102,104,105,106,107,108,109,110,111,112,113,114,115,116,117,120,121,122,123,124,126,127,129,130,131,133,134,136,137,138,139,140,141,142,143,144,145,146,147,148,149,150,151,152,153,154,156,157,158,159,160,161,162,163
87,88,89,90,91,92,93,94,95,96,97,98,99,100,101,102,103,104,105,107,108,109,110,111,112,114,115,116,117,118,119,120,121,122,123,124,125,126,127,128,129,130,131,132,134,136,137,138,139,140,141,142,143,144,145,146,147,148,149,150,151,152,153,154,155,156,157,158,159,160,161,162,163
88,91,92,93,94,95,96,97,98,100,101,102,103,104,105,106,107,108,109,110,111,112,113,114,115,116,117,118,119,120,121,122,123,124,125,126,128,129,130,131,132,133,134,136,137,138,139,141,142,143,144,145,146,147,148,149,150,151,152,153,154,155,156,157,159,160,161,162,163
89,90,91,92,93,95,96,97,99,100,101,102,103,104,106,107,108,109,110,111,112,113,114,115,116,117,118,119,121,122,123,124,125,126,127,128,129,130,131,132,133,134,135,136,137,138,139,140,141,142,143,144,145,146,147,148,149,151,153,154,155,156,157,159,160,161,162,163
90,91,92,93,94,95,96,97,98,99,100,101,102,103,104,105,106,107,108,109,111,112,113,114,115,116,117,119,120,121,123,124,125,126,128,129,130,131,132,133,134,135,136,137,138,139,141,142,144,145,146,147,148,149,150,151,152,153,154,155,156,158,160,162,163
91,92,93,94,95,96,97,98,99,100,102,106,107,108,110,111,112,113,114,115,117,118,119,120,121,122,123,124,125,126,127,128,129,130,131,132,133,134,135,136,137,138,139,140,141,142,143,146,148,149,150,151,152,153,155,157,158,159,160,161,162,163
92,93,94,95,96,97,99,100,101,102,103,104,105,106,107,110,111,112,113,114,115,117,118,119,120,121,122,123,124,125,126,127,128,129,130,131,132,133,134,135,136,137,138,139,141,142,143,144,145,146,147,148,149,150,151,152,153,154,155,156,157,158,159,160,161,162,163
93,94,96,97,98,99,100,102,103,104,105,106,107,108,109,110,111,112,113,114,115,116,117,118,119,120,121,122,123,124,125,126,127,128,130,131,132,133,134,135,136,137,138,139,140,141,142,143,144,145,146,147,148,151,152,153,154,155,156,157,158,159,160,161,162
94,96,97,98,100,102,103,104,105,106,108,109,110,111,112,113,115,116,117,118,119,121,122,123,124,125,126,127,130,131,132,133,134,135,137,139,140,141,142,143,144,145,146,148,149,150,151,152,153,154,155,156,158,159,160,162,163
95,97,98,99,100,101,102,103,104,105,106,107,108,109,110,111,112,113,114,115,116,117,118,119,120,122,123,124,125,126,127,128,129,130,131,133,134,137,138,139,140,141,142,143,144,145,147,148,149,150,151,152,153,154,155,156,157,158,159,160,161,162,163
96,97,99,100,101,102,103,104,106,107,108,110,111,112,113,114,115,116,117,118,119,120,121,122,123,124,125,126,127,128,129,130,133,136,137,138,139,140,141,142,143,144,145,146,147,148,149,151,152,153,154,155,156,157,158,159,160,161,162,163
97,98,99,100,101,102,103,104,105,107,108,109,110,111,112,113,114,115,116,117,118,121,122,123,124,125,126,128,129,130,131,132,133,134,136,137,138,139,140,141,143,144,145,146,147,148,149,150,151,152,153,154,155,156,157,158,159,160,161,162,163
98,99,100,101,102,103,104,105,106,107,108,110,112,113,114,115,116,117,118,119,120,121,122,123,124,125,126,127,128,129,130,131,132,133,134,135,136,138,139,140,141,142,143,144,145,146,147,148,149,150,151,152,153,154,155,156,157,158,159,160,161,162,163
99,100,101,102,103,105,106,107,108,109,110,111,112,115,116,117,118,119,120,121,122,123,124,125,127,129,130,132,133,134,135,136,137,138,139,140,141,142,143,144,145,146,147,149,150,151,152,153,154,155,156,157,158,159,160,161,162,163
100,101,102,103,104,105,106,107,108,109,110,111,112,114,115,116,117,118,119,120,121,123,124,125,126,127,128,129,130,131,132,133,135,137,139,140,141,142,143,144,145,146,148,149,150,151,152,153,154,155,156,157,158,159,162,163
101,103,104,105,107,108,109,111,112,113,114,115,117,118,119,120,121,122,123,124,125,126,127,128,129,130,131,132,133,134,135,136,137,138,139,140,141,142,143,144,145,146,147,148,150,152,153,154,155,156,157,158,159,160,161,162,163
102,103,104,105,106,107,108,109,110,111,112,113,114,115,116,117,118,119,120,121,122,123,124,125,126,129,130,131,132,133,134,135,136,137,138,140,141,142,143,144,145,146,147,148,149,150,151,152,153,154,155,156,158,160,161,162,163
103,105,106,107,108,109,110,111,112,113,114,115,116,117,118,119,120,121,122,123,124,125,126,127,128,129,130,131,132,135,136,137,138,139,141,142,143,144,146,147,148,149,150,151,152,153,154,155,156,157,158,159,160,161,162,163
104,105,106,107,108,109,110,111,112,113,114,115,116,117,118,119,120,121,122,123,124,125,126,127,128,129,130,131,132,133,134,135,136,137,138,139,141,142,143,144,145,146,148,149,150,152,153,154,156,157,158,159,160,161,162,163
105,106,107,108,109,110,111,112,113,114,115,116,117,118,119,121,122,123,124,125,126,127,128,129,130,131,133,134,136,137,139,140,141,142,143,144,145,147,148,149,150,151,152,153,155,156,157,158,159,160,161,162,163
106,107,108,109,110,111,112,113,114,115,116,117,118,119,120,121,122,123,124,125,126,127,128,129,130,132,133,134,135,136,137,138,139,140,141,142,143,144,146,147,148,149,150,151,152,153,154,155,156,157,158,159,161,162,163
107,108,109,110,111,112,113,114,116,117,118,119,120,121,123,124,125,126,127,128,130,131,132,134,135,136,138,139,140,141,142,143,144,145,146,147,148,149,150,151,152,153,154,155,156,159,160,161,162,163
108,109,110,112,113,114,115,116,117,118,120,121,122,123,124,125,126,128,129,130,132,133,134,135,136,137,138,139,140,141,142,143,144,145,146,147,149,150,151,152,153,154,155,156,157,158,159,160,161,162,163
109,110,111,112,113,114,115,116,117,118,119,120,121,122,123,124,125,126,127,128,129,130,131,132,133,134,135,136,137,138,139,140,141,142,143,144,145,146,147,148,150,151,152,153,154,155,156,157,158,159,160,161,162,163
110,111,112,113,114,115,116,117,118,119,120,121,122,124,125,126,127,128,129,130,131,133,134,136,137,138,139,140,141,142,144,145,146,147,148,149,150,151,152,153,154,155,156,157,158,159,160,163
111,112,113,114,115,116,117,118,119,120,121,122,123,124,125,126,128,129,130,131,132,133,136,137,138,139,140,141,143,144,145,146,147,148,149,150,151,152,153,154,155,156,157,158,159,160,161,162,163
112,113,115,116,118,119,120,121,122,123,125,126,127,128,129,130,131,132,133,134,135,136,137,138,139,140,141,142,143,144,145,146,147,149,150,151,152,154,155,156,157,158,159,160,161,162,163
113,114,115,116,117,118,119,120,121,122,123,124,126,127,129,130,131,132,133,134,135,136,137,138,139,140,141,142,143,144,145,146,147,148,149,150,151,153,154,155,156,157,158,159,160,162,163
114,115,116,117,118,120,121,122,123,124,126,127,128,129,130,131,132,134,135,136,138,139,140,141,142,143,144,145,147,148,149,150,152,154,155,156,157,158,159,160,161,162,163
115,116,118,119,120,121,122,123,125,126,127,128,129,130,131,132,134,135,136,137,138,139,140,142,143,144,145,146,147,148,149,150,151,152,153,154,155,156,157,158,159,160,161,162,163
116,117,118,119,120,121,122,123,124,125,126,127,128,129,130,131,132,133,134,136,137,138,139,140,141,142,143,145,146,147,148,149,150,151,153,154,155,156,157,158,159,160,161,162,163
117,118,119,120,121,123,124,125,126,127,128,129,130,131,132,133,134,135,136,137,138,139,140,141,142,143,145,148,149,150,151,152,154,155,156,157,158,159,160,161,162,163
118,119,120,121,122,123,124,125,126,127,128,129,130,131,132,133,134,135,136,137,138,139,140,141,142,143,144,145,146,147,148,149,150,151,152,153,154,155,156,157,158,159,160,161,162,163
119,120,121,122,123,124,125,126,127,128,129,130,131,132,133,134,135,136,137,138,139,140,141,142,143,144,145,147,148,149,150,152,153,154,155,156,157,158,159,160,161,162,163
120,121,122,123,124,125,126,127,128,129,130,131,132,133,135,136,137,138,139,140,141,142,143,144,145,146,147,148,149,150,151,152,153,154,155,156,157,158,159,160,161,162,163
121,122,123,124,125,126,127,128,129,131,133,134,135,136,138,139,141,142,143,144,145,147,148,149,150,151,153,154,155,156,158,159,160,161,162
122,123,124,125,126,127,129,130,131,134,136,137,138,139,140,141,142,143,144,145,146,147,148,149,151,152,153,154,155,156,157,158,159,160,162,163
123,124,125,126,127,128,129,130,131,132,134,135,136,137,138,139,140,141,142,143,144,145,146,147,148,149,151,152,153,154,155,157,159,160,161,162
124,125,126,127,128,129,130,131,132,133,134,135,136,137,138,139,141,143,144,145,146,147,148,149,150,151,152,153,154,155,156,157,158,159,160,161,162
125,126,127,128,129,130,131,133,134,135,136,139,140,141,142,144,145,146,147,148,149,151,153,154,155,156,157,158,160,161,162
126,127,128,129,130,132,133,134,135,136,137,138,139,140,141,142,143,144,145,146,147,148,149,150,151,152,153,154,155,156,157,158,159,160,161,162,163
127,128,129,130,131,132,133,134,136,137,138,139,140,141,142,143,144,145,146,147,148,149,151,152,153,154,155,157,158,160,161,162,163
128,129,130,131,132,133,134,135,136,137,138,139,140,141,142,143,145,146,147,148,149,150,151,152,153,154,155,156,157,158,159,160,161,162,163
129,130,131,132,133,134,135,137,138,139,140,141,143,144,145,146,147,149,150,152,153,154,155,156,157,158,159,160,161,162,163
130,132,133,134,135,136,137,138,139,140,141,142,143,144,145,146,147,151,152,153,155,156,157,158,159,160,161,162,163
131,132,133,134,136,137,138,139,140,141,142,143,145,146,148,149,150,151,152,153,154,155,157,158,160,161,162,163
132,133,134,135,136,137,138,139,140,141,143,144,145,146,147,148,149,150,151,152,153,154,155,156,158,159,160,161,162,163
133,134,135,136,137,138,139,140,143,144,145,146,147,148,149,150,151,152,153,154,155,156,157,158,159,160,161,162,163
134,135,136,137,138,139,140,141,144,145,147,148,149,150,152,153,154,155,156,157,159,160,161,162,163
135,136,137,138,139,140,141,142,143,144,145,146,147,148,149,150,151,152,153,154,155,156,157,158,160,161,162,163
136,137,139,140,141,142,143,144,145,146,147,148,150,151,154,155,156,158,160,161,162,163
137,138,139,140,141,142,143,144,145,146,147,148,149,150,151,152,153,154,155,157,158,160,162,163
138,139,141,142,143,144,146,147,148,149,150,151,152,153,154,155,156,158,159,160,162,163
139,140,142,144,145,147,148,149,150,151,152,153,155,156,157,158,159,160,161,162,163
140,141,142,143,144,146,147,148,150,152,153,154,155,156,157,159,160,161,162,163
141,142,143,144,145,146,147,148,150,151,153,154,155,156,157,158,159,160,161,162,163
142,143,144,145,147,149,150,151,152,153,155,156,157,158,159,160,161,163
143,144,145,146,148,149,151,152,153,155,156,157,158,159,160,161,162,163
144,145,146,147,149,150,151,152,153,154,155,157,158,159,160,161,162,163
145,147,148,149,150,151,152,153,154,155,156,157,158,159,160,161,162,163
146,147,148,150,151,152,153,154,155,156,157,158,159,160,161,162,163
147,148,149,150,151,152,153,154,155,156,157,158,159,160,161,163
148,149,150,151,152,153,154,155,156,157,158,160,161,162
149,150,151,153,154,155,156,157,158,159,160,161,162,163
150,151,152,153,154,156,157,158,160,161,162,163
151,154,155,157,158,159,161,162,163
152,153,154,155,157,158,159,160,161,162,163
153,154,155,156,157,158,159,160,161,162,163
154,155,156,157,158,159,160,161,162,163
155,156,157,158,159,160,161,162,163
156,157,158,159,161,162,163
157,158,159,160,162,163
158,159,160,161,162,163
159,160,161,162,163
160,161,162,163
161,162,163
162,163
163
