n_nodes:185
n_edges:11227
density:0.65964
0,4,5,6,7,8,9,10,11,13,14,16,17,19,21,22,24,26,27,29,30,31,32,34,36,38,40,42,43,44,45,46,49,50,52,53,56,57,60,63,65,66,67,69,71,72,73,74,75,77,80,81,82,84,85,86,87,88,90,92,93,95,96,99,100,101,102,103,104,106,109,110,111,113,114,115,116,117,119,120,121,123,126,127,128,129,130,131,135,136,138,139,142,143,144,146,147,149,150,151,152,155,158,159,160,161,163,164,165,166,167,168,169,170,171,172,173,175,176,177,179,180,181,182
1,2,3,4,5,6,7,10,11,12,13,14,15,16,18,19,22,23,24,25,26,28,29,31,32,34,35,37,38,39,41,42,43,45,46,47,48,53,54,57,58,59,60,61,62,64,65,66,68,69,70,72,74,76,77,79,81,82,83,85,87,89,91,92,94,95,97,98,99,100,101,103,104,105,106,107,108,111,114,115,116,117,119,120,121,122,123,125,126,128,129,131,132,133,135,136,137,140,141,142,143,144,146,147,150,151,153,154,155,156,157,158,160,161,162,163,164,166,169,170,171,172,173,174,175,178,181,182,183
2,3,4,5,6,7,8,10,11,13,14,15,16,20,22,24,25,28,30,33,34,38,39,40,41,46,47,48,49,51,52,53,54,55,56,57,58,59,60,65,66,67,68,70,71,73,75,76,78,80,82,84,85,86,87,88,89,91,92,94,96,99,101,102,104,106,108,110,114,115,116,117,118,119,120,122,123,124,128,129,131,132,134,135,136,137,138,139,142,144,145,146,148,149,152,153,156,157,159,161,162,163,164,167,168,170,171,173,174,175,176,177,178,179,181,183
3,4,6,7,8,10,11,13,15,16,18,20,23,25,26,28,30,31,32,33,34,35,36,37,38,39,41,44,45,46,47,48,49,50,53,55,56,59,60,61,62,63,64,65,66,68,69,70,71,72,73,74,75,76,77,79,80,82,84,86,87,88,89,90,94,95,97,98,99,100,102,103,105,106,107,108,110,113,115,119,121,123,124,125,126,129,130,131,132,133,134,136,138,139,140,142,143,144,147,148,149,150,151,152,154,155,160,161,162,164,165,170,171,173,174,175,177,179,180,181,183,184
4,5,7,9,11,12,13,14,16,20,21,22,27,29,30,31,32,33,34,35,37,39,41,42,43,46,48,49,51,53,54,55,56,58,59,60,61,63,65,66,68,69,70,72,73,74,75,76,78,79,81,83,85,87,89,90,92,93,94,95,96,97,98,100,101,102,103,104,105,106,107,109,114,115,116,117,119,121,122,123,126,130,131,132,133,135,137,138,139,141,144,145,149,150,152,153,155,156,158,159,165,166,167,170,171,172,173,174,176,177,178,180,181,183,184
5,7,9,10,11,12,13,14,15,16,18,19,20,23,24,26,27,28,29,30,32,33,34,36,37,38,39,42,44,45,46,47,48,49,51,55,56,57,59,61,62,63,64,65,67,68,70,73,76,77,78,80,81,84,86,87,88,91,93,95,96,97,100,101,104,105,106,107,108,109,110,116,117,118,119,120,121,122,125,126,127,128,130,131,134,135,137,139,141,142,143,144,146,148,150,151,154,155,156,157,158,160,161,162,163,164,166,169,170,171,173,176,177,178,179,180,181,182,184
6,7,8,10,11,14,15,16,17,19,20,24,25,28,29,30,31,32,33,34,35,36,38,39,40,41,42,43,44,45,46,49,50,51,52,53,54,55,56,57,58,59,60,61,62,63,65,66,68,71,72,73,74,75,76,77,79,80,81,82,83,85,86,90,92,93,99,101,102,104,105,106,107,108,111,112,113,116,117,118,120,121,122,124,125,126,127,129,130,132,138,140,141,142,144,147,148,151,153,154,155,156,157,158,159,161,162,164,166,167,168,170,172,174,178,180,181,182,184
7,9,10,11,15,16,18,19,20,21,22,23,25,27,28,30,31,32,33,35,37,38,39,40,42,43,45,48,49,52,55,58,59,60,62,64,66,67,68,70,71,73,74,75,76,77,78,79,81,84,85,87,88,89,90,91,92,93,94,95,97,98,100,101,102,105,106,108,109,110,111,112,113,114,116,117,118,119,120,122,124,125,127,128,129,131,132,133,136,138,140,141,143,144,146,147,148,149,150,151,152,153,155,156,157,158,159,160,162,163,166,167,168,169,170,171,172,173,174,175,176,177,178,179,180,181,182,183,184
8,9,11,12,16,18,19,20,21,22,23,25,26,29,31,33,35,40,43,44,45,46,47,48,49,50,54,55,57,58,59,61,62,63,64,65,66,68,72,75,78,79,80,81,82,83,84,85,86,87,88,90,92,94,96,97,98,99,100,102,103,104,105,107,108,110,112,113,114,115,116,118,120,125,126,127,128,129,131,132,133,134,136,137,138,141,142,143,144,146,148,151,152,154,155,157,158,159,161,164,165,168,169,171,172,173,174,175,176,177,178,179,180,182,184
9,10,11,13,14,17,18,19,20,22,23,24,26,27,28,30,31,33,34,35,37,38,40,42,44,45,46,48,52,54,59,62,63,66,67,68,70,71,73,75,76,77,79,80,82,83,84,86,87,88,89,91,93,95,96,97,98,99,102,104,105,106,109,110,111,112,113,114,116,117,118,119,121,122,123,124,125,127,131,132,137,138,139,140,142,143,146,147,148,151,152,153,154,155,156,157,158,161,162,163,164,165,166,171,172,174,176,177,178,182,183,184
10,11,14,15,17,18,19,20,21,22,24,25,26,27,33,35,36,40,43,44,45,46,47,48,49,51,52,53,54,55,56,58,59,60,62,67,68,69,70,71,72,73,74,78,79,80,82,83,86,87,88,89,90,91,92,94,97,98,101,102,104,105,106,107,108,110,111,112,115,117,122,123,125,126,127,128,129,130,131,133,134,135,136,137,138,139,141,142,144,145,147,150,151,152,153,154,155,156,157,158,159,160,161,164,168,169,170,171,172,173,175,177,178,179,180,181,182,183
11,12,13,16,17,18,19,23,24,25,27,29,30,31,34,35,36,39,40,41,42,43,44,45,47,48,49,50,51,53,54,55,57,60,61,62,63,64,67,69,72,73,75,76,78,79,80,81,82,83,85,86,87,88,91,92,93,96,97,99,100,101,104,106,107,109,111,112,114,115,116,117,118,121,122,123,127,128,129,131,132,134,135,136,137,139,141,142,144,146,147,149,150,152,155,157,158,159,160,161,163,164,165,166,168,169,170,171,172,176,178,182
12,13,14,15,17,18,19,21,22,23,25,26,27,29,30,31,32,33,34,35,36,37,39,40,42,43,46,47,48,49,50,52,53,55,56,57,58,59,61,63,70,71,72,73,75,76,77,78,79,80,81,83,84,85,90,92,94,95,96,97,100,101,102,103,104,105,106,107,108,109,110,111,114,115,116,117,118,120,124,126,127,128,129,130,133,134,135,136,137,138,140,141,142,144,146,147,148,149,150,151,154,155,156,157,158,159,161,162,163,164,165,166,167,168,169,170,173,177,178,180,181,182
13,15,18,19,21,22,24,25,26,27,28,30,33,36,37,39,40,41,42,43,44,46,47,50,51,52,54,55,56,57,59,60,61,66,67,68,69,71,72,74,75,77,78,80,81,82,83,84,86,87,88,89,92,93,94,95,97,98,100,101,102,103,107,109,113,114,115,116,119,121,122,123,124,125,126,127,131,132,135,136,137,138,139,140,143,145,146,147,149,151,152,154,155,156,158,159,161,162,165,166,168,169,171,172,174,175,176,178,180,182,184
14,17,19,20,25,26,29,30,31,32,33,34,35,36,37,38,39,40,41,42,43,48,49,51,52,53,54,55,56,59,60,61,62,64,66,67,70,71,72,73,75,77,81,83,87,88,89,90,93,94,95,97,98,99,100,102,105,106,107,109,110,111,112,114,116,118,119,120,121,123,124,127,128,130,131,132,133,135,137,138,139,141,142,143,144,146,147,148,150,153,154,155,156,160,161,162,163,164,165,166,167,168,170,173,174,175,176,178,179,180,183,184
15,16,17,18,19,20,22,23,24,26,27,28,29,30,31,33,34,36,37,39,40,41,42,43,44,45,46,48,49,50,51,52,53,54,55,57,61,64,66,67,68,69,73,74,75,76,77,78,79,80,82,83,84,85,86,87,88,92,93,94,95,97,98,100,101,102,103,105,107,109,111,112,113,114,115,116,119,120,122,123,124,125,126,128,129,132,133,134,135,136,139,142,143,144,146,149,150,153,154,158,159,161,162,163,164,165,166,167,168,169,170,171,173,175,176,177,178,179,182,183
16,17,20,23,24,25,26,27,28,29,30,31,34,35,36,38,41,42,43,44,47,49,50,53,54,55,56,57,58,59,60,61,62,63,64,65,66,67,68,70,71,74,76,77,79,82,83,84,85,87,88,90,92,93,94,95,97,98,99,100,101,102,105,106,107,108,109,110,112,113,114,115,116,117,118,120,122,123,124,125,126,129,130,131,139,140,142,145,146,149,150,152,153,154,156,157,158,159,160,161,162,163,164,165,168,169,170,171,172,173,174,177,178,179,180,182,184
17,18,19,21,22,23,24,25,27,29,31,33,34,35,36,39,41,43,44,45,46,51,52,53,55,57,58,59,61,62,63,64,65,67,68,70,71,72,74,75,76,77,80,81,86,87,88,89,90,92,93,94,95,96,99,100,105,110,111,112,113,115,116,119,120,122,123,125,127,128,131,132,136,137,138,139,140,141,142,143,145,146,148,149,153,154,155,156,157,158,159,160,162,163,164,165,166,167,168,170,171,172,173,175,176,177,178,179,180,183,184
18,19,21,22,24,25,26,27,30,32,33,34,37,38,39,40,42,43,44,47,48,51,52,53,54,57,59,62,63,66,68,69,70,72,73,74,75,76,77,79,80,82,83,84,85,86,87,88,89,90,91,93,94,102,103,104,105,108,110,111,112,114,116,117,120,121,122,123,124,128,132,133,135,136,137,138,139,141,142,144,145,146,148,150,151,152,153,155,156,158,159,160,163,166,167,169,170,171,175,177,179,180,181,183,184
19,20,21,23,24,26,27,29,30,32,33,34,37,38,40,41,42,43,44,45,46,48,50,51,53,56,59,60,62,64,65,66,67,68,70,72,73,75,77,80,81,82,83,84,85,88,89,90,92,95,98,101,102,105,108,109,110,111,112,115,117,120,122,123,124,125,126,127,128,129,130,133,134,135,138,140,141,144,146,148,149,150,152,155,156,157,158,159,160,161,164,165,166,167,170,171,173,174,175,177,179,182,183
20,22,24,25,26,27,28,29,31,33,34,37,38,39,41,42,43,44,46,48,49,50,52,53,54,55,56,57,59,61,62,63,64,65,66,67,70,71,72,73,74,76,78,80,81,84,87,88,89,90,92,93,94,95,97,98,99,102,103,104,105,106,107,108,110,111,112,113,115,116,117,118,119,120,121,122,123,124,125,126,127,128,129,131,132,133,137,138,139,142,143,147,148,149,150,151,153,154,156,157,160,161,163,164,166,168,172,173,174,175,176,179,181,182
21,22,24,25,26,31,32,33,34,39,40,41,43,44,47,48,49,51,52,53,56,57,58,59,61,62,63,65,67,68,69,70,71,72,75,76,77,78,79,80,81,83,84,85,89,90,91,93,95,96,101,102,103,104,105,106,107,108,109,110,113,114,116,119,120,121,126,127,129,130,134,136,137,138,140,142,143,145,146,147,148,149,151,152,153,155,156,157,159,160,161,163,165,169,170,171,172,173,174,175,177,178,179,181,182,184
22,23,26,27,28,29,30,31,32,33,34,36,37,39,40,41,42,44,46,47,49,52,55,57,60,61,62,63,65,66,67,68,69,70,72,73,74,75,76,77,78,79,80,82,83,84,85,87,89,91,93,95,96,97,99,100,102,103,104,106,107,108,109,110,111,112,114,116,120,122,123,124,125,126,129,130,131,132,133,134,135,136,137,138,139,140,141,142,143,146,147,149,151,152,153,154,156,157,158,163,164,165,166,167,168,169,171,173,174,175,176,177,178,181,182,183,184
23,24,25,26,27,28,29,30,33,34,36,37,40,41,43,44,46,50,52,53,55,56,58,60,62,63,65,67,68,69,70,71,72,74,76,77,80,81,82,85,88,90,91,92,93,95,97,99,100,101,102,103,104,105,107,108,110,111,113,114,115,116,119,120,121,123,124,125,126,127,128,129,130,131,134,136,137,138,139,140,141,142,143,145,148,153,156,158,162,163,164,165,166,167,172,173,174,176,177,179,180,181,183,184
24,26,27,29,30,31,32,33,34,36,37,38,40,41,42,45,46,47,48,49,51,52,56,58,59,61,66,67,68,69,70,73,76,77,78,79,80,81,82,83,84,85,87,91,92,93,94,96,97,99,100,101,104,105,106,107,109,110,113,114,116,118,119,120,122,124,125,126,129,130,132,133,134,136,139,140,141,142,143,146,147,148,149,150,151,152,153,155,156,157,160,161,163,165,166,167,168,170,171,172,174,175,176,179,180,183,184
25,26,27,28,29,30,33,34,37,38,39,40,42,44,45,46,47,50,51,52,54,55,56,59,61,62,63,64,65,66,67,69,70,73,74,75,76,77,78,79,81,83,84,85,86,88,90,91,92,93,95,97,99,100,102,104,105,106,107,108,110,112,114,115,116,117,119,120,121,122,123,124,125,126,127,128,129,131,132,133,134,135,137,139,141,143,144,145,147,148,152,153,155,158,159,161,162,163,164,165,166,167,170,172,173,174,175,176,178,180,182,183,184
26,28,29,31,33,35,36,37,38,39,41,45,47,48,49,50,52,53,56,58,60,62,63,64,68,70,71,73,74,75,76,77,78,79,80,83,84,85,86,87,89,90,91,92,93,94,95,97,99,100,101,102,104,105,106,108,110,111,112,113,115,116,119,121,122,123,124,127,129,132,134,136,137,138,139,141,142,143,144,145,148,149,150,152,153,154,156,157,158,159,160,161,162,164,165,166,167,169,170,171,172,173,174,176,177,178,179,182,183,184
27,28,29,30,34,37,39,40,41,42,43,46,50,51,52,53,55,56,57,58,59,61,62,63,64,67,71,72,73,74,76,78,81,84,85,86,87,89,90,92,93,95,97,99,100,101,102,103,105,106,107,108,109,111,112,113,114,115,116,117,118,122,124,125,126,128,129,131,133,134,135,136,137,138,141,142,144,145,148,149,151,152,153,155,156,158,159,160,162,163,164,165,166,167,168,170,171,172,175,176,179,181,182,183
28,29,30,31,35,36,37,41,42,43,46,49,51,52,55,56,59,60,62,63,64,65,66,68,73,74,75,76,77,78,79,80,81,82,83,84,85,86,87,90,91,92,93,95,97,98,99,100,103,104,106,107,109,110,112,113,114,115,116,117,119,120,121,123,124,125,126,128,129,133,134,136,139,140,141,143,144,146,149,151,152,153,154,156,157,158,159,160,162,163,164,165,166,168,170,171,172,173,176,177,178,179,180,182,184
29,30,31,33,34,36,37,38,41,42,45,47,48,50,51,52,53,60,61,62,64,65,68,73,74,75,76,77,78,79,80,81,82,86,88,89,91,92,95,97,98,99,101,105,107,108,110,111,112,113,114,115,122,123,125,126,127,130,131,133,134,135,136,137,138,143,144,145,146,147,148,149,150,153,155,159,160,161,163,165,166,170,172,173,174,177,179,180,181,182,183,184
30,32,34,37,39,42,43,44,45,47,48,49,50,51,55,56,57,58,59,61,64,65,66,67,68,71,72,73,74,75,77,78,83,85,86,87,88,89,90,91,93,94,96,98,100,101,105,106,108,109,111,112,114,116,117,118,119,121,122,124,125,126,127,129,131,133,135,137,138,139,140,141,142,143,144,146,147,148,149,150,151,152,153,154,156,158,159,160,161,162,163,166,167,169,171,172,173,174,175,178,179,181,182,183,184
31,32,33,38,39,40,41,43,44,45,46,47,48,49,50,52,53,55,58,60,64,65,69,71,72,73,74,75,77,78,79,81,83,84,89,92,93,95,96,97,98,99,100,101,103,104,105,106,107,108,109,110,113,116,117,119,120,124,125,126,127,128,129,130,134,135,139,140,141,142,143,144,145,146,150,152,153,154,155,156,158,159,161,162,163,166,167,168,169,171,173,176,178,180,181
32,33,35,37,38,40,43,45,46,50,51,52,55,56,58,59,60,61,63,65,66,68,73,75,76,80,81,82,83,84,85,86,87,92,93,97,98,99,103,105,107,109,110,111,112,113,114,116,117,118,120,122,123,124,127,128,129,131,132,135,137,139,141,143,144,146,149,151,152,154,155,156,157,159,161,163,164,165,167,168,169,172,173,176,177,179,183,184
33,34,36,37,40,41,42,43,44,45,47,48,49,50,51,53,57,58,60,62,63,64,65,67,69,74,75,77,78,83,85,87,88,89,90,91,93,95,96,98,100,101,102,103,104,105,106,107,108,110,111,113,114,118,120,121,123,124,125,126,127,128,129,130,131,132,135,136,137,138,143,144,145,146,147,149,150,151,152,153,155,157,158,159,161,162,163,165,166,167,168,170,171,173,174,175,176,178,179,180
34,37,38,40,42,43,44,47,48,52,53,55,56,58,59,61,62,63,69,70,71,72,73,74,76,78,82,83,85,88,89,90,91,92,96,97,98,99,100,101,102,103,105,106,107,108,109,110,111,113,114,115,116,117,118,120,122,123,127,130,131,132,137,138,139,142,144,145,146,147,148,149,151,153,154,155,158,159,160,161,162,163,169,171,172,173,174,176,178,180,183,184
35,36,37,39,40,41,43,44,46,48,49,51,52,55,56,57,58,59,60,63,64,68,70,72,75,76,77,79,80,82,85,86,87,88,90,91,92,97,100,101,102,103,107,110,111,114,116,119,120,123,124,126,127,129,130,131,132,134,135,136,137,138,139,141,143,145,146,149,150,151,152,153,154,156,157,158,159,160,161,162,163,168,170,173,174,175,178,180,181,183,184
36,37,38,39,40,42,44,45,47,48,49,50,51,52,53,54,59,60,61,62,63,64,65,67,68,72,73,74,76,77,80,81,84,85,88,89,91,92,93,94,95,97,99,100,101,104,106,107,108,109,110,111,114,115,116,117,118,120,122,123,125,126,127,128,129,130,131,132,133,134,135,137,138,140,141,142,145,146,147,148,151,152,153,154,155,156,157,159,160,164,165,166,168,169,170,171,172,173,174,175,176,178,180,181,182
37,38,39,40,41,42,44,45,47,48,49,50,51,52,53,54,55,56,60,62,63,65,66,67,68,70,71,75,76,77,78,79,80,81,84,85,86,87,88,89,90,91,93,96,97,98,99,100,102,103,105,106,107,110,111,112,113,115,116,117,118,121,122,124,126,127,128,129,132,133,135,136,137,138,139,140,141,144,145,146,147,148,149,151,152,155,156,158,159,160,161,163,164,168,170,173,174,176,178,179,180,181,182,183
38,39,40,41,42,44,47,48,50,51,52,53,56,58,60,61,62,63,64,65,66,67,68,71,72,74,75,77,78,79,80,81,82,83,84,85,86,87,88,89,90,91,92,94,96,97,99,100,101,102,103,104,105,108,109,110,111,112,113,114,115,116,117,118,119,121,123,124,125,128,129,131,133,135,136,137,139,141,144,145,148,149,150,151,153,154,155,157,160,161,162,163,164,166,167,168,171,173,174,175,176,177,178,179,181
39,40,41,42,43,45,48,50,51,53,54,55,58,59,60,61,63,64,66,67,68,72,73,75,77,79,80,81,85,87,90,91,92,94,95,96,98,100,102,103,105,107,108,109,110,111,115,118,119,120,121,123,124,127,128,129,130,131,132,133,134,136,137,139,140,142,143,144,145,146,147,148,149,150,151,156,157,158,159,162,163,164,166,167,168,171,173,174,177,179,180,182,184
40,41,43,44,45,46,47,48,49,50,52,53,54,55,56,59,61,62,63,64,65,66,69,70,71,73,77,78,80,83,84,86,87,88,90,91,94,97,99,100,101,103,105,106,107,108,109,111,112,113,115,116,118,119,120,121,122,123,124,125,127,128,131,133,134,135,136,137,139,145,147,150,151,153,155,156,157,159,160,161,164,166,167,168,169,170,171,172,173,175,176,177,178,179,180,181,184
41,45,47,48,49,50,52,53,54,56,57,58,61,62,63,64,66,67,68,69,72,74,75,79,80,81,82,83,86,87,89,90,91,92,93,94,95,96,97,98,101,103,106,107,108,111,115,117,119,120,123,124,125,126,128,129,130,131,132,133,134,136,137,138,139,143,144,146,151,152,153,155,156,159,160,161,162,163,166,168,169,170,172,173,174,177,179,183,184
42,46,47,48,50,51,52,53,55,57,59,61,63,64,65,66,67,68,69,70,72,74,75,76,80,81,83,84,85,86,88,89,90,91,92,93,94,95,97,98,99,100,101,102,104,105,107,110,111,113,114,117,119,120,123,124,126,129,131,133,136,137,139,140,141,143,145,146,148,149,150,152,154,155,156,157,160,161,162,163,164,166,167,168,169,170,171,172,173,174,175,176,177,178,179,181,182
43,44,45,46,47,48,49,52,55,56,57,58,60,61,62,63,64,65,67,68,69,71,72,73,76,77,78,80,82,83,85,91,94,95,96,99,101,102,104,105,106,107,108,111,112,113,114,115,116,117,118,121,122,123,124,127,128,129,130,132,133,134,135,136,137,139,140,145,147,148,149,152,153,154,155,158,159,162,163,164,166,167,169,170,171,172,174,176,178,179,180,181,182,183
44,45,46,47,48,49,51,52,53,57,59,60,61,62,63,65,66,70,71,72,73,74,77,79,82,83,84,85,86,88,89,92,93,95,96,98,99,101,102,103,104,105,106,107,108,109,110,111,115,118,121,122,123,124,128,129,131,133,134,135,137,138,141,143,145,146,147,148,149,150,151,152,155,157,158,159,160,161,163,165,167,168,169,170,172,173,174,176,179,180,181,182
45,47,48,49,51,52,53,54,57,59,60,62,63,64,67,68,69,70,71,72,75,77,78,79,82,83,84,85,86,87,89,90,91,94,95,96,98,99,101,105,107,108,109,112,113,114,115,116,117,118,121,123,124,126,127,129,131,133,134,135,136,137,140,141,142,144,145,146,147,148,149,153,154,155,157,158,159,160,165,166,167,169,170,172,173,175,176,177,178,179,180,181,184
46,47,48,49,52,54,56,57,58,59,60,61,64,65,68,69,70,71,72,73,75,76,77,78,79,80,81,82,83,85,86,87,88,89,90,91,92,93,94,99,100,101,102,103,104,106,108,109,110,112,114,116,117,118,120,121,127,128,129,130,131,132,133,134,135,136,137,142,143,145,146,147,148,150,151,152,153,155,158,160,163,164,165,167,169,170,172,174,176,177,179,180,182,184
47,48,50,51,52,53,55,56,57,58,59,60,63,64,65,67,68,72,76,77,78,79,80,81,82,84,85,86,87,88,89,90,93,94,96,97,98,101,102,103,108,109,110,112,114,116,117,118,119,120,121,124,126,127,128,130,132,133,134,135,137,139,140,143,144,145,146,147,148,150,151,152,154,156,157,158,159,160,162,163,164,165,167,168,172,173,174,177,178,179,181,182
48,50,51,53,55,56,60,61,66,70,71,72,75,76,77,79,80,81,82,83,87,88,90,91,93,94,95,96,98,99,100,101,103,104,106,108,109,110,111,112,113,116,117,119,120,121,122,123,124,125,127,128,130,135,136,137,138,139,141,142,144,146,148,149,150,151,152,153,154,155,156,160,161,162,163,165,167,168,169,171,172,173,174,175,176,178,179,180,181
49,50,53,54,57,60,62,63,66,67,69,70,72,74,76,77,78,79,81,82,83,84,86,88,89,90,91,95,96,97,98,99,100,104,107,108,109,110,112,113,114,115,116,118,119,120,121,122,123,125,126,128,129,130,131,132,134,136,138,141,143,144,145,147,150,154,158,159,160,161,163,164,165,166,167,168,169,170,171,172,173,174,175,176,178,179,180,181,182,183,184
50,52,54,55,56,57,58,60,62,64,65,66,67,68,70,72,73,74,75,76,77,78,79,80,82,83,84,85,86,87,88,90,92,93,94,95,96,98,100,102,103,109,110,111,112,114,116,118,119,122,124,126,128,129,130,131,132,133,134,136,137,138,141,142,143,144,145,147,149,151,152,154,155,158,159,160,163,164,165,166,167,168,169,170,171,172,174,175,176,177,179,180,183,184
51,52,54,56,57,58,60,61,62,63,64,65,66,68,69,71,72,74,75,76,77,78,79,82,83,84,85,86,87,88,89,90,91,92,94,95,96,97,98,99,100,102,103,104,105,106,107,108,109,110,111,112,114,115,117,118,119,120,121,122,124,128,130,131,132,133,134,135,137,138,140,141,142,143,146,147,148,150,151,152,155,158,159,160,161,167,171,172,174,175,176,179,180,181,182,183,184
52,53,54,55,56,57,58,59,61,62,63,64,67,68,69,70,71,72,73,74,76,79,80,81,82,83,84,85,87,88,89,90,91,92,93,95,96,97,98,99,100,101,103,104,106,108,110,111,114,115,116,117,118,119,120,121,125,126,127,128,129,130,132,133,135,136,137,138,139,140,141,144,145,146,147,148,149,150,154,155,156,157,158,160,161,163,164,165,166,168,169,172,175,176,178,179,180,181,182,183,184
53,54,55,56,58,60,61,63,64,65,66,68,69,71,73,74,76,78,79,80,81,82,83,86,87,88,89,91,92,93,94,95,97,98,102,103,104,105,106,107,108,110,112,115,116,117,118,120,122,123,124,127,130,132,133,134,135,137,138,139,140,144,145,146,147,148,150,152,153,155,156,157,158,159,160,161,162,163,166,168,170,171,173,174,176,178,179,181,182,184
54,55,57,59,60,61,64,67,68,69,70,71,72,73,74,75,76,77,78,79,80,81,84,85,86,87,89,91,92,93,96,97,99,101,104,106,107,108,109,111,112,114,117,118,119,121,122,124,125,127,128,132,133,140,141,143,144,146,149,150,151,152,153,154,155,156,157,158,159,160,161,162,165,170,171,172,173,174,176,177,178,179,180,182,183,184
55,56,57,59,61,62,63,64,65,68,69,70,72,73,74,76,77,81,82,83,84,85,87,88,89,92,96,97,99,100,101,103,104,105,106,108,109,110,113,114,116,117,120,121,122,123,126,127,128,129,131,132,133,135,138,139,144,146,147,152,154,155,156,157,158,161,165,166,168,169,171,172,175,177,179,180,182,183
56,57,58,59,60,61,62,63,64,65,66,67,69,70,71,72,73,74,75,77,79,80,81,84,85,88,89,90,91,93,94,95,96,97,98,99,100,102,103,105,106,107,108,109,110,113,114,115,116,117,118,119,120,121,122,125,126,128,130,131,132,135,136,137,138,141,144,145,146,147,148,149,150,151,152,153,154,155,156,157,158,160,161,162,163,166,167,168,169,170,171,173,174,176,177,179,181,183,184
57,58,60,61,62,63,65,66,67,68,72,74,76,77,79,80,83,84,85,89,90,92,94,95,96,99,100,101,102,103,104,105,109,114,116,117,119,120,121,123,125,126,127,128,129,131,132,135,136,137,145,146,152,153,154,156,157,158,159,161,162,163,166,168,169,170,171,173,174,175,176,178,180,181,184
58,59,60,61,63,64,66,68,69,70,71,73,75,77,79,80,81,83,84,85,86,87,88,89,90,91,94,95,96,97,98,99,100,102,103,105,106,107,108,109,110,112,114,115,116,117,118,119,123,124,126,128,129,130,131,132,134,136,138,139,140,141,142,144,145,147,148,149,151,152,156,157,159,160,162,165,166,167,169,172,173,174,175,177,178,179,180,181,182,184
59,62,64,65,66,67,68,69,71,73,74,77,78,79,81,83,84,85,86,87,88,89,92,96,98,99,100,102,103,104,106,107,108,109,114,116,117,118,121,122,123,124,125,127,128,129,130,131,133,134,135,137,139,141,142,143,144,145,147,150,152,153,156,157,158,159,160,164,166,168,169,170,171,174,177,179,180,182,183,184
60,61,63,65,66,69,73,76,77,79,80,83,84,85,86,88,94,95,96,97,98,100,101,102,103,104,105,106,108,109,110,111,112,113,115,116,117,118,119,120,121,122,123,124,125,126,127,129,130,131,132,133,134,135,136,137,138,141,142,143,144,145,147,149,150,151,154,155,157,159,160,161,163,166,167,168,169,171,173,174,175,176,178,179,181,182,184
61,62,63,66,67,68,69,70,71,73,74,75,76,79,80,81,83,84,85,86,87,90,93,94,95,96,97,98,100,102,103,104,105,107,109,110,111,114,115,116,117,118,119,121,123,124,126,128,129,131,132,133,135,136,137,138,141,142,143,145,147,149,150,152,154,156,159,160,161,162,164,167,168,169,171,172,174,178,180,181,182,184
62,63,64,65,67,70,71,72,73,74,75,76,77,79,81,82,85,86,87,88,89,90,92,93,95,96,97,98,99,100,101,102,104,106,108,109,114,115,116,118,119,120,121,122,124,126,127,130,131,132,139,140,141,142,145,147,148,149,150,152,153,154,155,156,158,159,160,161,162,163,164,165,166,167,169,173,176,177,179,180,182,183,184
63,64,66,67,69,70,72,76,77,78,79,81,82,83,84,85,86,87,88,89,90,91,93,95,96,99,102,107,108,109,110,111,112,113,114,117,118,120,125,128,129,130,131,132,133,134,135,136,137,138,141,142,147,148,149,150,151,153,155,157,159,164,167,169,170,171,172,175,176,179,180,181,182,183,184
64,65,66,67,68,69,71,72,75,77,80,82,84,85,87,90,92,93,94,95,96,100,101,102,104,105,107,109,110,111,113,115,119,120,121,122,123,125,126,127,129,130,131,132,133,134,135,136,137,138,139,140,142,143,144,149,150,152,153,154,155,157,158,159,160,162,163,164,165,166,167,168,169,170,171,172,173,174,175,177,178,179,180,182,184
65,66,67,69,70,71,74,75,77,78,82,83,84,86,88,90,92,94,95,97,98,99,100,102,104,105,106,108,110,111,113,114,115,116,121,122,123,126,128,129,130,131,134,135,136,138,139,140,141,142,143,144,145,147,148,149,151,154,155,161,162,164,166,167,168,169,170,171,172,173,176,178,179,181,182,183,184
66,67,69,70,71,73,75,76,77,78,81,83,84,85,86,88,90,93,95,97,98,99,101,102,103,104,105,107,112,114,116,118,119,120,123,125,127,129,130,131,133,134,135,139,140,141,143,144,145,146,147,148,149,150,152,156,157,158,159,168,175,176,177,178,179,180,181,182
67,69,70,71,72,73,74,75,76,78,79,81,82,83,84,85,87,89,90,93,94,96,97,98,100,101,102,103,104,105,106,107,109,110,111,113,114,115,117,118,119,120,121,122,123,124,125,127,128,130,131,132,133,134,135,136,138,139,140,144,145,147,148,149,151,152,153,155,156,157,158,159,162,163,164,165,166,167,168,170,172,173,175,176,177,178,179,180,181,182,183,184
68,70,73,74,76,77,79,80,81,89,92,94,95,96,98,100,101,102,103,104,106,107,108,109,110,111,113,114,115,116,118,119,121,122,123,125,127,130,131,132,133,134,135,136,139,143,144,145,151,152,156,157,158,159,163,164,166,167,168,170,172,173,174,179,181,182,184
69,71,73,74,75,77,78,79,81,82,83,85,87,88,91,92,93,94,95,97,98,99,101,102,103,104,105,106,108,109,111,114,117,119,121,122,124,125,129,130,131,133,136,137,138,139,140,141,143,144,146,148,150,151,152,153,154,155,156,157,158,159,163,164,166,168,169,170,171,177,180,181,184
70,71,72,73,75,76,77,81,83,84,85,86,89,93,94,96,98,99,101,104,106,107,111,112,114,119,121,122,124,126,127,128,129,132,135,137,139,142,144,145,146,147,149,150,154,155,156,160,161,163,165,168,170,172,174,175,176,177,178,179,180,181,184
71,72,73,77,78,79,82,83,85,86,88,89,90,91,92,94,96,97,98,99,101,102,103,104,105,106,107,108,109,110,111,113,114,115,118,120,121,123,124,126,128,129,130,132,133,135,136,137,138,139,140,141,142,145,146,147,149,150,151,152,153,154,155,156,157,158,159,161,163,165,167,169,170,172,173,174,175,177,178,179,181,183,184
72,73,74,76,77,79,81,82,83,84,85,88,89,90,91,93,94,96,97,100,101,102,103,104,105,106,108,109,113,114,115,120,121,123,124,126,127,128,129,130,131,132,134,135,136,138,139,141,142,145,146,147,148,150,151,152,153,154,155,156,157,158,160,161,162,164,165,168,170,172,181,182,184
73,74,75,76,77,78,79,80,82,87,89,90,91,92,94,96,97,98,99,103,107,108,110,113,114,117,119,120,121,122,127,128,129,130,133,135,137,140,142,143,144,145,146,147,150,151,153,156,161,163,165,168,170,172,174,176,177,178,179,180,183,184
74,75,77,79,81,82,86,87,88,91,92,93,94,95,96,97,100,101,102,103,104,107,108,110,111,112,113,114,115,117,118,119,120,123,125,127,129,130,131,139,140,142,143,144,146,148,150,151,153,154,157,158,161,162,164,165,166,168,169,170,171,173,176,177,180,181,182,183,184
75,77,78,79,81,82,83,86,87,88,89,91,92,93,94,95,96,97,98,101,103,105,107,110,113,114,115,117,120,121,122,124,125,126,127,128,131,132,133,135,136,137,138,139,140,145,146,147,148,151,153,154,155,156,157,158,159,160,161,162,163,164,165,166,168,170,171,172,173,174,175,176,177,178,179,181,182,184
76,77,78,79,80,81,83,84,86,87,88,90,92,94,96,98,99,104,105,106,107,110,117,118,119,120,121,122,123,124,125,126,127,133,134,136,137,139,141,142,144,147,149,150,151,152,154,155,156,157,159,160,162,163,165,166,169,171,172,173,174,175,177,179,181,182,184
77,78,82,83,84,85,86,88,89,90,92,95,96,97,98,99,100,101,103,106,107,109,112,114,115,117,118,120,122,123,125,126,127,128,130,131,132,134,135,137,138,139,141,142,143,145,146,147,148,149,150,151,154,155,156,159,160,161,162,165,169,170,171,172,175,176,179,180,181,182,183,184
78,79,80,82,84,85,87,90,91,92,93,94,96,98,100,101,103,104,107,109,110,111,112,115,119,120,121,122,123,124,126,128,129,130,132,133,134,135,136,137,138,142,143,144,145,146,147,148,149,150,153,155,156,161,162,166,167,168,169,172,173,174,175,177,181,182,184
79,81,82,84,85,86,87,90,92,94,95,96,97,98,101,106,108,109,111,115,117,118,120,121,123,124,126,127,128,129,130,132,134,136,137,139,140,142,143,146,147,148,149,151,152,153,155,156,158,159,160,161,162,163,166,168,169,173,174,175,176,177,178,179,180,181,182,183,184
80,81,82,83,85,86,87,88,90,94,95,96,97,98,99,100,102,103,104,105,107,111,112,115,116,117,118,120,122,125,126,128,129,131,132,133,134,136,137,138,140,141,142,143,147,148,150,151,152,153,155,156,157,158,159,162,164,165,167,168,169,170,171,172,174,175,176,179,182,183,184
81,83,87,88,89,90,91,92,93,94,96,98,100,101,102,103,104,105,106,109,110,111,112,113,117,122,123,124,127,128,129,130,131,133,136,138,139,140,141,143,144,145,146,148,149,150,151,152,154,155,156,157,160,161,162,163,164,165,167,168,170,172,173,174,176,177,178,180,181,182,183,184
82,83,84,85,87,89,90,91,92,93,94,95,96,97,98,99,100,102,104,106,107,108,109,110,111,113,114,115,116,118,119,121,124,126,127,129,132,133,134,135,136,137,139,140,142,145,146,147,148,149,151,152,153,156,157,158,161,163,164,168,169,173,178,180,181,183
83,84,85,87,88,90,91,92,95,97,99,101,103,104,106,107,108,109,110,112,114,115,116,117,118,119,121,122,123,125,126,128,129,130,131,132,133,138,140,141,143,144,145,147,150,151,153,154,155,158,159,162,163,164,167,168,169,170,171,173,174,175,176,178,179,181,182,183,184
84,85,86,87,88,89,90,91,92,94,95,99,100,101,102,103,105,106,107,108,109,110,115,117,120,123,124,125,126,128,130,131,132,133,134,135,136,137,138,139,140,142,144,146,148,150,151,153,155,157,159,161,164,165,166,167,168,169,170,171,172,173,174,176,180,181,183,184
85,87,88,90,92,93,94,95,96,97,100,101,105,107,108,109,110,111,112,116,117,120,121,122,123,125,129,132,134,137,138,139,140,141,142,144,145,146,149,150,151,153,154,155,157,158,159,160,161,162,163,164,165,166,167,168,169,172,173,174,176,178,179,180,181,183
86,87,88,89,97,98,99,100,101,102,103,105,107,108,109,110,113,116,117,118,119,120,122,123,124,125,126,127,128,130,135,136,137,138,139,140,141,142,145,146,148,149,150,152,153,154,155,156,157,159,160,161,162,164,167,168,172,173,176,177,178,180,182,183
87,88,89,90,91,93,94,95,97,98,99,100,101,104,105,107,108,110,111,114,115,116,120,121,125,126,128,130,132,133,134,136,138,139,140,141,143,145,146,147,148,151,152,154,155,156,157,158,159,160,162,163,165,167,168,169,170,172,173,174,175,176,179,180,181,183
88,89,90,92,93,94,96,97,98,99,100,101,102,106,108,109,111,113,114,115,116,119,120,123,124,126,127,128,130,132,133,136,137,138,139,140,141,142,145,146,149,153,154,155,157,158,159,162,163,165,167,168,169,171,176,177,178,181,182,183,184
89,90,92,93,95,96,97,98,100,101,102,103,104,107,108,109,110,111,112,113,115,117,118,119,120,121,122,123,125,127,129,131,132,133,135,137,140,144,145,147,148,149,151,152,153,154,155,156,157,158,159,160,161,163,164,165,166,168,169,170,171,173,174,175,177,178,179,181,183
90,94,95,96,97,98,99,100,102,103,104,105,107,108,111,112,113,115,116,117,119,121,123,124,126,128,130,132,133,134,135,138,140,142,143,146,148,150,151,152,155,157,160,161,163,164,165,167,168,169,170,171,173,175,177,179,182,183,184
91,94,95,96,97,99,100,101,102,104,105,106,107,109,111,112,113,116,117,118,122,124,125,126,127,128,129,131,133,134,136,139,140,141,142,143,145,146,147,149,150,151,152,153,154,155,157,159,162,163,164,166,167,169,171,172,173,174,175,176,177,178,180,181
92,93,94,95,96,98,99,100,102,103,105,108,109,112,114,116,120,122,123,125,126,127,128,129,130,132,134,136,137,139,142,143,145,146,147,149,150,151,152,153,154,155,156,157,158,160,162,163,165,166,167,171,172,173,174,176,178,179,180,181,182,184
93,94,95,96,97,98,100,101,103,104,106,107,108,109,110,111,115,116,117,118,121,122,125,127,128,129,130,131,132,133,134,135,139,145,146,148,149,150,151,152,153,155,156,159,160,162,165,167,168,169,171,172,173,174,175,177,178,179,181,182,183
94,96,97,100,101,105,106,107,108,109,110,111,112,113,114,115,116,118,120,121,124,125,127,128,129,131,137,138,139,141,145,146,149,151,152,155,156,157,158,159,161,162,163,164,165,167,169,170,171,172,173,176,177,178,179,180,181,182,184
95,98,99,100,101,103,104,107,108,111,113,115,116,118,122,123,124,125,126,130,131,132,133,134,135,136,137,138,139,140,141,142,143,144,147,149,150,152,153,154,158,159,160,161,162,163,165,167,170,171,172,173,176,177,178,180,181,183,184
96,97,98,100,102,104,105,107,108,110,111,113,114,115,116,118,119,123,124,125,126,129,130,132,133,134,136,137,139,140,142,145,146,147,148,149,150,151,153,154,155,157,158,160,161,162,163,165,166,167,168,169,171,172,174,176,177,180,183,184
97,98,99,100,101,103,104,105,107,109,111,113,114,116,118,119,121,124,125,126,129,130,131,132,133,135,136,137,138,139,142,143,145,149,151,153,154,155,156,157,159,160,161,163,164,165,167,168,169,170,171,172,173,174,175,176,177,179,182,184
98,99,101,102,103,104,105,106,107,109,116,118,120,121,122,125,126,127,128,129,130,132,133,135,136,137,139,141,142,143,145,146,147,148,151,152,153,154,157,160,161,162,164,165,167,168,169,170,171,172,173,174,175,178,179,180,182,183,184
99,102,103,104,105,106,107,108,109,110,112,113,114,117,118,120,121,122,123,124,125,126,127,128,129,130,132,133,134,135,136,138,140,141,142,143,144,145,146,147,149,150,153,154,155,156,158,159,160,164,165,168,171,172,173,174,175,176,177,178,179,180,181,182,183
100,101,102,104,105,107,108,111,112,113,114,115,116,117,118,119,120,121,125,126,127,129,130,131,132,135,136,137,138,139,140,141,144,149,153,154,155,156,158,161,162,163,164,165,166,168,170,171,172,173,174,176,177,179,181,182,184
101,102,104,105,106,107,108,109,110,112,113,114,115,116,117,118,121,122,123,125,126,128,129,132,133,134,135,137,138,139,140,142,144,145,146,148,149,150,151,152,153,155,157,158,159,161,162,163,164,165,168,169,170,172,175,176,177,179,180,182,184
102,105,106,108,110,111,112,114,115,117,119,120,121,124,126,127,128,129,133,134,135,136,137,140,141,142,143,144,145,148,149,150,151,152,153,154,155,156,157,158,159,161,166,167,169,170,171,173,175,176,178,181,183,184
103,104,106,109,110,113,114,115,116,117,118,122,123,124,126,127,129,131,132,133,134,141,142,144,145,146,148,149,150,152,153,154,155,157,158,159,163,165,166,169,170,172,175,178,179,180,181,183,184
104,106,107,108,110,111,112,113,116,117,118,120,121,123,124,125,128,130,131,132,134,135,137,139,140,142,144,145,146,147,150,153,154,156,157,158,160,162,163,165,166,170,171,172,173,175,176,177,179,180,181,184
105,106,108,109,110,112,115,116,119,120,121,123,124,125,132,133,134,135,138,139,140,141,142,143,144,146,147,149,150,152,153,155,156,157,158,161,162,163,164,165,166,167,171,173,174,176,177,179,180,181,182,183,184
106,108,110,112,113,114,117,118,119,120,121,123,124,125,126,127,128,129,131,134,136,137,138,139,140,141,142,144,146,147,148,150,154,155,157,159,160,161,162,164,165,166,168,169,171,172,173,174,175,178,179,180,181,183
107,108,111,115,116,119,120,121,122,123,124,125,126,127,128,130,131,132,135,137,138,139,141,143,144,145,147,150,151,154,155,161,164,169,172,173,175,177,178,179,180,182,183,184
108,113,114,116,117,118,120,121,122,123,124,125,128,129,130,131,132,135,136,137,139,140,141,143,144,145,146,147,149,151,152,155,156,157,158,159,160,162,163,164,166,168,171,172,175,176,177,180,182
109,111,113,114,115,116,117,118,119,120,121,122,123,124,125,126,127,128,129,130,131,132,133,134,135,137,138,139,141,142,143,145,146,149,150,151,152,153,157,158,159,160,161,162,163,165,166,167,170,171,172,175,177,178,179,180,182,184
110,111,112,113,114,115,116,119,120,123,124,126,128,130,131,133,134,135,136,137,138,139,140,141,143,144,148,149,150,151,152,153,155,159,162,163,164,165,166,168,169,170,171,172,173,176,178,180,181,182,183,184
111,112,114,117,118,120,121,122,124,126,128,129,130,131,133,134,137,139,140,141,142,144,145,146,147,148,149,152,153,154,155,156,158,159,160,161,163,165,166,167,168,172,173,174,177,181,184
112,114,115,117,118,119,120,121,122,124,125,127,129,130,131,132,133,134,137,138,139,140,142,143,144,145,147,149,151,154,155,156,157,158,159,160,161,162,164,165,167,168,169,170,171,172,174,175,178,179,183
113,114,115,117,118,119,120,121,122,124,126,127,128,130,134,135,136,137,138,139,140,141,143,144,145,147,148,149,150,152,154,155,156,158,159,160,162,164,166,170,172,173,175,176,179,180,181,182,184
114,115,116,119,120,121,122,123,124,127,129,132,135,137,138,140,143,144,145,146,147,148,149,150,151,152,153,154,156,158,159,161,162,163,164,168,169,170,172,173,174,176,177,179,184
115,116,117,118,121,122,123,125,126,127,128,129,130,131,132,133,135,137,138,139,141,142,143,145,147,148,149,150,152,154,155,157,160,163,164,165,166,167,168,169,170,171,173,176,177,181,182,183
116,117,119,120,121,122,123,124,126,127,130,131,132,133,135,136,137,138,139,140,141,142,143,144,145,147,148,149,152,153,154,155,156,157,159,160,161,162,166,167,168,170,171,172,173,174,176,181
117,119,120,121,122,124,125,126,129,131,132,133,134,135,136,139,141,142,143,144,146,147,148,149,150,151,152,153,156,158,160,161,162,163,164,166,167,168,170,172,173,174,176,178,179,181,184
118,119,120,122,123,124,127,128,129,130,131,132,133,135,137,139,141,142,143,146,149,150,151,153,154,155,156,157,159,160,162,164,165,166,167,168,169,170,171,172,174,175,176,177,178,179
119,121,122,124,127,128,129,131,132,133,136,137,138,139,140,141,143,144,146,147,149,150,151,152,153,154,161,162,163,169,170,172,173,174,176,179,180,182,183,184
120,121,122,125,127,128,129,132,133,135,136,137,138,139,141,145,146,150,153,154,155,157,158,161,163,165,167,168,169,170,173,174,178,179,183
121,122,124,126,128,129,131,132,133,135,136,137,138,139,140,141,142,143,144,147,148,150,152,153,155,156,159,161,162,165,167,168,169,170,171,172,174,175,176,177,178,179,180,181
122,123,124,126,127,128,129,131,132,134,135,136,137,139,140,141,142,143,145,146,147,148,149,150,153,154,155,156,157,159,160,163,164,165,167,171,172,173,175,176,178,179,180,181,182,183,184
123,124,126,129,130,131,132,133,135,137,140,142,143,147,149,150,151,152,154,157,160,165,166,167,168,169,171,172,175,177,180,181,183,184
124,125,126,127,128,129,130,131,132,133,134,137,139,141,143,144,145,146,147,148,149,151,152,153,154,155,156,157,158,162,163,165,166,167,168,171,172,173,174,175,176,177,178,179,181,182,183,184
125,127,128,130,132,133,134,135,136,137,138,142,143,144,145,147,148,149,150,153,155,156,157,158,160,161,163,164,165,166,167,168,170,172,176,177,178,181
126,127,128,129,130,131,132,133,134,135,136,141,142,145,146,149,150,151,152,153,154,155,157,158,159,160,161,162,163,165,167,168,169,170,171,173,174,175,176,177,178,179,180,181,182,184
127,129,130,132,133,134,135,139,141,142,143,144,145,146,151,152,153,155,156,157,158,160,161,162,166,169,175,177,179,180,181,182,183
128,129,130,131,134,135,137,141,143,145,148,150,152,153,154,155,157,159,160,161,164,165,166,167,168,169,170,173,174,175,176,177,178,179,180,181,182,183,184
129,130,131,132,133,134,136,137,138,139,140,141,142,143,144,145,147,149,150,151,153,154,155,156,158,159,162,163,165,166,168,169,171,172,173,174,175,176,177,179,184
130,131,132,133,134,136,139,140,141,143,144,146,147,148,152,153,154,156,157,158,159,160,161,162,165,166,167,169,171,172,173,174,177,178,179,182
131,132,134,135,136,137,138,139,140,141,145,146,147,148,149,150,151,152,155,156,157,160,161,162,163,164,165,166,169,170,171,172,173,174,175,176,177,178,180,182,183
132,134,136,137,139,140,141,142,143,147,148,149,150,151,155,156,158,159,160,161,162,163,164,165,166,168,169,171,174,179,180,182,184
133,134,135,136,139,140,141,143,144,146,147,150,151,156,157,158,159,161,162,165,167,168,169,170,172,173,174,178,180,181,183
134,135,137,138,140,142,144,145,146,147,148,151,152,156,158,159,160,161,163,164,166,167,168,171,174,175,176,177,178,180,181,183
135,139,140,141,143,144,145,146,148,149,150,151,152,154,155,156,157,158,159,160,163,164,166,167,168,169,173,176,177,179,181,184
136,137,138,139,140,143,145,146,147,151,152,153,156,157,159,160,161,162,163,164,166,167,169,171,172,174,175,177,178,181,182,184
137,140,142,143,145,147,149,150,152,154,155,156,157,158,159,160,161,162,165,166,169,171,172,173,174,175,176,177,178,179,180,182,183,184
138,139,140,141,142,144,146,147,148,149,150,155,156,157,159,160,161,163,164,166,167,169,170,171,172,173,175,177,178,179,180,181,182,183,184
139,141,142,143,144,147,150,152,153,155,157,158,160,163,164,165,167,168,169,172,173,174,175,177,178,179,180,182,183,184
140,141,143,144,145,147,148,149,150,152,153,155,156,157,158,159,161,162,164,165,166,167,168,170,173,175,178,179,180,183,184
141,143,145,147,148,149,150,151,152,153,154,156,157,160,162,163,166,167,170,173,174,175,176,177,178,180,181
142,144,146,147,148,149,150,151,154,155,157,159,160,161,162,163,164,167,168,169,171,172,173,174,175,176,177,179,180,181,182,184
143,144,146,147,148,149,150,151,153,154,155,156,158,160,161,163,164,165,166,170,172,175,176,178,180,181,183
144,146,147,148,149,151,152,153,154,157,158,159,162,163,165,166,168,169,173,175,176,177,178,179,181,182,183
145,146,147,148,152,153,154,157,158,159,161,162,163,164,165,166,168,169,171,172,174,176,179,181,183,184
146,147,149,150,151,152,153,154,155,156,158,159,162,164,166,169,171,175,176,177,179,181,183,184
147,149,150,151,152,154,156,158,159,160,162,166,169,170,171,173,175,176,177,182,184
148,150,151,153,155,156,158,159,160,161,162,163,164,165,166,167,170,172,174,176,177,178
149,150,151,152,154,155,157,158,159,161,162,165,166,167,168,169,170,173,174,175,176,177,180,182,183,184
150,151,153,155,157,158,159,160,161,162,164,165,169,170,171,172,173,175,176,177,178,179,181,182,183,184
151,153,157,160,161,162,164,166,167,168,169,172,175,176,178,180,181,183,184
152,154,155,156,157,161,162,164,165,167,168,170,176,177,178,179,180,181,182,183
153,155,156,157,158,159,161,163,166,167,169,170,172,173,174,175,176,178,180,181,182,184
154,155,158,160,162,163,166,167,168,169,171,172,173,174,176,177,178,181,182,183
155,156,157,159,160,161,163,164,166,167,168,169,170,171,172,173,178,182,183
156,157,159,161,162,163,164,167,168,170,171,172,173,175,176,177,178,179,181,182,183,184
157,158,159,162,164,166,169,170,171,172,173,174,177,178,179,180,181,182,183
158,159,160,162,164,165,167,169,170,171,172,174,175,176,178,180,182,184
159,160,162,163,164,165,166,168,169,170,172,173,174,176,177,178,179,181,183
160,164,165,166,167,168,169,171,173,174,175,176,178,179,180,183
161,162,163,164,165,167,168,170,171,172,175,176,177,179,180,181
162,163,165,166,169,171,172,173,174,175,177,178,179,180,182,183,184
163,164,166,168,169,172,173,174,175,176,177,178,179,180,181,183,184
164,165,168,170,171,172,173,175,176,178,179,181,184
165,167,169,170,171,172,173,176,177,181,182,183,184
166,167,168,170,172,173,175,176,177,179,180,182,183,184
167,168,169,171,172,173,175,176,180,181,182,184
168,169,170,172,174,175,176,180,181,182,184
169,170,172,176,177,178,180,181,182,183,184
170,171,172,173,174,175,179,181,182,183,184
171,172,173,174,175,177,178,179,181,183,184
172,173,174,175,176,177,178,179,182,183,184
173,174,177,179,180,181,182,184
174,176,177,179,181,183,184
175,177,178,179,180,181,182,183,184
176,178,184
177,178,179,181,183,184
178,179,180,181,182,183,184
179,180,182,183,184
180,183,184
181,182
182,183,184
183,184
184
