n_nodes:269
n_edges:8614
density:0.23897
0,129,258,260,7,265,266,23,192,143,146,20,22,151,152,25,26,156,154,159,161,162,165,38,167,40,170,135,257,173,157,51,180,181,182,185,202,64,65,66,68,72,74,203,204,77,207,209,85,217,222,263,227,231,108,109,238,240,113,242,115,244,245,246,119,241,122,253,247
1,235,4,133,6,263,9,18,259,21,150,151,260,27,157,30,261,160,161,164,165,38,47,158,56,185,58,188,191,64,32,33,72,201,202,204,80,209,84,90,91,221,96,225,226,99,101,233,107,108,237,110,239,242,243,244,254,255
2,128,258,134,135,264,12,141,142,173,195,21,151,26,175,28,31,33,163,36,38,39,156,42,43,45,47,176,49,50,181,54,55,57,159,62,63,66,67,68,71,177,203,76,190,81,84,96,97,100,105,225,238,240,113,161,118,119,120,121,122,251,252,170
3,256,130,199,8,10,12,15,145,18,147,22,152,28,157,30,159,160,161,37,171,45,174,49,52,53,58,189,193,66,196,71,74,75,206,82,84,87,88,217,143,93,94,98,251,101,230,108,237,240,241,264,123,125,254,255
4,130,134,263,8,10,12,13,146,25,156,29,51,34,35,170,171,175,179,180,184,58,187,60,65,200,204,206,79,209,82,212,100,225,98,228,231,124,210,239,114,245,251,252
5,128,261,134,263,265,138,45,20,23,153,27,218,262,39,40,199,173,47,176,51,53,182,183,185,59,60,190,192,193,68,54,198,71,74,241,204,206,209,210,211,84,85,90,219,92,221,228,101,102,231,105,106,109,239,112,113,114,116,122,123,252
6,128,258,260,133,134,7,10,140,145,146,22,217,153,154,28,157,30,32,161,266,36,37,166,167,129,156,43,173,49,179,53,183,57,58,168,138,181,224,262,246,70,177,78,79,80,82,212,206,216,164,90,207,93,94,223,96,263,98,228,101,231,106,235,109,210,239,113,114,115,244,118,169,249,250,255,124,213
7,179,9,139,140,13,142,145,18,147,22,152,196,29,261,161,162,36,39,168,220,42,43,178,157,48,49,50,51,52,53,183,57,186,249,191,192,65,267,68,70,202,204,77,206,207,82,84,85,87,88,164,218,216,225,226,251,228,101,232,105,106,146,112,114,244,117,121,123,124,125,213
8,130,214,134,135,265,138,268,141,142,239,145,18,149,151,46,155,231,32,162,35,36,167,173,174,176,49,50,180,54,201,185,59,192,66,68,197,242,194,73,77,207,86,249,216,217,219,221,223,96,97,226,228,230,178,105,106,39,236,109,111,240,113,114,116,121,255,127
9,259,132,260,137,138,12,15,16,18,19,148,21,150,151,25,154,160,34,243,165,241,129,169,42,135,226,47,49,178,51,52,181,182,56,168,188,266,190,65,262,68,197,199,201,77,208,210,193,85,90,91,221,98,59,100,232,236,253,112,113,147,118,247,249,125
10,132,214,137,266,268,141,143,16,147,254,151,25,157,159,32,162,36,38,168,49,178,52,55,184,180,187,188,62,245,193,194,67,68,197,72,77,34,82,86,91,223,96,97,226,99,101,259,144,108,238,240,126,246,234,200,125
11,128,129,135,264,138,140,13,256,205,149,23,156,31,32,163,164,166,241,40,42,46,48,178,53,183,184,186,188,63,193,195,69,199,74,76,77,78,79,208,81,210,213,249,207,95,96,97,229,101,103,235,108,109,238,240,113,114,115,244,121,123,124,253,254,21
12,128,256,139,13,43,131,20,21,152,26,27,159,160,35,165,40,220,171,221,48,50,180,55,190,194,196,198,71,200,210,78,141,81,37,163,84,218,92,93,222,95,224,100,230,104,109,110,238,147,245,119,248,148,125,254,127
13,129,258,235,132,133,262,136,265,138,16,147,151,201,28,29,30,261,161,35,38,167,168,44,173,46,175,266,177,180,183,56,116,58,59,189,192,67,196,198,73,75,77,206,208,81,163,84,203,92,257,225,99,195,103,259,39,236,237,110,240,241,114,243,25,187,248,249
14,128,51,262,263,137,138,215,15,144,17,19,148,22,153,27,32,33,162,38,49,168,42,173,46,177,178,179,182,183,184,267,60,266,66,195,227,54,198,203,206,211,213,214,87,88,218,219,92,221,94,97,99,228,145,232,231,236,237,238,111,115,117,121,124,255
15,128,258,132,261,262,266,141,143,16,151,260,47,157,160,161,163,49,168,43,45,46,175,176,177,52,181,182,184,180,188,62,191,194,67,70,74,75,76,78,79,80,209,84,213,88,219,97,226,100,231,105,234,237,238,239,113,116,233,124,125,126
16,192,260,133,135,136,139,268,24,148,21,22,151,152,153,26,265,29,150,261,160,166,199,174,47,49,178,51,53,182,183,56,58,215,64,32,66,203,196,70,71,194,75,77,208,87,88,228,186,223,98,100,226,106,46,236,238,240,221,248,123,200,264
17,258,132,133,262,263,138,267,145,18,147,149,150,25,154,155,28,31,161,37,38,39,168,42,45,53,55,184,57,61,190,224,67,69,199,78,81,84,142,218,91,220,222,96,225,98,101,230,209,232,105,167,236,237,240,113,242,116,117,233,252,253,166
18,258,132,150,134,139,143,146,131,22,155,28,29,30,31,133,161,34,261,166,168,145,263,44,173,174,264,51,180,236,54,60,202,62,224,69,201,74,162,78,205,213,216,169,218,220,96,225,251,100,230,103,106,107,108,111,113,114,246,119,248,249,123,125,254,127
19,257,258,259,196,134,135,141,24,153,26,28,154,158,31,32,34,165,40,170,263,172,45,175,49,178,53,54,185,58,60,181,65,67,68,228,72,201,206,81,193,142,216,89,219,220,97,98,100,105,109,240,114,116,117,233,248,191,125,126,255
20,213,135,264,138,141,144,21,27,31,161,166,39,168,169,174,175,51,52,181,55,57,186,59,61,191,64,224,68,197,199,73,74,205,80,209,227,84,41,215,88,90,250,96,225,99,100,230,107,239,113,116,212,268,119,120,121,122,125,127
21,51,136,265,142,143,22,25,137,153,154,156,158,159,160,34,164,42,50,179,180,183,56,186,60,61,192,65,267,198,71,201,74,247,208,209,86,88,217,90,219,220,95,226,251,100,229,230,232,106,236,237,238,189,240,116,245,119,123,124,234,202,255
22,209,258,178,179,136,138,139,268,27,29,160,33,34,219,134,39,168,135,45,176,177,50,51,222,182,55,184,59,61,193,262,267,197,70,71,72,73,74,205,78,80,81,210,83,84,199,88,89,90,167,220,94,95,97,98,227,256,103,104,161,144,107,236,238,189,243,264,123,124,126,149
23,129,130,235,132,265,141,143,144,147,150,153,26,155,28,157,161,35,156,173,52,53,56,185,61,191,64,66,195,73,202,75,239,206,212,213,86,87,90,221,94,229,98,227,228,101,103,104,231,111,240,258,244,247,249,251,253,126
24,128,129,130,235,260,179,264,256,143,245,148,149,217,28,29,31,176,197,219,36,37,38,167,40,169,255,174,48,49,51,54,201,57,186,159,60,189,62,63,194,164,196,69,70,71,73,202,251,79,208,254,83,84,227,87,89,91,165,96,99,166,195,223,232,105,107,109,238,239,112,168,115,190,118,119,121,191,252,126,127
25,129,258,261,134,257,215,268,147,151,153,154,28,157,158,159,163,36,168,156,43,46,50,57,180,53,238,56,185,187,202,190,191,192,194,196,197,71,201,74,209,212,87,199,99,232,233,106,110,112,59,244,117,249,122,252,255
26,256,133,262,264,137,266,151,130,146,147,150,154,155,29,30,31,33,35,36,198,167,249,43,174,178,222,265,58,187,60,191,65,83,197,70,199,73,74,75,77,78,79,81,210,163,213,215,88,219,94,258,100,101,234,115,247,121,122,123,254
27,132,262,136,137,265,144,145,150,260,28,29,30,159,32,33,163,261,41,170,47,178,52,55,57,59,62,191,193,67,72,74,183,78,207,245,209,227,220,213,86,216,89,90,219,92,94,99,100,230,102,231,105,235,108,112,241,242,115,187,118,233,248,250
28,257,196,263,266,151,237,218,159,162,155,134,38,42,45,51,180,53,55,56,267,58,61,146,194,203,68,69,200,75,34,78,141,208,212,206,215,216,90,205,220,186,165,224,225,101,103,104,109,111,112,232,115,116,246,120,191,252
29,128,259,134,265,267,237,145,174,152,153,156,158,33,262,49,168,170,171,242,46,175,176,177,52,53,184,187,62,191,195,202,203,204,77,141,80,211,212,85,249,89,205,93,95,96,225,100,233,146,113,114,244,118,247,121,250
30,253,258,129,44,256,201,149,235,31,160,33,155,164,170,172,46,176,50,51,183,184,187,188,62,192,194,161,73,202,203,77,207,205,249,91,221,95,98,251,228,229,102,226,106,231,108,174,112,115,244,246,119,120,234,250,123,42,247
31,235,260,135,138,140,130,142,143,153,218,160,34,167,170,43,172,173,46,50,179,180,58,223,189,194,195,196,69,201,74,203,79,208,214,215,216,217,90,219,250,95,96,225,228,229,102,103,39,236,146,238,239,113,115,244,119,120,249,122,42
32,107,193,139,141,142,145,149,152,153,157,161,162,35,164,39,172,46,238,56,187,188,266,65,69,224,78,79,208,82,211,36,93,222,223,96,225,99,102,231,259,233,106,167,110,59,242,244,117,247,234,126,255
33,128,260,262,129,138,144,149,151,152,153,156,166,172,242,174,47,176,49,50,180,182,55,56,59,189,65,228,68,54,199,202,183,207,81,211,86,87,217,90,220,222,223,225,100,230,231,234,107,237,110,254,114,117,118,248,251,253,126
34,257,131,134,136,139,143,155,157,164,37,167,43,175,176,49,51,182,265,184,159,188,138,192,69,199,73,77,206,80,212,89,219,93,222,96,227,100,232,234,236,116,119,250,123,149
35,256,257,259,133,226,138,267,140,143,196,150,153,154,161,219,164,37,166,167,168,173,178,51,52,182,55,184,180,188,190,245,194,67,68,69,71,200,205,84,85,88,89,91,92,221,222,223,224,225,98,99,103,242,106,107,236,110,240,114,115,244,117,246,120,121,217,213
36,257,131,132,137,201,252,151,155,157,197,163,38,177,170,135,173,136,50,55,186,59,60,191,69,73,75,207,80,209,82,83,214,87,88,92,93,223,96,98,99,166,230,103,104,188,107,237,241,211,124
37,258,261,264,215,140,141,146,147,153,154,157,158,165,38,39,174,48,177,183,163,191,192,224,195,69,72,77,205,80,210,83,85,245,87,217,91,220,93,94,223,96,229,102,231,104,252,239,112,117,118,119,248,250,200,126,255
38,137,215,140,149,155,157,158,197,165,40,41,171,46,175,49,51,236,54,184,58,59,190,191,203,196,69,70,199,210,75,208,211,87,217,219,93,130,145,232,105,234,231,108,109,240,115,245,246,233,248,253,127
39,235,266,213,146,151,152,153,155,156,150,161,163,41,263,47,49,54,184,185,60,202,62,191,258,224,203,74,75,76,206,81,84,85,86,249,216,169,90,91,93,95,96,225,98,229,230,103,234,231,108,109,241,221,243,190,119,120,148,136,125,127
40,129,257,136,236,45,145,46,217,155,160,163,164,42,171,173,174,180,183,267,187,64,193,139,197,198,199,72,268,74,75,76,81,83,86,216,89,91,263,225,195,252,106,107,108,110,111,113,243,246,248,123,124
41,256,257,259,132,134,135,136,139,268,149,153,154,158,197,160,198,169,46,176,177,53,58,187,60,190,195,69,70,71,72,202,75,76,79,214,216,49,207,250,97,226,227,228,166,231,225,236,110,111,112,241,116,62,251,122,123,252,127
42,128,129,261,231,173,267,225,196,161,162,166,167,169,171,172,45,226,176,49,52,236,182,55,56,57,58,187,66,195,68,71,73,241,76,77,83,220,142,214,88,92,186,95,96,97,98,227,101,230,145,107,108,112,168,229,247,240,251
43,133,136,141,142,144,146,150,185,156,158,214,161,165,167,168,220,263,173,47,176,50,181,54,56,57,58,61,192,262,67,196,198,200,201,203,76,84,86,87,216,89,218,91,92,186,222,223,224,97,98,227,100,229,232,235,108,109,110,113,221,250,125,126
44,260,262,263,137,142,144,147,110,152,155,265,166,172,176,177,52,54,183,184,63,66,69,202,203,80,82,84,217,218,91,92,103,108,109,238,239,114,123,125,254,127
45,209,262,136,137,138,141,142,144,149,151,153,156,160,162,219,171,259,264,178,179,222,54,58,59,68,69,70,76,205,81,82,84,143,94,95,226,99,103,232,105,106,231,238,240,113,114,115,235,187,118,248,252,125
46,128,192,134,137,140,148,151,164,264,167,170,172,174,177,50,222,54,185,187,188,189,63,64,66,67,197,198,199,194,268,202,76,78,79,80,81,212,85,217,218,94,224,229,209,106,107,238,240,247,200,253,254,213
47,256,171,129,138,268,143,144,146,149,235,154,155,157,160,170,178,174,49,50,179,52,181,182,55,184,186,59,60,61,62,193,227,197,211,177,183,77,80,163,212,216,93,224,98,99,102,226,105,106,107,108,110,239,240,113,114,115,116,241,255,124,253,127
48,128,129,132,236,138,148,150,151,156,197,161,169,170,240,177,51,53,182,55,56,58,187,61,63,64,194,67,69,71,268,74,75,77,78,79,184,211,220,91,92,94,225,226,227,101,102,103,232,252,108,189,112,254,246,122,191,124,126,255
49,256,129,130,148,149,153,198,168,135,172,242,226,264,51,234,137,58,187,60,138,190,63,192,65,66,197,70,249,241,77,79,208,82,211,212,213,186,250,90,219,93,218,188,98,101,231,259,105,106,167,108,253,113,114,147,244,119,121,122,251,125,254,255
50,257,131,132,137,138,141,146,151,175,160,165,135,178,158,54,56,58,59,189,181,64,195,196,197,198,200,76,78,79,80,85,215,89,218,219,94,96,99,230,231,107,112,115,235,117,119,217,124,125
51,129,262,137,139,140,265,143,148,153,155,197,176,156,172,180,158,219,185,188,245,195,69,71,200,55,162,79,83,84,214,121,91,92,94,95,225,99,231,237,238,241,211,116,117,118,123,127
52,256,129,133,262,264,175,145,147,160,164,165,166,169,171,179,181,54,57,59,192,193,66,67,70,71,200,74,203,77,81,227,86,217,218,92,199,229,225,98,99,100,101,102,232,106,107,111,115,122,253
53,257,130,132,264,137,266,140,258,143,146,147,265,260,176,162,244,167,226,178,179,222,55,185,223,60,241,194,196,211,200,73,75,77,206,208,83,214,87,216,228,218,92,221,94,95,98,131,229,102,145,106,236,110,113,114,116,268,169,153,250,124,125
54,129,171,263,139,130,173,145,148,235,153,154,155,157,158,133,261,165,176,177,243,181,201,58,189,190,161,72,73,202,204,141,208,82,84,86,87,88,218,220,224,97,98,100,102,259,107,109,238,112,147,212,121,251,125,255
55,131,260,261,193,130,144,152,154,220,168,169,199,56,188,62,181,65,66,195,197,71,72,258,75,204,80,212,92,224,97,227,100,101,104,60,107,238,233,249,125
56,256,132,261,129,215,140,161,147,254,156,157,159,241,168,174,189,62,63,196,70,71,74,203,77,206,205,80,209,82,83,213,87,176,92,199,223,96,102,103,104,105,106,107,109,110,240,113,115,245,169,126,247
57,235,133,264,266,267,140,143,149,150,153,159,193,161,163,166,168,172,173,175,183,184,185,188,63,65,68,69,199,268,79,80,210,83,84,216,89,207,96,226,100,229,103,105,234,231,236,109,241,116,248,217,255,170,127
58,130,261,257,136,267,140,143,146,171,155,248,240,162,164,134,179,181,183,59,61,66,203,182,70,194,73,75,201,212,219,92,97,226,259,106,107,108,238,189,112,244,268,120,249,122,200,254,127
59,256,129,258,131,178,138,192,146,151,156,231,199,174,177,179,182,266,62,64,65,68,69,71,73,75,204,77,206,205,81,214,93,229,224,98,101,103,161,107,237,113,115,190,246,248,264
60,128,130,235,134,243,136,137,267,268,222,217,158,261,163,262,263,179,185,188,61,65,66,67,228,70,71,72,77,79,214,88,89,207,221,94,100,101,230,103,104,106,167,238,113,242,115,116,119,251,253,126
61,129,262,193,139,159,165,172,176,177,253,183,184,185,188,63,65,196,71,76,204,78,207,209,82,87,89,257,100,229,102,106,107,239,240,116,246,119,120,249,217,123,234
62,129,131,133,262,264,137,139,258,107,153,265,155,165,167,171,174,178,180,188,138,64,193,194,267,227,199,72,74,247,204,78,80,83,216,92,94,95,97,187,228,101,231,208,237,240,211,118,169,120,121,124,254
63,129,131,132,261,230,146,148,151,260,158,160,262,171,175,177,184,186,64,71,200,201,74,205,207,208,82,85,86,216,89,95,99,100,229,102,209,232,233,236,210,110,241,114,243,117,118,120,121,125
64,258,235,261,134,129,137,139,268,141,145,152,158,161,262,176,242,175,177,253,182,265,185,193,66,203,68,70,199,200,73,75,204,78,207,81,82,91,93,144,105,107,108,109,210,239,112,114,190,118,120,225,123,125
65,257,130,115,133,260,266,254,132,158,160,244,166,135,172,214,174,221,178,179,181,184,190,191,187,66,203,69,74,183,76,206,245,209,82,212,213,86,217,90,93,225,99,102,259,104,188,252,236,237,189,240,147,116,117,118,262,250,124,202,255
66,262,135,265,138,140,143,216,131,152,153,159,162,244,179,185,187,190,67,196,73,74,183,204,79,211,212,214,88,89,233,220,225,226,251,101,195,104,188,236,238,241,114,147,116,246,119,248,121,122,123,126,127
67,129,132,265,139,130,152,218,160,165,171,221,181,183,185,186,266,250,191,258,196,69,71,72,202,163,84,213,228,90,93,199,95,226,212,104,105,106,236,112,232,211,120,121,122,234,254
68,192,260,135,139,268,130,143,149,152,157,158,159,214,164,168,169,176,181,137,266,190,193,194,225,202,247,77,78,205,208,212,206,86,216,224,97,226,229,102,104,105,237,239,112,244,119,248,250,125,126
69,128,257,130,132,134,193,137,142,144,195,151,158,167,249,170,171,219,215,139,188,190,162,79,81,83,84,85,185,207,97,227,102,231,233,110,111,114,115,119,212,123,253,127
70,192,130,259,138,267,140,147,149,157,159,161,134,168,221,179,183,184,195,246,198,200,75,206,207,80,212,93,222,97,100,209,233,106,231,208,109,238,239,243,245,118,119,251,124
71,256,264,139,131,148,185,158,159,240,165,166,171,181,180,190,192,193,198,200,201,74,204,77,245,254,227,214,87,91,95,225,98,99,228,215,231,232,105,107,110,112,243,116,117,119,251,252,170,126,127
72,258,259,262,257,139,146,150,156,261,163,164,263,175,178,180,182,185,189,190,192,199,74,204,206,79,210,212,85,217,93,94,223,96,227,229,102,108,111,168,221,117,119,120,121,250,254
73,131,133,267,145,146,155,157,168,171,175,177,178,244,188,202,200,74,75,77,205,209,210,84,85,216,218,93,94,227,194,107,236,114,150,245,246,247,248,136,252,253,255
74,130,260,134,135,265,261,143,160,162,219,164,193,171,178,243,207,182,168,189,196,197,241,77,78,205,206,86,88,89,223,96,97,187,101,230,263,229,113,115,224,148,123,247,213,149
75,258,260,135,265,138,139,153,158,160,163,198,174,175,177,186,189,196,197,183,205,79,83,213,88,89,220,97,187,144,237,238,113,115,244,117,241,122,123,253,254,255
76,256,230,131,135,136,146,147,252,151,157,193,255,222,182,186,187,188,190,203,205,78,81,210,83,87,92,257,94,224,263,98,251,100,101,102,231,232,233,110,111,113,114,243,244,117,241,123,124,253,127
77,132,261,237,145,150,153,156,227,163,166,168,263,223,136,201,180,202,191,193,267,198,78,80,184,82,211,213,214,217,222,165,96,97,187,101,233,106,108,109,240,118,119,121,122,252,253,264,127
78,192,235,236,230,144,259,148,150,217,202,158,159,160,162,155,167,156,219,265,184,187,191,197,241,81,210,163,84,85,88,89,91,228,101,102,209,231,108,146,189,113,245,118,247,120,212,253,127
79,256,129,259,261,136,137,141,142,143,146,132,239,158,161,91,165,180,186,159,267,202,205,206,80,84,222,95,187,228,104,194,106,111,114,118,169,120,212,123,255
80,130,131,136,267,141,145,259,150,151,152,261,163,165,167,168,178,244,177,186,187,192,198,196,183,204,208,237,264,89,220,93,222,96,100,101,102,223,109,255,242,243,116,117,247,122,123,125,254,127
81,129,259,260,133,135,265,266,139,130,144,158,164,168,169,170,263,206,178,180,199,202,209,211,220,85,214,215,90,92,97,226,195,231,104,105,238,244,119,120,250,251,124
82,257,258,136,265,140,141,146,131,148,151,154,165,168,220,135,173,184,187,194,198,209,212,90,92,93,98,230,231,104,234,236,237,114,147,121,252,264
83,128,132,261,135,268,256,143,148,260,156,158,162,163,165,167,169,171,173,223,178,179,181,182,183,187,188,192,195,205,206,208,209,203,218,93,263,226,229,101,103,109,110,114,245,246,122,255,124,127
84,236,259,262,264,137,138,145,146,131,156,157,150,133,237,161,165,168,169,174,176,177,181,244,188,268,193,196,200,241,208,209,211,85,143,94,182,98,228,104,105,234,108,109,111,232,243,116,246,119,252
85,128,130,259,136,140,141,142,149,150,153,156,261,163,166,129,170,135,173,181,201,223,202,214,217,91,95,224,225,98,100,229,105,107,237,240,116,247,248,122,191,252,125,126
86,130,235,133,263,137,267,268,141,146,148,152,154,155,218,161,170,172,174,178,265,138,190,204,205,207,208,212,88,89,90,91,94,227,102,234,107,109,110,189,240,244,117,247,250,251,254
87,129,132,261,264,266,147,149,160,161,162,169,223,176,186,187,194,197,200,202,205,206,209,142,91,93,95,225,99,228,232,105,234,110,111,241,116,247,248,121,250,213
88,128,257,261,262,267,145,152,155,157,162,165,166,168,135,172,175,176,177,179,202,192,224,195,198,200,219,208,211,212,121,250,143,93,95,96,229,101,231,104,188,235,110,111,115,244,148,122,123,125,126
89,129,132,133,264,139,140,194,145,248,151,158,159,164,227,169,170,173,174,201,204,209,211,212,241,92,94,226,99,228,229,230,232,108,109,239,112,113,242,246,119,120,249,250,251,253,247
90,256,132,135,264,138,140,237,144,145,153,157,162,134,166,129,220,193,254,174,175,181,183,185,266,232,192,197,201,203,205,208,215,218,219,92,257,95,224,225,103,104,107,210,239,113,114,115,116,117,246,247,120,121,126
91,213,139,265,143,154,156,157,159,176,165,179,183,185,138,191,193,200,201,204,205,217,152,221,222,229,103,232,236,113,114,117,247,249,123,127
92,135,264,138,139,143,261,175,177,179,184,185,186,187,190,193,267,196,198,199,207,237,215,219,220,229,227,101,103,236,109,240,119,248,254
93,128,256,130,132,243,136,215,131,150,151,172,223,176,177,179,184,185,186,199,202,203,214,218,222,198,224,97,226,101,195,105,106,225,211,244,268,120,125,255
94,256,133,135,266,140,259,153,156,160,166,170,176,178,180,184,186,249,214,192,246,242,202,203,206,209,213,215,221,222,223,240,229,231,232,233,106,239,112,241,114,118,234,122,125,254
95,129,131,230,263,138,141,146,195,149,235,218,155,156,160,165,166,171,157,177,215,267,181,194,202,209,207,222,96,97,99,101,102,104,105,107,236,239,112,113,246,225,122,191,125
96,128,235,132,236,140,259,150,151,156,166,167,168,173,223,264,179,180,181,188,138,197,225,205,215,216,165,224,97,229,234,208,146,253,245,249,124,125,127
97,129,131,132,230,263,146,153,161,165,167,174,221,180,187,267,199,202,204,208,211,217,226,99,228,229,102,232,233,237,116,245,120,253
98,258,135,136,143,151,157,158,169,173,174,178,179,185,190,198,203,211,214,217,219,220,221,199,223,224,225,100,102,233,106,236,240,241,243,117,246,119,120,122,252,253,254,213
99,225,134,136,137,267,140,147,149,158,165,166,167,169,177,265,223,138,228,198,207,163,216,222,227,100,231,107,237,244,118,121,125,255
100,128,129,138,155,156,159,164,165,174,175,181,266,187,192,193,194,225,204,202,183,227,214,143,221,223,224,144,103,235,238,112,115,246,121,251,124,254,127
101,130,132,141,142,143,144,146,147,260,261,162,164,165,166,177,169,135,257,223,181,182,184,186,138,192,193,201,205,220,206,215,224,227,230,102,231,107,109,189,240,113,114,115,118,251,253,127
102,128,257,213,262,135,136,267,268,258,142,150,151,152,133,197,155,166,167,168,176,173,177,183,188,190,181,199,201,241,210,212,206,219,182,221,227,230,104,234,240,108,110,229,113,264,252,125,254,127
103,130,259,136,142,145,147,152,156,218,158,162,164,244,166,168,175,243,180,219,190,194,195,197,211,141,228,212,185,267,224,106,167,241,114,115,116,117,121,252,125
104,257,131,132,136,265,138,151,140,141,237,147,167,169,171,174,178,181,201,189,202,209,213,224,225,227,232,210,238,244,119,252
105,132,260,265,139,142,213,157,160,164,263,178,182,184,186,187,188,190,191,194,246,214,216,195,233,255,240,115,116,118,248,249,123,125,127
106,256,257,131,226,209,267,142,143,145,147,225,157,159,161,162,261,263,176,219,183,187,191,199,202,203,266,206,184,210,237,212,249,207,144,227,229,232,242,234,107,236,146,241,114,115,116,245,121,124,125,255
107,128,261,257,136,137,138,256,149,217,153,265,218,164,241,169,172,266,178,188,183,210,215,230,223,168,243,247,253
108,258,257,145,149,217,154,169,172,181,185,187,189,191,139,196,199,203,205,214,229,263,227,228,166,146,111,240,212,122,123,200,170
109,257,139,149,151,156,157,261,160,165,179,181,183,185,186,188,191,198,197,200,268,203,204,207,209,216,222,223,225,228,230,234,237,111,114,116,245,169,248,212,250,125,255
110,131,135,267,143,145,147,150,151,155,159,167,176,180,201,188,193,194,195,196,200,140,203,205,208,210,213,220,221,222,251,259,235,236,238,111,112,242,246,169,250,123,252,125,254
111,256,259,261,151,141,216,148,152,158,159,161,163,171,175,264,178,219,183,184,185,186,192,267,198,205,206,211,217,207,220,225,232,252,240,117,118,169,212,251,124,125,127
112,128,192,130,259,132,266,151,140,256,144,145,195,150,153,166,263,172,175,265,185,223,191,197,247,208,211,212,186,231,239,241,115,116,117,246,119,122,125
113,230,260,258,144,217,218,155,156,158,133,134,159,174,176,136,172,183,190,191,265,267,197,198,205,209,227,215,220,226,187,223,146,241,115,116,120,122,255,127
114,129,132,266,139,150,153,155,158,134,166,170,135,174,180,185,189,196,200,208,220,195,232,236,239,157,211,116,245,249,251
115,260,137,141,173,147,150,151,153,157,160,161,262,159,176,158,183,186,189,181,265,203,198,199,206,163,142,217,218,223,166,238,119,248,121,250,255,124,127
116,259,193,140,142,146,152,179,155,185,171,173,178,195,196,247,207,210,216,169,143,252,227,228,229,236,243,119,121,123,124,125
117,130,133,262,136,137,139,140,141,147,151,218,159,243,177,180,183,223,195,196,161,202,206,142,267,217,222,165,231,191,245,119,123
118,129,132,135,266,130,142,143,145,147,156,158,155,171,157,178,182,265,187,200,227,206,224,228,232,234,238,243,244,119,121,122,213
119,261,262,136,137,209,267,142,254,152,160,169,197,173,174,181,185,159,192,140,205,218,207,221,225,178,188,237,177,247,248,268,124,125,126,127
120,137,268,258,245,146,195,149,151,154,156,170,172,173,177,183,185,190,265,196,197,198,199,201,204,208,224,233,225,246,217,125,126,127
121,128,129,259,140,149,151,153,154,155,156,161,243,167,170,174,184,267,186,193,197,256,208,212,142,217,221,222,223,225,226,229,232,233,210,245,264,248,249,136,251,253,254
122,129,262,226,138,268,141,216,157,133,162,165,167,176,236,188,266,190,196,198,201,210,215,218,219,224,225,227,229,242,244,248,148,250,253
123,128,258,260,142,237,216,131,151,155,150,133,163,261,176,178,184,244,188,245,139,198,179,210,211,215,220,226,146,238,246,251,255
124,128,129,258,131,132,133,140,144,153,152,261,262,167,169,170,135,174,177,187,188,191,267,197,199,200,268,247,205,208,213,214,219,222,225,226,231,236,254
125,256,257,267,222,171,150,161,219,176,179,185,188,190,233,201,206,210,211,212,214,215,217,218,143,225,228,229,167,236,268,148,255,254,213
126,256,262,263,139,140,145,158,159,164,167,168,175,177,181,266,188,138,206,225,237,240,147,245,250,253
127,256,130,259,260,134,135,137,142,239,152,155,165,263,175,183,185,224,233,207,213,217,228,221,222,229,225,234,236,238,240,244,250,253
128,256,257,131,132,265,138,145,260,156,158,261,171,240,189,194,199,206,215,223,224,225,226,236,239,246,254,255
129,256,258,261,138,140,146,195,154,155,156,218,262,166,167,173,178,265,196,197,225,177,206,210,219,220,221,222,226,217,232,242,189,240,247,268,255
130,230,134,135,268,144,145,147,150,155,161,262,171,174,243,180,186,192,194,217,220,223,195,259,231,237,238,242,211,248,250,252,253
131,257,259,138,267,143,145,146,148,238,201,162,165,183,186,200,203,213,215,217,251,233,236,241,234,254
132,258,134,139,143,147,265,155,262,167,174,175,137,185,215,194,198,199,210,214,216,169,248,251
133,259,135,138,267,147,149,217,162,164,134,241,177,180,201,266,191,196,199,207,210,211,223,224,252,226,251,233,234,235,146,238,239,242
134,257,138,139,140,149,152,166,241,172,177,178,159,188,260,267,199,201,205,214,215,216,223,226,229,234,174,243,169,249,136,254
135,230,138,160,181,265,186,190,195,199,201,141,219,144,228,231,233,247,239,240,211,169,148,136,253
136,213,264,137,267,145,148,149,151,155,164,165,177,181,265,185,187,232,250,191,193,262,197,258,212,263,188,237,246,217,254
137,192,258,235,243,267,268,141,146,151,156,219,164,180,183,189,190,265,195,200,245,218,207,222,224,228,239,241,242,244,246,217,254
138,143,147,235,153,154,158,177,257,174,180,181,183,184,224,256,194,201,173,163,215,217,222,236,229,232,242,254,264,200
139,192,258,259,236,141,143,148,156,157,197,160,199,257,185,186,187,188,162,203,251,229,246,233,249,250,252,253,247
140,260,179,268,147,150,157,160,162,164,170,263,172,175,178,183,190,202,203,204,209,212,214,220,186,166,230,210,239,221,248
141,259,214,265,142,146,149,154,175,160,163,165,166,156,157,183,186,187,151,189,197,203,211,216,217,218,219,226,235,236,241,244,249,255,213
142,149,165,167,249,176,178,182,187,203,206,255,251,207,221,229,230,253,252,254
143,262,264,152,196,239,160,164,168,170,174,177,180,184,181,192,228,204,209,214,185,217,222,224,145,233,231,189,243,248,249,250,149
144,264,268,147,167,169,173,175,180,181,184,191,199,201,202,203,205,208,211,216,226,232,240,236,241,148
145,192,149,159,237,162,164,166,167,175,176,179,201,180,190,191,246,198,200,202,203,204,206,211,214,185,223,225,229,259,231,146,147,247,248,249,234,255
146,261,150,153,155,163,164,170,201,194,197,198,202,208,213,215,204,186,228,232,237,239,245,247,250,253
147,257,264,239,160,168,253,181,185,196,208,223,226,228,189,235,251,234
148,258,260,214,149,235,158,162,167,169,170,199,174,175,180,267,197,198,204,205,215,221,223,236,210,247,254
149,256,235,266,161,165,173,174,178,180,186,193,203,207,208,237,214,219,220,226,232,239,243,245,213
150,261,266,152,154,159,161,163,164,178,179,155,181,182,196,210,215,225,227,229,233,234,235,253,248
151,267,153,239,157,159,163,165,175,184,244,266,190,198,201,258,206,173,211,216,220,208,209,234,221,204
152,257,214,216,163,164,165,170,263,172,179,180,186,187,193,198,160,220,208,226,227,232,240,241,242,248
153,263,179,166,173,174,176,178,184,186,188,191,192,203,225,200,202,205,209,163,215,207,220,223,242,252,238,246,251
154,258,228,256,264,192,207,205,208,248,222,198,237,225,164,210,180,163,254,191
155,256,257,258,165,171,178,183,185,198,199,200,205,212,206,228,218,219,222,224,225,167,255,240,250
156,179,173,158,261,219,167,169,170,172,200,189,241,228,202,203,205,267,217,218,226,187,230,236,240,258,244,247,253,254
157,256,216,218,263,179,183,184,189,191,194,262,206,208,210,215,217,225,228,166,235,241,244,253
158,193,264,267,268,209,254,197,243,170,176,179,181,184,187,189,195,202,213,222,182,225,230,232,235,244,245,169,249,250,191
159,260,261,207,264,267,194,205,259,160,162,163,198,166,169,171,172,174,175,176,182,187,228,201,254,210,214,185,220,199,225,244,268,249,253,255
160,214,257,174,176,243,181,186,196,197,207,210,237,213,203,217,218,220,227,228,259,236,238,239,241,245,247
161,264,267,171,239,197,162,164,169,172,253,186,245,193,262,182,225,210,217,219,227,230,238,185,255
162,258,260,262,265,194,197,266,165,171,174,178,182,188,189,250,267,196,199,268,203,210,213,217,221,224,238,241,244,246,248,253
163,259,264,169,177,180,182,187,189,258,227,198,202,215,205,220,225,226,233,234,237,244,246,213
164,256,258,259,209,196,165,172,265,186,195,206,215,267,229,226,230,174,240,243,254,248,253
165,261,262,263,266,240,168,172,174,176,179,184,191,192,194,182,268,202,203,218,250,222,232,233,208,229,241,255
166,258,257,266,230,168,222,182,186,223,189,190,262,203,204,209,211,220,226,234,247,248,255
167,261,174,177,180,183,185,187,181,192,198,199,207,206,249,197,250,188,208,232,244,246,251,191
168,256,257,258,235,265,171,174,175,180,219,186,187,189,199,211,223,208,227,230,210,239,243,245,170
169,256,258,235,264,236,268,237,196,173,174,244,266,198,200,203,208,220,224,209,242,255,254,247
170,259,264,258,222,217,172,242,175,180,186,181,268,202,210,212,249,221,223,228,231,232,252,234,237,238,241,253
171,261,264,266,239,265,199,172,223,175,177,179,201,184,187,202,190,208,212,213,217,230,231,234,235,236,237,238,211,248,255
172,258,235,193,264,266,267,173,174,221,177,184,187,194,203,204,248,222,263,240,228,229,238,253,244,246,249,250,254,255
173,257,244,174,266,193,262,195,196,197,226,209,214,220,250,228,229,232,239,242,245,217,254
174,257,261,265,260,178,262,194,228,225,215,224,230,231,234,236,238,212,241,250,255
175,256,235,260,259,267,240,220,200,181,182,184,187,203,197,198,199,202,204,216,210,211,249,221,222,232,231,238,241,258,247,255,252
176,259,260,263,266,267,258,222,179,264,178,180,183,187,190,201,207,214,220,236,245,248
177,263,267,261,265,196,197,198,199,211,217,232,252,234,235,238,239,241,221,243,212,251
178,256,258,245,265,227,263,222,182,201,186,266,181,192,195,196,198,199,247,268,251,218,255,225,187,237,232,211,190,252,213
179,256,258,186,195,196,197,204,208,227,238,211,250,252
180,209,260,263,256,182,184,187,188,196,197,198,204,207,216,217,220,221,223,234,235,189
181,230,259,261,268,256,196,264,223,188,189,192,201,203,207,209,214,228,222,263,226,229,234,238,253,254,212,213
182,262,266,267,255,186,189,198,204,203,205,206,207,217,232,239,244,247,248,212,251,253,254,213
183,257,248,218,219,184,187,188,197,194,201,205,207,209,215,216,220,223,231,233,238,252,234,254
184,266,187,188,192,194,201,203,222,237,206,185,218,235,210,238,234
185,235,253,266,192,231,261,220,191,201,202,239,207,267,217,222,224,225,228,241,246,255,200
186,230,200,268,223,195,250,255,254
187,256,262,265,189,192,203,196,228,199,217,230,235,233,241,250,247
188,224,261,263,201,200,206,208,254,217,219,222,227,229,211,245
189,266,267,242,200,197,201,219,211,206,216,220,227,235,238,255,240,246,248,251,213
190,230,191,198,241,248,215,222,225,236,240,242,255
191,256,259,260,267,219,245,237,224,195
192,256,196,260,266,268,257,243,198,262,195,202,204,207,212,227,199,224,230,231,242,211,245,246,255
193,257,268,267,196,265,218,197,261,266,194,228,207,209,210,216,217,225,231,237,238,243,253
194,256,261,217,201,195,199,200,202,203,206,208,216,220,225,226,230,248,249,253,254
195,238,197,244,198,199,206,207,217,242,230,236,241,251,255
196,260,236,199,201,209,213,214,216,218,222,223,263,225,226,230,242,237,255
197,253,201,259,202,266,199,208,248,267,219,220,222,228,239,244,251,247
198,257,216,259,264,266,237,260,243,201,239,209,220,213,223,208,230,233,240,242,245,246
199,261,243,241,206,207,213,214,219,229,231,259,252,235,221
200,256,267,219,249,205,209,210,218,216,222,229,239,241,212,254
201,258,266,257,264,250,202,204,207,216,220,221,222,224,227,231,236,240,238,242,249,252,254,213
202,266,267,241,208,210,219,216,263,226,227,209,233,239,232,250,252,255
203,260,236,259,266,267,268,226,217,241,221,253
204,258,262,267,261,237,219,228,206,209,257,211,218,221,223,224,226,229,230,235,240,241,242,243,246,247,250,252
205,214,266,268,238,218,249,215,207,208,210,213,240,251,254,255
206,263,219,220,221,226,237,244,247
207,258,266,214,255,211,218,219,225,226,228,256,249,251,234
208,256,259,240,222,219,218,212,231,241,243,255,254
209,248,261,237,219,263,249,250,227,228,233,242,244,212,217,234
210,238,260,226,232,247
211,259,226,267,257,240,214,216,229,251,234,235,241,247,249,250,252
212,256,258,236,260,262,223,222,224,225,233,241,243,251,264,255
213,257,259,222,252,237,265,219,217,224,228,229,234,241,242
214,253,265,222,227,266,268,217,224,235,239,240,245,246,248,251
215,256,265,241,223,266,227,218,226,230,238,245,248
216,256,224,220,223,234,241,242,247,252
217,236,241,257,225,223,224,227,232,238,233,252,264
218,256,258,259,262,245,250,219,222,263,225,228,233,244,254
219,260,268,261,220,223,230,231,236,258,251
220,262,264,266,267,238,241,232,243,250,252
221,238,261,242,228,229,232,234,225,241,244,253,264
222,259,256,238,265,249,228,231,234,242,251,254
223,265,268,235,261,262,259,242,248,255
224,256,264,265,246,234,231,236,239,242,252
225,261,260,264,267,237,263,257,228,258,233,234,241,245,246
226,260,267,261,265,266,250,234,227,230,231,238,239,245,251
227,230,263,236,268,265,246,233,237,239,256,232,252
228,256,235,261,244,245,237,246,233,241,242,247
229,256,261,264,265,266,244,233,235,254
230,256,265,235,238,239,243,248,250,252,254
231,234,238,242,244,247,264
232,258,260,261,265,249,236,245,250,251,264
233,260,264,268,267,235,236,240,254
234,257,268,252,235,238,239,245,250,246,254
235,260,236,238,246,247,251
236,268,249,252,259,253,241,246,265
237,268,264,258,241,254,249
238,256,260,266,246,241,242,244,247,248,250
239,265,262,242,244,252
240,260,268,261,254,257,259,243,246,249,250,251,253
241,258,268,242,247,252,254
242,267,261,244,249
243,260,268,254
244,267,266,250,246,251
245,258,259,263,264,260,265,248,251,255
246,259,257,256,263,264,249,255
247,260,251,254,255
248,256,267,252
249,256,263,250,253,254
250,256,263,268,267
251,265,258,252
252,257,262,266,268
253
254,267,268,255,264
255,258,268
256,262,257,263
257,263,267
258,259,266,268,264
259,263,265,267
260,266
261,265,267
262,265
263
264,266
265
266
267
268
