n_nodes:94
n_edges:3861
density:0.88332
0,1,2,3,4,5,6,7,9,10,12,13,14,15,16,17,18,21,22,23,24,25,26,27,28,29,30,31,32,33,34,35,36,37,38,39,41,42,43,44,45,46,47,48,49,50,51,52,54,55,56,57,58,59,60,61,63,64,66,67,68,69,70,71,73,74,75,76,77,78,79,80,83,84,85,86,87,89,90,91,92,93
1,3,4,6,8,9,10,11,12,13,14,15,18,19,20,22,23,24,25,26,28,30,32,33,34,35,36,37,41,43,44,45,46,47,50,51,52,53,54,55,56,57,58,59,60,61,63,64,65,66,67,68,69,70,71,72,73,74,75,76,77,78,80,81,82,83,84,85,86,87,88,89,90,91,92,93
2,3,4,5,6,7,8,9,10,11,12,13,14,15,16,17,18,19,20,21,24,26,27,28,30,31,32,33,35,36,37,38,39,40,41,42,43,45,46,47,48,49,50,51,52,53,54,55,56,57,58,59,61,62,63,64,65,66,67,68,69,71,72,73,74,75,76,77,79,80,81,82,83,84,85,86,87,88,89,90,91,93
3,4,6,7,8,9,10,11,12,13,15,16,17,18,19,20,21,22,23,24,25,26,27,28,29,32,33,34,35,36,37,38,39,40,41,42,43,44,45,46,47,48,49,50,51,52,53,54,56,57,58,60,61,62,63,64,65,66,67,68,69,70,71,72,73,74,76,77,79,81,83,84,85,86,87,88,89,90,91,92,93
4,5,8,9,10,12,13,14,15,16,17,18,19,20,21,22,23,24,25,26,27,28,29,30,31,32,34,35,36,39,40,41,42,43,44,45,47,48,49,50,51,52,53,54,55,56,57,58,59,60,62,63,64,65,66,67,68,69,70,71,72,74,76,77,78,79,80,83,84,85,86,89,90,91,92,93
5,7,9,12,13,14,15,18,19,20,21,22,23,24,25,26,27,29,30,31,33,34,35,36,37,38,39,40,41,42,43,44,45,46,47,48,49,50,51,52,53,54,55,56,57,58,59,60,62,63,64,65,66,67,68,69,70,71,72,73,75,76,77,78,79,80,81,82,83,85,86,87,88,89,90,91,92,93
6,7,8,9,10,11,12,13,16,17,18,19,20,21,22,23,25,26,27,28,29,30,31,32,33,34,35,36,37,38,39,40,42,43,44,45,46,47,48,49,50,52,53,55,56,57,58,59,60,61,62,63,65,66,67,68,69,70,72,74,75,76,77,79,80,81,82,83,84,85,86,87,89,90,91,92,93
7,8,9,10,11,12,13,14,15,16,17,18,19,20,21,22,23,24,25,28,30,31,32,33,34,35,36,37,38,39,40,41,42,43,44,45,46,47,48,49,50,52,53,54,55,56,57,58,59,60,61,62,63,64,65,66,67,68,69,70,71,72,73,74,75,76,77,78,79,80,81,82,83,84,85,86,87,88,89,90,91,93
8,9,10,11,12,13,14,15,16,17,18,19,20,21,23,24,26,27,28,29,30,31,32,33,34,35,36,38,39,40,41,43,44,45,46,47,48,49,50,52,54,55,56,57,58,59,60,61,62,63,64,65,66,67,68,69,70,71,72,73,74,75,77,78,79,80,81,82,83,85,86,87,88,89,90,91,92,93
9,10,11,12,13,14,15,16,18,20,21,22,23,24,25,26,28,29,30,32,35,36,37,38,39,40,41,43,46,47,48,49,51,54,55,56,57,58,59,60,62,63,64,65,66,67,68,69,70,71,72,73,74,75,76,77,78,79,80,81,82,83,84,86,87,88,89,90,91,92,93
10,11,13,16,18,21,22,23,24,25,26,27,28,29,30,31,35,36,37,38,39,40,41,43,44,45,46,47,48,49,50,51,52,53,55,56,58,59,60,61,62,63,64,65,66,67,68,69,70,71,72,73,75,77,78,79,80,82,83,84,86,87,88,89,90,92,93
11,12,13,14,15,16,17,19,21,22,23,24,25,26,27,28,29,30,31,32,33,34,35,36,37,38,39,40,41,44,45,46,47,48,50,51,52,53,55,56,57,58,59,62,63,64,67,68,69,70,71,72,73,74,75,76,77,78,79,81,82,83,84,85,87,88,89,90,91,92,93
12,13,14,15,17,18,19,20,21,22,24,25,26,27,28,29,30,31,32,33,34,35,36,37,38,39,41,42,43,44,45,46,47,48,49,50,51,52,53,54,57,58,59,60,61,62,65,67,68,69,70,71,72,73,74,76,77,78,79,80,81,82,83,84,85,86,87,88,89,90,91,92,93
13,14,16,18,19,20,22,23,24,25,26,27,28,29,30,31,32,33,34,35,36,38,39,42,43,44,45,46,47,48,49,50,51,52,53,54,55,56,57,58,59,60,62,63,65,66,67,68,69,71,72,73,74,75,77,78,79,80,81,82,83,85,86,87,88,89,90,91,92,93
14,16,18,19,20,21,22,23,24,26,27,29,30,31,32,33,34,35,36,37,38,39,40,42,43,44,45,47,48,49,51,52,53,54,55,56,57,58,60,62,63,64,65,66,67,68,69,70,71,72,73,74,75,76,77,78,80,81,82,83,84,85,86,88,89,90,91,93
15,18,19,20,21,22,23,24,25,27,28,29,30,31,32,35,36,37,38,39,40,41,42,43,44,45,46,47,48,50,51,52,53,54,55,56,57,58,59,60,61,62,63,64,65,66,67,68,69,70,71,73,74,76,77,78,79,80,81,82,83,84,85,86,87,88,89,90,91,92,93
16,17,18,19,20,21,22,23,25,27,28,29,30,31,32,33,34,35,36,38,39,40,41,42,43,44,45,46,47,50,51,53,54,55,56,57,58,59,61,62,66,67,68,70,71,72,73,74,75,77,78,79,80,81,82,83,84,85,86,87,88,90,91,92,93
17,18,19,20,21,22,23,24,25,26,28,29,30,31,32,33,34,35,36,37,38,39,41,42,43,44,45,46,47,48,49,50,51,52,53,54,55,56,57,58,59,60,61,62,63,64,66,67,68,69,71,72,73,74,75,76,77,78,79,80,81,82,84,85,87,88,89,90,91,93
18,19,20,21,22,23,24,25,26,27,28,29,30,31,32,33,35,36,37,38,39,40,41,42,43,44,45,46,47,49,50,52,53,54,55,56,57,58,59,61,62,63,64,65,66,67,68,69,71,72,73,74,75,76,77,78,80,81,82,83,84,85,86,87,88,89,90,91,92,93
19,20,21,22,23,24,25,27,28,29,30,31,32,34,36,37,38,39,40,41,42,43,44,45,46,47,50,51,53,55,56,58,59,60,62,63,64,66,67,68,69,70,71,72,73,75,77,78,79,80,81,82,83,84,85,86,87,88,89,90,91,92,93
20,22,23,24,25,26,27,28,29,30,31,32,33,34,35,37,39,40,41,42,43,44,45,46,47,48,49,50,51,53,54,55,56,57,58,59,60,61,62,63,64,65,66,67,69,70,71,72,73,74,76,77,79,80,81,82,83,85,87,89,92,93
21,22,24,25,26,27,28,29,30,31,32,33,34,35,36,38,39,40,42,43,44,46,47,48,49,50,51,52,53,54,55,56,57,59,60,62,63,65,66,67,68,69,70,71,72,73,74,75,76,77,78,79,80,81,82,83,84,85,86,87,88,89,90,91,92,93
22,23,24,25,26,27,28,29,30,31,32,34,35,36,37,38,39,40,41,42,43,44,46,47,48,49,50,51,52,53,54,55,56,57,58,59,60,61,63,64,65,66,67,68,69,70,71,72,73,74,75,76,77,78,79,80,81,82,83,84,85,86,87,88,89,90,91,92,93
23,24,25,26,27,28,29,30,31,32,33,34,35,36,38,39,40,41,42,43,44,45,46,47,48,49,50,51,52,53,54,55,56,57,59,60,61,62,63,64,65,68,69,70,71,72,73,74,75,76,77,78,79,80,81,82,83,84,85,86,87,88,89,91,92,93
24,25,26,27,28,29,30,31,32,33,34,35,36,37,38,40,41,42,43,44,45,46,47,48,49,50,52,53,54,56,57,59,62,63,64,65,66,67,68,69,70,71,72,73,74,75,76,77,78,79,81,83,84,85,86,87,88,89,90,91,92,93
25,26,27,28,30,31,32,33,34,35,37,38,40,41,42,43,44,45,46,47,48,49,50,52,53,54,55,56,57,58,60,61,62,63,64,65,68,69,70,71,72,73,74,75,76,77,78,79,80,81,82,83,84,85,86,87,88,89,90,91,92,93
26,27,28,29,30,31,32,33,34,36,37,38,39,40,41,43,44,45,46,47,48,49,50,51,52,54,55,56,57,58,59,60,61,62,63,64,65,66,67,68,69,70,71,72,73,74,75,76,77,78,80,81,82,83,84,85,86,87,88,89,90,91,92
27,29,30,32,33,34,36,37,38,39,40,41,42,43,44,45,46,47,48,49,50,52,53,54,55,56,57,58,59,60,61,62,63,64,65,67,68,69,70,71,73,74,75,76,77,79,81,82,83,84,85,87,88,89,90,91,92,93
28,29,30,32,33,34,35,36,37,38,40,41,42,43,44,46,47,48,49,50,51,52,53,54,55,56,57,58,59,60,61,62,63,64,65,66,67,68,69,70,71,73,74,75,76,77,78,79,80,81,82,83,84,85,86,87,88,89,90,91,92,93
29,30,32,33,34,35,37,38,39,40,41,42,43,44,45,46,47,48,49,50,51,52,53,54,55,56,57,59,60,61,62,64,65,66,67,68,69,70,71,72,73,74,75,77,78,79,80,81,82,83,84,85,86,87,89,90,91,92,93
30,31,32,33,34,35,37,38,41,42,43,44,45,46,47,48,49,50,51,53,54,55,56,57,59,60,61,62,63,64,65,68,69,70,71,72,73,74,75,76,77,78,79,81,82,83,84,85,86,87,88,89,91,92,93
31,32,33,34,35,37,38,39,40,41,42,43,44,46,47,48,49,50,52,53,54,55,56,57,58,59,60,62,63,64,65,66,67,68,69,71,72,73,74,75,76,77,78,79,80,81,82,83,84,85,86,88,90,91,92,93
32,33,34,35,37,38,39,40,41,43,44,45,47,48,49,50,51,52,53,54,55,56,57,58,59,60,63,64,65,66,67,68,69,70,71,73,74,75,76,77,78,79,80,81,83,84,85,87,88,89,90,91,92,93
33,35,36,38,39,40,41,42,43,44,45,46,47,48,49,50,51,52,53,54,55,56,57,58,59,60,61,62,63,64,65,66,67,68,69,70,71,72,73,74,75,76,77,78,79,80,81,82,83,84,85,87,88,89,90,91,92,93
34,35,37,38,39,40,41,42,45,46,47,48,49,50,51,52,53,54,55,56,57,58,59,60,61,62,65,66,67,68,69,71,72,73,74,75,76,77,79,80,81,82,83,84,85,87,88,89,91,92,93
35,37,38,39,40,41,42,44,46,47,48,50,51,52,53,54,55,56,57,58,59,60,61,62,63,65,66,67,68,70,72,73,75,77,79,80,81,82,83,84,85,86,87,88,89,90,91,93
36,37,38,39,40,41,42,43,44,45,46,47,49,50,51,52,53,54,55,56,57,58,59,60,61,62,63,64,65,66,67,68,69,70,71,72,73,74,75,76,78,79,82,83,84,85,86,88,90,91,92,93
37,38,39,40,41,42,43,44,45,46,47,48,50,52,53,54,55,57,58,59,60,61,62,63,64,65,66,67,68,69,70,71,72,73,74,76,77,78,79,80,81,82,83,84,85,87,88,89,90,92,93
38,39,41,42,45,48,49,51,52,53,54,55,56,57,60,61,62,63,64,65,66,67,68,70,71,73,74,75,76,77,78,79,80,81,82,83,84,85,86,87,88,89,90,92,93
39,40,41,42,43,44,45,46,47,48,50,51,52,53,54,55,56,57,58,59,60,61,63,64,65,66,68,69,70,71,73,74,76,77,78,79,80,81,82,83,84,85,86,87,88,89,90,91,92,93
40,41,42,43,44,45,46,47,50,51,52,53,55,58,59,60,61,62,63,64,65,67,68,69,70,71,72,75,76,78,79,80,81,82,84,85,86,88,89,90,91,92,93
41,42,43,44,45,47,48,49,50,51,52,53,54,55,56,57,58,59,60,62,63,64,65,66,67,68,69,70,71,72,73,74,75,76,77,78,79,80,81,82,83,84,86,87,88,90,91,92,93
42,45,46,47,48,49,50,51,52,53,54,55,56,57,58,59,60,61,62,63,64,65,66,67,68,69,70,72,73,74,75,76,77,78,79,80,82,83,84,85,86,87,88,89,91,92,93
43,44,45,46,47,48,49,50,51,52,53,54,56,57,58,59,60,62,63,64,65,66,67,68,69,70,71,73,75,76,77,78,79,80,81,82,83,84,86,87,88,89,90,91,92,93
44,45,46,47,48,49,50,51,53,54,55,57,58,59,60,61,63,64,65,67,69,70,71,72,73,74,75,76,77,78,79,80,81,82,83,84,85,86,87,88,90,91,92,93
45,46,47,48,49,50,51,52,53,54,55,56,57,58,59,61,62,63,64,65,66,67,68,69,70,72,73,74,75,76,77,78,79,80,81,82,83,84,85,86,87,88,89,90,91,92,93
46,47,48,49,51,52,53,54,55,57,58,59,60,61,62,64,65,66,67,68,69,70,71,72,73,74,75,76,77,78,79,81,82,83,84,85,86,87,88,89,90,92,93
47,48,49,50,51,52,54,55,56,57,58,59,60,61,62,64,65,66,67,68,69,70,71,72,73,74,75,77,78,80,81,82,83,84,85,86,87,88,89,90,91,92
48,49,50,51,52,53,54,56,57,58,59,60,61,62,63,64,65,66,67,69,70,71,72,73,75,76,77,78,79,80,81,83,84,85,86,88,89,90,91,92,93
49,50,51,52,53,54,56,57,58,59,60,61,62,63,64,65,66,67,68,69,70,71,72,73,74,75,76,78,79,80,81,82,83,84,85,86,87,88,89,90,91,92,93
50,51,53,54,55,56,58,59,61,62,63,64,65,66,68,69,70,71,73,74,75,76,78,79,80,81,82,83,84,85,86,87,88,89,90,91,93
51,52,53,54,55,56,57,58,59,60,61,62,63,64,65,66,67,70,71,72,74,75,76,77,78,79,80,81,82,83,84,85,86,87,88,89,90,91,92,93
52,53,55,56,57,58,59,60,61,62,63,64,65,66,67,69,71,72,73,75,76,78,80,81,82,83,84,85,86,87,88,89,90,91,92,93
53,55,56,57,59,60,61,62,63,64,65,66,67,68,69,70,71,72,73,74,75,76,77,78,79,80,81,82,83,84,85,86,87,88,89,90,91,92
54,55,57,58,59,60,61,62,63,64,66,67,68,69,70,71,72,73,74,75,76,77,78,79,80,81,83,84,85,86,87,88,89,90,92,93
55,56,57,58,59,61,63,64,65,66,68,69,70,71,72,73,74,75,76,77,78,79,80,81,82,83,85,86,87,88,90,91,92
56,57,58,59,60,61,62,63,64,65,66,67,68,69,72,73,75,76,77,78,79,81,82,83,84,85,86,87,88,89,90,91,92,93
57,58,59,60,61,62,63,64,65,66,67,68,69,70,71,72,73,74,75,76,77,78,79,80,81,82,83,84,85,87,88,89,90,91,92
58,59,60,61,62,63,64,65,66,67,68,70,71,72,73,74,75,76,77,79,80,82,83,84,85,86,87,88,89,90,91,92,93
59,61,62,63,64,66,67,68,69,70,71,72,73,74,75,76,77,79,80,81,82,83,84,85,86,87,88,90,91,93
60,61,65,66,67,68,69,70,71,72,73,74,75,76,77,78,79,80,81,82,83,84,85,86,87,88,89,90,91,92,93
61,62,63,64,65,66,68,69,71,72,73,74,75,76,78,79,80,81,82,83,84,85,86,87,88,90,91,92,93
62,63,64,65,66,67,68,69,70,71,72,73,74,75,76,77,78,79,80,81,82,83,84,85,86,87,88,89,90,91,92,93
63,64,65,66,68,69,70,71,72,73,74,75,76,77,78,79,80,81,82,83,84,85,86,87,88,89,90,91,92,93
64,65,66,67,68,69,70,72,73,75,76,77,78,79,80,81,82,83,84,86,87,88,89,90,91,92,93
65,66,67,68,69,70,71,72,73,74,75,76,77,79,80,81,82,83,84,85,86,87,89,90,92,93
66,67,68,69,70,71,72,73,74,75,76,77,79,80,82,83,84,86,87,88,89,90,91,92,93
67,68,69,70,71,72,73,74,76,77,78,79,80,81,82,83,84,85,86,87,88,89,90,91,92,93
68,69,71,72,73,74,75,76,77,78,79,81,82,83,84,86,87,88,89,91,92,93
69,70,71,72,73,74,75,76,77,78,79,80,81,82,83,84,85,86,88,89,90,91,92,93
70,71,72,73,74,75,76,77,78,80,81,82,83,84,85,86,87,89,91,92,93
71,72,73,74,75,76,78,79,80,81,82,84,86,87,88,89,90,91,92
72,73,74,75,77,78,79,80,81,82,83,84,85,86,87,89,90,91,92,93
73,74,75,77,78,79,80,81,82,84,85,86,87,89,90,91,92,93
74,77,79,80,81,82,83,84,85,86,87,88,89,90,91,92,93
75,77,78,79,80,81,82,83,84,85,86,87,88,89,90,91,92
76,77,78,80,81,83,84,85,86,87,88,89,90,91,92,93
77,78,79,80,81,83,84,85,86,87,88,89,90,91,92,93
78,79,80,81,82,83,84,85,86,87,88,89,90,91,92,93
79,81,82,83,84,85,86,87,88,89,92,93
80,81,82,83,84,85,86,87,88,89,91,92,93
81,82,83,84,85,86,87,88,90,91,92,93
82,83,84,86,87,88,89,90,91,92,93
83,84,85,86,87,88,89,90,92,93
84,86,88,89,91,93
85,86,87,88,90,91,92,93
86,87,88,90,91,92,93
87,88,89,90,91,92,93
88,89,90,91,92,93
89,90,91,92,93
90,91,92,93
91,92
92,93
93
