n_nodes:255
n_edges:20385
density:0.62946
0,1,3,4,5,6,7,9,15,16,17,18,20,21,22,23,25,26,27,29,30,31,32,35,36,38,40,43,44,46,49,51,54,55,57,58,59,60,62,63,65,66,69,70,72,74,75,78,80,81,84,86,89,90,91,92,93,94,96,97,98,99,100,101,102,104,106,107,108,109,112,113,115,116,117,118,119,123,124,125,127,128,129,130,131,133,137,138,139,140,142,143,144,145,146,148,149,151,152,153,156,157,158,159,161,162,163,164,165,166,168,169,171,173,177,178,179,181,182,183,184,188,189,192,195,196,197,198,199,201,203,204,205,206,208,209,211,212,213,215,216,217,218,219,220,221,223,226,227,228,233,234,235,237,238,239,240,241,242,243,245,246,247,248,249,250,251
1,2,3,4,5,6,7,8,10,11,16,17,18,19,20,21,22,24,25,27,32,33,34,36,37,38,39,44,46,47,49,50,51,52,55,57,59,60,61,64,65,68,71,73,74,76,77,80,81,83,84,85,86,87,88,89,90,91,93,95,98,99,100,102,103,104,105,106,108,109,110,118,120,121,122,124,125,126,127,128,129,130,131,132,134,135,137,138,144,146,147,149,150,151,152,153,155,156,157,160,163,164,165,168,170,171,172,175,176,177,178,180,181,183,184,185,186,187,188,189,193,196,197,199,200,201,202,203,206,207,209,210,211,214,215,216,218,219,220,222,224,225,227,230,232,234,235,236,237,238,239,241,242,245,246,247,248,249,250,252,254
2,3,4,6,9,10,12,14,17,19,20,21,23,24,25,26,28,29,31,34,35,37,38,43,45,47,49,51,52,53,55,56,57,59,61,63,66,67,68,72,73,75,77,78,79,80,82,83,84,85,87,88,89,91,92,93,94,96,97,98,100,102,103,104,107,108,109,110,111,114,116,118,122,123,124,125,126,128,130,131,133,134,135,136,137,138,141,143,144,145,146,147,148,149,150,151,154,155,156,158,159,160,161,162,163,164,170,172,173,174,175,178,179,180,181,184,186,187,189,190,191,192,197,198,200,203,204,205,207,208,210,211,212,213,215,216,218,219,220,222,224,225,226,227,228,230,231,234,236,237,238,241,243,244,245,248,249,250,251,252,253,254
3,4,5,9,10,13,16,17,18,19,21,22,27,30,31,35,36,38,39,40,42,43,45,47,48,49,50,54,55,57,58,59,60,61,62,66,67,68,72,73,74,76,77,79,80,83,84,85,86,89,90,91,93,95,96,101,102,103,104,107,108,110,111,112,113,114,120,121,124,125,128,130,131,132,133,134,137,140,143,144,146,147,148,150,151,152,153,154,155,156,157,160,161,162,163,165,166,167,168,170,171,178,180,181,182,185,186,187,188,190,192,193,195,196,197,198,199,200,204,206,207,208,210,211,215,216,219,221,222,223,224,226,227,229,230,231,237,238,242,243,245,247,248,250,251,252,253,254
4,5,6,7,8,10,11,12,14,15,17,20,22,23,24,25,26,27,28,29,30,31,33,34,36,37,40,41,43,44,45,47,49,50,53,55,56,57,58,60,61,62,63,64,65,70,71,74,75,77,78,79,80,84,85,86,87,89,92,93,94,97,98,99,104,105,106,107,108,109,111,112,113,114,115,116,119,121,122,123,124,125,126,127,129,131,132,133,134,137,139,140,141,142,143,144,146,147,151,152,154,155,156,157,158,159,160,163,165,167,168,169,170,172,173,174,175,176,177,178,180,181,182,184,186,188,189,190,194,195,196,197,199,200,206,208,211,212,213,215,216,217,220,221,223,231,232,234,236,238,240,241,242,243,244,245,247,248,249,250,251,253,254
5,8,11,12,14,16,18,20,26,27,28,29,31,32,33,34,35,38,39,44,46,49,51,53,55,56,57,58,62,64,65,67,68,71,72,73,75,76,77,78,79,82,83,84,86,87,89,90,91,94,95,96,97,98,100,101,104,105,107,108,111,113,114,117,118,119,120,121,122,123,126,127,128,129,130,131,133,134,136,138,139,140,144,145,146,147,148,149,150,151,152,153,158,160,161,162,163,164,166,168,169,171,172,174,175,176,181,182,183,185,188,190,191,196,197,198,200,201,204,209,210,216,219,220,221,222,223,224,225,226,227,230,234,235,238,239,240,243,248,249,250,252,253,254
6,7,11,13,15,16,19,20,22,23,25,26,32,34,35,36,37,38,39,40,41,42,43,45,46,47,48,49,50,52,54,55,56,57,58,59,62,63,64,66,67,68,71,74,75,76,79,80,81,82,83,85,88,90,91,92,95,96,97,98,99,101,102,103,106,107,108,109,112,113,114,115,117,121,125,126,127,129,130,132,133,134,135,137,138,140,141,145,146,148,149,156,157,158,159,160,161,162,165,167,169,171,173,174,175,176,178,179,180,182,183,184,185,186,187,188,189,190,193,194,196,198,200,202,203,204,205,208,210,214,215,216,217,218,219,220,223,225,226,228,229,230,232,237,238,240,242,243,246,247,248,250,251,252,254
7,9,10,13,14,17,19,20,22,23,24,25,26,30,31,33,34,35,38,39,40,41,42,43,44,45,47,51,52,54,55,56,58,59,64,67,70,72,73,76,77,78,79,81,82,83,88,89,90,92,93,95,96,97,98,100,101,102,103,106,107,108,109,110,113,114,115,117,120,121,122,123,124,126,132,133,134,135,136,137,138,140,141,142,143,144,149,150,151,152,153,155,156,157,159,160,161,162,163,166,168,172,173,174,175,176,177,178,179,180,182,183,185,189,190,191,192,193,197,200,201,202,205,206,208,209,211,213,214,215,216,217,219,220,221,222,223,224,225,226,229,230,231,233,239,242,243,244,247,250,251,254
8,9,11,12,13,15,18,19,20,21,22,24,26,27,28,29,30,31,33,34,35,37,38,40,41,42,44,45,46,48,49,52,53,54,56,57,58,60,61,62,65,66,68,69,70,71,72,74,78,79,80,81,82,84,90,91,94,95,96,97,98,99,100,101,102,103,108,109,112,115,117,118,121,122,123,124,125,127,128,130,131,132,133,136,137,138,139,140,144,146,147,148,149,150,151,152,153,156,157,158,159,162,171,172,173,174,176,179,180,183,184,185,187,188,189,191,192,193,196,197,198,199,200,201,202,203,205,206,207,209,210,211,214,217,218,219,220,221,222,223,224,226,227,229,230,232,233,234,235,236,237,238,240,241,242,244,245,246,247,248,249,251
9,10,11,12,13,15,16,17,20,25,27,29,30,31,35,38,39,40,41,42,44,46,47,49,51,53,55,56,57,59,60,61,63,64,65,66,67,68,69,70,72,73,74,75,76,77,79,81,82,83,84,85,86,87,89,90,91,92,93,95,96,97,98,99,101,102,103,105,106,108,110,111,112,113,115,118,120,121,122,123,124,126,128,131,132,133,134,135,136,138,139,141,142,143,144,145,146,148,149,152,153,154,155,156,157,159,160,161,162,163,165,166,167,170,172,173,175,177,178,180,181,183,189,190,193,194,195,196,197,198,199,201,202,203,204,206,207,209,210,213,214,217,219,220,221,222,223,224,225,228,229,230,232,236,237,238,240,241,243,244,246,247,248,250,251,252,254
10,11,15,16,17,18,19,22,24,27,29,30,32,35,37,39,42,43,44,45,48,51,52,53,54,55,56,57,59,60,61,62,63,64,65,66,67,69,73,77,78,79,80,81,82,83,85,86,88,89,90,91,92,95,96,98,99,101,102,103,105,106,108,109,110,111,112,114,115,116,118,119,120,122,125,128,130,131,132,133,134,137,139,140,142,143,144,146,148,149,150,151,152,153,154,155,156,160,163,164,165,166,167,168,170,171,173,176,180,181,182,184,185,186,187,188,189,190,191,192,193,194,196,199,200,202,205,206,208,209,211,214,215,216,217,218,219,220,221,223,226,227,228,230,231,232,233,234,236,238,239,241,242,246,247,250,252,254
11,12,13,16,18,19,20,22,23,24,25,26,28,29,30,32,33,34,35,36,37,39,40,42,43,44,45,46,48,50,52,54,56,57,58,61,62,63,64,65,66,67,70,71,72,73,74,75,77,79,80,81,82,83,84,85,86,87,88,90,91,92,93,94,95,97,99,101,104,105,107,108,109,111,114,116,117,119,120,123,124,125,126,127,128,129,130,132,134,135,136,139,140,141,142,143,144,145,146,147,151,152,153,154,155,157,158,160,161,162,168,170,173,177,178,181,183,184,185,186,187,188,189,191,192,193,194,195,196,198,199,200,201,202,203,204,205,206,207,208,212,216,217,221,223,225,226,227,229,230,231,232,233,235,236,237,238,239,241,246,247,248,249,250,251
12,13,15,16,17,18,19,21,22,25,28,30,31,32,33,34,35,36,38,39,40,43,45,47,48,49,51,52,56,57,61,62,65,67,68,69,72,73,74,75,76,78,80,81,82,84,85,86,87,88,90,91,92,94,95,97,98,99,100,101,102,106,107,108,110,112,114,115,119,120,121,124,125,127,130,131,132,133,135,138,139,142,143,144,145,146,147,148,150,152,153,154,155,157,159,160,161,163,164,165,166,167,168,169,170,172,177,179,180,181,182,185,186,189,190,192,194,195,196,197,199,201,202,205,206,207,208,211,213,215,219,220,221,222,223,224,226,229,231,233,235,237,238,239,240,241,242,244,246,249,253,254
13,15,16,21,22,23,24,25,26,27,29,30,33,34,35,36,39,40,41,42,43,44,49,51,56,58,59,60,61,62,63,64,67,68,70,71,73,74,75,76,77,78,79,81,82,83,85,86,87,88,92,93,95,97,99,102,104,105,106,108,112,113,115,116,117,118,120,121,124,126,128,130,131,132,134,135,136,137,139,140,141,142,143,145,146,149,150,152,154,155,158,159,160,161,162,163,164,166,167,168,169,170,173,176,177,178,179,181,182,183,184,185,186,187,190,191,194,196,197,198,200,201,202,203,204,207,210,211,213,214,215,216,221,222,224,227,229,230,232,233,234,235,236,237,241,242,243,244,245,246,248,250,252,253,254
14,15,16,17,19,20,22,23,27,28,31,32,34,36,37,38,40,43,45,46,48,51,52,55,56,60,62,63,65,69,70,71,72,74,76,77,78,80,81,82,83,84,85,86,89,90,92,94,95,96,97,98,99,100,101,103,106,107,108,109,113,116,117,119,120,122,124,125,127,129,130,132,133,134,138,144,146,149,151,152,153,154,156,157,158,159,161,162,165,167,168,170,172,174,175,176,177,178,179,181,182,183,185,186,187,190,191,193,195,196,197,199,203,204,205,207,209,210,211,212,214,215,217,219,220,221,222,224,225,227,228,229,230,231,233,235,236,239,240,242,243,244,249,251
15,17,18,20,21,22,23,24,25,26,31,32,35,36,37,38,40,41,42,44,46,47,48,50,51,54,55,56,60,61,63,64,65,66,68,69,70,71,72,73,74,75,77,78,79,83,85,86,87,89,90,91,92,96,97,98,99,100,102,103,105,106,107,109,111,112,114,115,116,117,120,122,123,124,125,127,130,134,135,137,138,139,141,143,146,148,150,151,152,153,154,157,158,159,162,164,166,169,170,172,173,174,177,179,181,182,184,186,188,190,191,194,195,197,199,200,201,204,206,209,210,211,213,214,216,217,219,220,222,227,228,229,231,232,233,234,235,236,237,238,239,241,243,245,249,251,252,253
16,17,18,20,22,24,26,27,28,29,30,31,32,35,39,40,41,42,44,45,48,50,53,56,58,60,62,63,65,66,70,73,75,77,79,80,81,84,85,86,88,89,91,92,93,94,97,99,101,103,105,107,108,109,111,113,114,115,116,117,118,120,121,123,127,128,130,131,133,134,135,137,138,145,147,149,150,151,152,153,155,156,162,164,165,166,167,169,171,172,174,175,176,178,180,181,185,186,188,190,191,192,193,194,195,196,198,200,201,203,204,205,207,208,209,210,211,212,213,214,215,216,217,218,222,224,225,226,227,228,229,230,231,232,235,236,241,243,248,250,251,252,253,254
17,19,20,21,26,27,28,30,34,36,39,40,41,42,43,46,47,48,49,50,55,56,59,61,65,67,68,69,71,72,73,74,75,76,77,78,79,81,82,88,89,90,91,93,94,95,96,97,99,101,102,103,107,108,110,111,112,113,115,116,117,118,119,121,123,125,126,128,129,130,131,133,134,135,138,139,141,145,146,148,150,152,154,155,158,161,163,165,166,167,168,171,173,174,175,177,178,179,180,182,183,185,186,187,188,189,190,192,194,196,197,198,201,202,203,204,205,207,209,214,216,217,218,219,220,221,222,223,224,225,228,229,230,232,237,238,239,241,242,243,244,245,246,247,248,249,250,253,254
18,20,21,22,24,26,27,28,29,30,32,33,34,35,36,38,39,40,41,42,45,47,48,49,50,53,54,56,57,59,62,65,68,71,72,74,76,78,79,81,84,86,87,89,90,91,93,94,96,97,98,100,101,102,105,106,107,108,109,113,114,115,116,119,123,125,126,127,128,129,131,132,133,134,135,136,138,140,145,148,149,150,153,154,155,156,159,162,165,167,169,171,172,175,178,180,183,184,185,187,189,191,192,195,196,197,199,200,202,203,205,206,209,210,212,213,214,215,217,218,219,220,223,224,225,227,228,229,230,231,232,233,236,237,238,241,242,243,245,246,247,248,249,250,252,254
19,20,22,23,24,26,27,28,30,31,33,34,35,36,38,41,42,46,48,50,51,52,54,55,56,61,62,63,65,67,68,69,71,72,73,74,75,76,77,78,79,80,83,85,86,87,89,90,91,92,93,94,95,96,97,98,99,100,103,105,107,108,109,110,111,113,114,115,116,117,118,119,123,124,126,127,129,131,132,133,134,136,137,138,139,142,143,144,145,146,147,148,149,153,154,155,156,159,162,164,166,167,169,170,171,173,174,175,176,177,178,181,182,184,186,188,189,190,192,193,194,195,196,197,198,199,200,201,202,206,207,210,211,215,216,217,218,219,221,222,224,225,227,231,232,233,234,236,238,239,240,241,242,243,245,253,254
20,21,22,24,25,26,28,30,33,36,38,40,41,42,45,46,49,50,51,53,54,56,57,59,61,62,65,67,71,73,74,76,77,78,81,82,83,84,85,86,87,88,89,90,91,93,94,96,98,99,100,102,103,104,106,107,109,110,113,114,115,116,117,124,126,128,129,130,131,134,136,137,138,139,140,142,144,147,150,152,153,155,161,162,163,166,167,169,171,172,173,176,177,178,180,181,183,184,185,186,188,189,191,192,193,197,202,203,204,206,209,211,212,213,214,217,219,220,221,226,227,228,230,231,232,233,235,236,237,239,240,241,242,243,244,245,250,252,253
21,22,23,24,25,27,28,30,34,35,36,37,38,40,43,44,45,46,47,48,49,50,51,54,56,57,58,59,60,62,63,64,65,71,72,73,76,77,81,82,84,85,88,89,90,92,93,94,98,100,101,102,103,105,106,107,108,110,111,113,114,115,116,117,119,120,121,122,123,124,125,128,129,130,132,133,134,136,137,138,142,143,144,145,146,147,148,150,151,153,154,155,156,157,159,160,162,164,165,167,169,172,174,177,179,182,183,184,185,190,193,195,197,200,202,203,207,208,209,210,212,216,217,219,220,222,223,225,226,227,230,232,234,236,238,239,240,241,242,244,245,246,247,251,252,253,254
22,23,24,25,28,29,31,32,33,34,36,37,40,41,44,46,47,49,51,52,55,56,58,60,62,63,64,65,67,68,69,71,72,73,74,75,79,80,83,86,88,90,91,92,95,96,100,102,104,106,107,108,112,114,118,121,122,123,124,125,128,134,135,137,138,140,141,142,144,145,148,150,151,152,154,155,157,159,160,161,162,163,165,166,167,169,172,173,174,177,179,180,182,183,184,186,188,190,196,199,200,201,203,204,208,209,212,214,215,216,217,218,219,221,222,223,225,226,227,228,229,230,231,232,233,235,238,239,240,241,242,243,245,246,247,248,250,252,254
23,24,25,26,27,28,29,30,32,33,34,39,40,42,43,44,46,47,48,49,50,51,52,53,55,56,57,58,60,61,63,64,65,66,70,73,75,76,77,78,81,82,83,85,86,87,89,90,94,95,96,98,101,102,103,104,105,106,107,109,110,112,115,117,124,125,126,127,128,130,131,133,135,136,137,138,141,142,143,145,148,149,150,151,152,153,154,155,158,159,160,162,166,169,170,172,173,175,176,177,179,180,181,182,184,185,187,188,189,195,197,198,200,202,204,205,206,208,210,212,213,214,215,216,217,218,219,221,224,227,228,229,231,234,235,236,237,239,242,244,246,247,248,250,251,252,254
24,25,28,29,31,33,35,36,37,38,39,43,46,47,49,50,51,54,55,56,57,59,60,61,62,64,67,68,70,72,74,75,81,86,87,91,93,94,96,97,99,101,102,103,104,106,107,109,110,113,114,115,116,120,121,123,124,125,126,127,128,130,131,132,133,136,138,139,140,141,143,145,146,147,149,150,152,156,158,159,160,162,163,165,167,174,175,177,178,179,180,181,189,190,192,193,194,197,199,200,201,202,207,209,210,211,214,215,217,218,220,224,226,230,231,232,233,234,235,236,237,238,240,241,242,243,244,245,246,247,249,250,252,253,254
25,27,28,29,34,35,38,42,43,45,46,47,48,49,50,51,53,55,56,57,58,59,60,61,63,64,65,66,68,69,70,71,72,74,76,77,79,80,81,82,83,84,85,86,88,90,91,92,93,94,95,96,97,101,102,103,104,105,106,107,108,109,115,116,119,121,125,126,127,128,129,130,131,133,134,135,136,137,138,139,142,143,144,146,148,149,152,153,156,159,160,164,165,168,170,171,173,176,178,179,180,182,183,186,187,188,189,190,191,192,193,196,198,199,200,201,203,204,205,206,207,208,210,211,213,214,216,218,219,220,221,223,225,226,227,229,230,232,233,235,236,238,240,242,244,245,246,247,248,249,252,253,254
26,27,28,29,31,32,33,36,37,38,40,42,44,45,46,49,50,53,54,55,57,58,60,63,65,66,67,69,70,74,76,77,78,79,81,82,85,86,87,88,89,91,92,96,97,98,99,100,101,102,103,104,105,106,107,108,111,113,116,117,118,120,121,122,123,124,125,127,130,131,133,134,137,138,139,140,143,144,145,146,148,150,151,152,157,159,161,163,164,166,167,168,170,172,174,175,176,177,178,179,180,182,185,187,189,190,191,192,193,194,196,197,198,200,201,202,203,205,207,210,217,218,220,221,222,224,225,226,227,228,230,232,233,234,236,238,239,240,241,242,243,244,245,246,247,248,250,251,252,254
27,29,30,32,33,34,36,38,39,42,43,47,48,49,50,52,53,55,61,62,65,67,68,70,72,73,74,75,76,77,79,81,82,83,88,90,91,92,93,95,96,98,100,101,103,104,105,106,108,109,110,113,114,116,117,118,119,120,121,122,123,124,125,130,131,133,134,135,137,139,140,143,145,146,147,149,150,155,156,157,158,159,162,163,165,166,167,168,169,170,171,172,173,174,175,176,177,178,179,180,184,187,190,191,193,195,198,199,201,202,203,206,207,208,209,210,213,214,216,218,219,220,222,223,224,225,226,228,229,234,235,236,237,238,239,241,242,243,244,245,247,248,249,251,252,254
28,29,30,32,33,34,35,36,37,39,40,42,43,44,46,49,50,51,53,55,56,57,58,59,63,64,65,67,68,72,76,77,79,80,81,82,84,86,88,89,90,93,94,95,96,97,98,102,103,104,105,106,110,111,112,113,114,118,120,121,123,125,126,127,129,131,132,133,136,140,142,144,146,147,149,150,151,152,153,154,155,156,157,159,160,162,163,167,168,169,170,174,179,182,183,184,185,186,187,188,189,190,191,194,195,197,198,199,200,202,203,205,206,209,211,212,215,216,218,219,220,221,222,223,225,228,229,233,234,235,236,241,244,246,247,248,249,250,251,252,253,254
29,31,32,34,38,39,41,42,43,45,46,47,48,49,50,51,52,55,56,57,58,59,60,62,65,66,69,70,71,72,73,75,78,80,81,82,83,85,86,87,88,91,94,95,96,98,102,103,104,106,107,108,110,111,112,113,114,115,118,120,121,122,123,124,125,126,127,128,130,131,132,133,134,137,138,140,145,147,148,149,150,151,154,155,156,157,158,160,161,163,164,165,167,168,169,170,171,174,175,176,177,178,179,180,181,182,183,184,186,187,189,190,193,194,197,199,200,203,206,208,209,210,213,214,215,217,219,220,221,222,226,231,232,234,236,243,244,245,246,250,252,254
30,31,32,34,36,37,38,39,40,41,43,44,45,49,50,51,52,53,54,56,57,58,59,61,62,63,66,68,70,71,73,74,75,76,77,78,79,81,85,88,91,93,98,99,101,102,105,106,107,108,109,110,111,113,114,115,116,117,119,120,121,122,124,126,127,128,129,131,132,135,137,139,140,142,143,144,145,146,147,148,149,150,152,153,156,158,159,160,163,164,165,166,168,169,170,171,173,176,178,181,182,185,186,187,189,191,192,193,195,196,198,199,200,201,202,203,205,206,210,211,212,213,214,216,217,218,219,220,221,223,224,227,228,229,230,235,237,238,240,241,243,246,248,249,251,252,253,254
31,32,33,34,35,36,39,40,41,44,45,46,48,49,50,51,52,53,54,55,56,59,60,61,62,63,64,66,69,71,72,77,82,83,85,89,91,92,93,94,95,96,100,101,103,104,105,106,116,117,119,120,121,123,124,125,127,128,129,130,132,133,135,136,140,141,143,145,147,148,149,150,151,152,154,155,157,158,159,160,161,162,164,165,168,169,170,172,173,174,178,180,181,182,184,187,188,189,190,192,193,194,196,198,199,201,202,204,205,208,209,210,211,212,215,216,217,219,220,222,225,231,234,235,236,238,240,241,242,243,244,245,246,248,249,254
32,33,36,38,40,41,43,44,45,49,50,51,52,53,54,55,56,57,58,60,61,62,63,64,66,68,69,70,71,72,74,76,77,80,81,84,85,86,87,88,89,90,92,95,96,97,98,102,103,104,106,107,108,110,111,113,114,116,118,119,120,123,124,126,127,129,130,131,134,135,136,137,140,142,144,145,147,148,150,151,152,153,154,155,156,157,158,159,160,161,162,167,169,170,171,172,173,176,177,180,181,184,186,187,188,190,191,193,194,196,197,198,199,200,201,207,211,212,213,214,216,217,219,220,221,222,223,224,225,226,227,228,229,230,231,232,234,235,237,238,239,240,241,242,244,246,247,248,249,250,253,254
33,34,35,37,38,40,41,42,44,46,47,48,52,53,54,55,56,57,59,61,62,64,65,66,71,72,73,76,77,80,82,83,86,87,89,90,92,94,97,99,100,101,103,104,107,108,111,112,113,115,117,118,119,120,124,125,126,128,132,133,134,136,138,139,140,144,146,147,148,150,151,152,154,155,157,159,160,163,165,166,167,170,174,175,176,177,178,179,180,183,184,185,186,187,189,190,191,193,197,198,200,202,204,205,207,208,209,210,211,212,213,214,215,217,218,223,224,225,226,227,228,229,230,231,232,233,234,236,237,239,241,242,244,245,247,248,251,252,253,254
34,35,36,38,41,44,45,47,49,52,54,55,60,62,64,65,66,67,68,71,74,76,78,79,81,82,83,84,85,91,94,95,96,98,99,100,101,107,108,109,110,113,114,115,116,119,120,121,122,128,129,131,132,134,137,139,141,142,144,145,146,147,149,150,151,152,153,155,157,159,160,162,163,164,165,167,168,170,171,172,173,174,175,176,178,179,181,182,183,184,185,188,189,191,192,193,194,195,196,198,199,200,201,203,204,205,206,209,210,211,212,213,214,215,216,217,218,219,220,221,223,226,228,229,233,234,236,237,238,239,240,242,243,246,247,248,250,251,252,253
35,36,37,38,39,41,42,43,44,45,46,49,51,53,54,55,57,58,60,61,62,63,64,65,66,67,68,69,70,71,74,75,78,81,83,84,85,86,88,90,91,93,94,95,96,97,98,99,100,101,102,103,104,105,106,110,111,112,113,115,116,117,119,120,121,123,124,125,126,127,128,129,130,132,134,135,136,138,139,140,141,143,146,150,153,154,155,156,157,159,161,162,164,167,169,170,171,175,176,178,179,180,181,182,183,185,186,187,188,190,192,193,198,200,202,203,204,206,207,210,211,212,214,215,216,219,220,221,222,225,226,227,229,230,231,232,233,234,235,238,239,240,241,242,243,244,245,246,247,249,250,252,253,254
36,38,39,43,44,47,49,52,53,54,55,56,57,58,59,60,61,62,64,65,67,68,69,70,73,74,76,77,78,80,83,84,85,86,88,89,91,93,95,96,97,99,100,101,103,106,107,109,110,113,116,117,120,121,122,123,126,130,131,132,135,138,141,144,145,146,148,150,152,153,154,155,157,158,159,161,164,165,166,172,173,175,178,179,181,182,183,184,185,186,187,189,191,192,193,194,195,196,199,201,202,203,204,205,207,208,211,212,213,214,215,216,217,218,219,222,223,224,225,226,227,228,229,230,231,232,234,236,237,238,240,244,245,248,249,251,253,254
37,41,42,43,44,45,46,47,49,50,51,52,53,55,56,57,58,59,61,63,64,65,66,67,69,72,73,74,75,78,79,80,81,84,85,87,88,89,91,93,94,95,97,99,100,101,102,103,104,106,110,115,116,120,121,123,124,125,127,128,129,130,134,136,137,139,141,142,143,145,146,147,148,149,152,154,155,156,157,162,166,167,168,171,172,173,175,177,180,181,184,186,187,188,190,191,192,194,195,196,197,198,199,200,201,203,204,205,206,209,210,211,215,216,217,218,220,221,224,225,227,228,229,230,231,235,236,237,238,239,242,243,245,247,250,251,252
38,41,42,45,46,49,50,51,52,53,54,56,57,58,59,60,61,62,63,64,65,66,68,69,71,72,74,77,78,80,82,83,84,86,92,94,95,96,98,102,103,108,112,113,114,116,117,121,127,128,129,131,132,133,134,135,136,137,138,140,144,145,147,148,150,151,153,154,155,156,159,160,162,163,164,165,166,167,168,169,170,171,173,174,176,177,179,180,181,182,183,184,188,191,193,194,195,196,197,199,200,201,204,205,207,208,209,210,211,212,213,217,218,222,223,225,226,230,232,233,235,238,239,241,242,243,244,247,248,250,252,253,254
39,41,42,43,44,45,49,50,52,53,55,58,59,60,61,65,66,67,68,70,71,72,75,76,77,78,79,82,83,84,85,86,89,90,92,93,94,95,99,102,103,104,108,110,111,112,114,117,118,120,121,123,124,125,126,127,130,132,134,135,138,139,140,141,142,144,145,146,147,149,150,152,155,156,157,158,159,160,161,162,163,165,167,168,169,170,171,172,174,175,177,179,180,181,182,184,185,186,189,190,191,192,198,201,202,206,207,208,209,214,215,216,218,219,220,221,222,223,224,225,227,228,229,230,231,232,233,235,236,237,239,240,242,243,244,246,248,249,250,251,252,253
40,41,42,43,44,47,49,50,51,52,53,54,55,56,57,60,62,65,66,67,68,69,71,74,79,80,81,82,84,85,88,89,90,92,93,95,96,97,100,101,102,103,104,106,107,109,110,112,113,117,118,119,121,122,123,124,126,128,129,133,134,135,136,137,141,144,147,149,150,154,157,158,159,161,162,163,164,165,166,168,169,171,172,173,174,175,180,181,182,184,189,190,191,192,193,194,198,199,203,204,205,208,210,211,212,213,214,217,220,222,223,224,227,228,229,230,232,234,235,236,238,241,242,243,244,246,248,249,253
41,42,46,47,48,50,51,52,55,56,57,58,59,61,62,64,67,68,69,70,72,75,76,78,81,83,85,87,88,90,91,93,94,96,98,101,104,105,107,112,113,114,115,116,118,119,120,121,122,125,126,128,129,131,132,133,137,139,140,142,143,144,146,147,149,152,153,157,158,159,160,161,162,163,165,166,167,168,170,173,174,175,176,177,178,179,183,185,186,187,189,191,193,194,195,196,197,199,200,202,205,206,207,208,209,211,213,214,218,219,221,222,223,224,226,227,230,231,232,234,236,237,238,239,240,242,244,245,247,248,249,251,252,253,254
42,43,45,46,47,48,49,52,54,55,57,58,59,60,61,63,64,65,66,67,68,70,74,75,76,77,80,81,82,83,84,85,86,88,89,90,91,92,93,95,96,97,98,100,101,103,104,105,106,108,109,110,112,113,115,117,118,120,121,122,126,128,130,133,134,136,140,141,142,143,146,147,150,153,156,157,158,161,162,163,164,165,168,169,171,172,173,175,176,177,179,180,183,184,185,186,187,188,189,190,192,193,194,195,196,197,199,201,203,206,208,210,211,212,213,214,215,217,218,219,220,221,222,223,225,226,230,231,235,236,237,240,241,242,244,245,246,247,248,250,251,253,254
43,45,46,47,48,49,50,51,52,53,54,55,56,57,59,60,61,62,63,64,65,67,69,70,72,75,76,78,80,82,83,84,86,89,90,91,92,94,95,96,99,100,101,102,103,104,105,106,109,111,113,114,115,118,119,120,122,126,127,132,134,135,136,139,140,141,142,143,144,145,146,148,150,151,152,155,157,158,162,164,165,167,168,169,170,172,174,175,177,178,180,181,182,185,186,190,191,192,193,194,196,201,202,204,205,206,207,208,210,211,213,216,217,218,220,223,225,229,230,231,232,233,234,238,239,242,243,244,245,246,247,248,250,252,254
44,46,47,52,53,55,56,57,59,60,62,63,64,68,69,70,71,74,75,77,78,79,82,83,88,90,91,93,94,95,96,97,98,100,101,103,104,105,106,107,108,112,113,114,115,116,117,120,122,123,125,128,129,130,131,134,136,137,139,140,141,144,146,148,152,153,154,155,156,157,158,159,160,161,162,163,165,166,168,169,170,171,173,178,179,180,182,183,186,187,189,193,194,195,196,197,198,201,202,206,208,210,211,213,214,217,219,220,222,224,225,226,227,228,229,231,232,233,236,239,240,241,242,243,247,248,249,250,251,253
45,46,47,50,52,53,54,55,56,57,58,62,63,67,68,69,70,71,74,75,77,79,80,81,82,83,84,85,86,87,88,89,91,92,93,94,96,98,99,100,101,104,105,107,108,109,111,114,115,117,119,120,121,123,124,125,126,127,128,131,132,133,134,135,136,138,139,142,143,145,147,149,151,152,153,155,158,160,161,162,163,164,165,171,173,176,177,180,181,183,184,185,187,188,189,190,191,193,194,196,197,199,200,201,203,204,205,206,207,208,210,211,212,213,215,216,219,220,221,223,224,225,226,227,229,231,233,234,235,236,237,238,240,242,243,244,246,247,248,249,250,251,252,253
46,49,50,51,52,53,54,56,59,60,61,64,65,67,69,73,74,75,76,77,80,83,84,85,86,87,88,89,90,91,93,94,95,96,97,100,101,102,103,104,105,106,111,112,113,114,116,119,122,123,124,125,126,127,128,129,131,132,133,134,135,137,139,141,142,143,145,146,149,151,153,154,155,156,157,159,160,162,163,167,168,170,171,172,174,175,177,181,186,188,189,190,191,194,195,197,198,200,201,204,205,206,208,210,211,212,213,216,218,220,222,223,225,226,227,230,232,233,235,236,237,240,242,244,246,247,248,250,251,253,254
47,48,49,50,53,55,56,57,58,60,61,62,64,70,71,72,74,75,76,77,78,81,82,83,84,86,87,88,89,90,92,94,96,97,98,99,101,102,103,104,105,107,108,109,111,113,114,115,116,119,121,122,123,125,126,129,130,132,133,134,136,137,141,142,144,146,148,149,151,152,153,154,155,157,159,160,161,162,163,164,166,168,169,170,171,172,177,178,179,182,184,189,190,191,193,194,197,199,200,201,202,203,204,207,208,211,214,216,217,218,219,221,224,225,227,230,231,232,235,239,243,245,247,248,249,250,251,252
48,49,50,51,52,53,55,56,57,58,60,61,62,64,65,67,68,69,72,73,75,76,77,78,80,83,84,86,88,89,90,91,93,94,95,96,97,98,99,100,101,102,105,106,107,109,110,111,112,113,114,115,116,119,120,123,124,125,126,127,128,129,134,136,137,138,139,141,142,143,144,146,150,151,152,153,154,155,158,160,165,166,167,168,169,170,173,174,176,179,180,181,182,183,184,185,186,187,188,189,190,191,193,194,195,196,199,200,201,202,203,204,205,206,207,208,210,211,212,213,214,215,217,218,219,220,221,223,224,225,226,227,228,229,230,231,232,234,235,237,239,240,241,242,243,244,246,249,250
49,50,51,54,55,56,57,59,60,61,62,63,64,68,69,71,72,74,75,78,79,80,81,82,83,86,88,89,90,91,92,93,94,95,97,101,104,105,107,108,112,114,115,116,118,119,121,122,123,124,125,127,128,129,131,132,135,136,137,138,140,142,143,146,148,149,150,152,153,154,157,158,159,160,161,162,163,164,168,169,171,174,176,177,178,180,181,183,184,187,189,193,194,196,197,198,200,201,203,205,206,207,208,212,213,214,215,217,218,220,222,223,224,228,229,230,232,233,235,236,237,238,239,240,242,243,245,246,247,250,252,254
50,51,52,53,55,56,57,58,59,60,61,63,64,65,67,68,69,70,71,72,73,74,75,78,80,81,84,85,86,88,89,91,92,94,97,98,99,101,102,103,107,108,112,116,117,118,121,124,129,130,131,133,134,137,138,141,142,143,145,146,147,149,150,151,152,154,155,156,157,158,159,161,162,165,166,167,168,170,171,173,174,175,176,180,181,184,185,186,187,188,190,191,192,194,196,197,198,200,203,204,206,207,210,211,212,213,214,215,216,217,218,219,220,222,225,226,227,230,232,235,236,239,240,242,245,246,248,249,250,254
51,54,55,56,59,61,66,67,70,71,75,76,77,78,80,81,82,83,84,86,88,90,91,93,94,96,98,99,101,102,104,107,108,109,110,111,113,115,119,120,121,122,125,128,129,131,132,133,135,136,137,138,140,141,142,143,144,145,147,148,149,152,153,155,156,158,162,163,165,166,167,168,170,172,173,178,179,180,181,182,183,184,185,186,187,189,191,192,193,194,197,200,203,204,205,206,207,208,209,210,212,213,214,215,216,217,220,221,222,224,225,226,227,228,229,230,232,233,234,236,240,241,243,244,245,246,247,249,250,251,252,253,254
52,53,54,55,56,57,58,59,60,61,62,63,64,65,68,70,74,75,76,78,81,82,84,85,88,91,92,93,96,97,98,99,101,104,106,107,108,110,112,113,115,116,118,119,120,121,124,125,126,127,128,132,133,134,135,136,137,139,140,141,144,145,147,148,150,152,153,156,157,159,162,163,165,166,168,169,170,171,173,175,177,178,179,180,181,182,184,186,187,188,189,191,192,194,196,197,199,200,201,202,203,204,205,207,208,211,213,217,218,221,222,223,224,225,226,227,229,230,231,233,235,237,238,239,240,241,244,245,246,247,248,249,250,253
53,55,57,58,61,63,64,65,66,67,68,69,71,74,75,76,77,78,79,81,84,86,88,91,92,96,98,99,101,102,103,106,108,109,111,112,114,115,116,117,118,122,123,125,126,128,129,130,131,132,133,135,138,140,142,143,144,145,147,148,149,151,154,155,157,162,163,167,168,169,172,173,175,176,177,178,180,181,182,185,187,188,190,191,192,197,198,200,201,202,203,204,205,206,207,208,209,211,212,213,215,216,219,220,222,224,226,227,228,229,230,231,232,233,238,239,241,243,244,245,246,249,250,251,254
54,59,60,61,63,68,69,72,75,78,79,81,83,84,85,86,88,90,91,93,94,97,98,100,101,102,103,105,106,108,109,110,113,114,116,117,118,119,120,122,123,126,128,129,131,134,135,136,137,138,148,149,150,151,153,156,157,159,161,162,165,166,167,168,169,171,176,177,180,181,183,184,185,189,190,192,193,194,199,200,201,203,204,205,206,207,208,209,210,211,212,215,217,219,220,221,222,223,224,225,228,230,231,232,233,235,237,238,239,240,241,242,243,245,247,250,254
55,56,58,59,60,64,65,66,68,69,70,72,73,75,78,79,80,81,82,83,84,85,86,87,88,90,91,93,95,96,97,99,102,105,107,108,109,110,113,115,122,124,126,127,130,132,134,137,138,139,141,143,144,146,147,148,150,151,154,156,157,160,167,168,169,170,171,174,175,176,178,180,181,182,183,184,185,186,187,189,191,192,194,195,196,197,198,199,201,202,203,204,205,206,207,209,210,211,212,214,217,218,219,220,221,224,229,230,231,232,233,235,237,238,240,242,244,245,246,247,248,249,250,251,252,253
56,58,62,64,66,67,68,69,70,71,72,73,74,76,77,78,79,80,82,84,86,87,88,89,90,91,93,98,99,100,102,103,104,106,109,110,112,113,114,115,116,117,118,119,120,121,125,127,131,132,133,134,135,136,141,145,146,147,148,149,150,151,152,154,159,160,162,163,164,165,166,168,170,173,174,176,177,179,180,182,183,185,186,189,190,191,192,194,195,196,197,198,199,201,202,203,204,208,209,211,212,213,214,215,217,218,219,220,221,222,223,225,227,229,230,231,233,234,235,236,237,238,240,241,243,245,248,249,250,251,252,253,254
57,61,62,65,66,67,69,71,74,75,76,77,79,82,84,85,88,89,90,91,92,93,94,95,98,99,101,102,105,106,107,108,109,110,111,112,114,115,116,117,118,120,121,122,125,126,128,129,131,132,133,135,136,137,139,140,142,145,148,150,151,152,153,154,158,159,160,162,165,166,167,168,170,171,174,176,178,180,181,183,184,185,187,188,191,192,193,195,196,197,198,199,200,201,202,203,205,207,208,209,211,212,214,216,218,220,224,228,230,232,234,235,236,237,238,239,240,242,243,246,250,251,253,254
58,59,60,63,64,65,68,69,70,71,72,74,75,77,79,80,81,82,83,86,88,91,93,94,95,96,97,99,102,104,105,106,107,108,109,111,117,118,119,120,121,123,124,128,130,131,133,135,136,137,138,140,141,142,145,146,148,151,152,154,155,156,158,159,160,163,164,165,167,168,171,172,173,174,175,177,179,181,182,185,188,189,190,191,194,195,196,197,200,202,203,204,206,207,208,210,214,215,216,217,219,220,221,222,224,225,226,228,229,231,233,234,235,236,239,240,241,242,243,244,246,247,248,250,252,254
59,61,62,64,65,66,67,69,71,73,75,79,80,82,83,84,85,87,88,89,92,94,95,97,98,100,102,103,108,109,112,113,114,116,117,118,120,122,123,124,129,130,131,134,135,137,138,139,142,143,145,147,149,150,151,152,154,155,157,158,159,160,163,164,165,167,168,170,172,173,175,176,177,178,179,180,182,183,184,185,186,187,188,189,190,194,195,196,199,201,202,204,206,208,209,210,213,216,217,218,219,220,222,224,225,228,230,231,233,234,235,236,237,238,239,240,242,245,247,248,249,250,251,252
60,61,63,64,65,67,68,69,70,71,72,73,74,75,77,78,79,80,82,85,86,87,88,92,98,99,100,102,103,105,106,107,110,111,112,113,116,118,119,120,121,124,125,128,129,130,131,133,134,135,136,137,138,139,141,142,143,145,147,148,149,151,152,154,155,156,158,159,160,161,162,165,166,167,169,170,172,177,178,179,180,181,182,183,185,186,187,188,189,190,191,192,195,197,198,199,200,201,202,203,204,205,206,208,210,214,215,217,218,223,224,229,231,233,234,235,237,240,242,244,246,247,248,249,252
61,66,67,68,70,71,72,73,76,78,82,84,85,86,89,91,92,95,96,97,98,100,101,102,103,105,108,109,110,114,115,117,121,124,125,126,128,129,130,131,132,133,134,135,136,137,138,139,143,145,146,147,148,154,156,157,158,159,160,161,162,163,164,165,166,169,170,172,177,179,180,181,182,184,185,186,187,189,191,193,195,198,199,201,202,204,207,210,211,212,213,215,216,219,220,221,222,223,225,226,227,234,235,236,237,238,239,242,244,245,246,248,249,250,251,252,254
62,63,64,65,66,68,69,70,71,72,73,75,77,79,80,81,82,83,84,85,87,88,89,90,92,93,94,96,97,98,99,101,102,103,104,105,107,108,109,110,111,112,113,114,116,117,118,119,120,121,122,123,124,129,130,131,132,134,135,136,138,139,140,141,142,146,147,148,149,150,153,156,158,159,160,162,165,166,167,169,170,171,172,174,176,177,180,181,182,183,184,185,188,190,191,192,193,195,198,199,202,203,204,205,208,211,212,213,214,215,216,217,219,220,221,225,230,231,233,235,238,239,240,241,242,244,245,246,247,248,250,254
63,64,65,68,70,71,72,73,75,78,79,80,83,84,85,88,89,92,93,94,96,97,98,100,101,103,104,105,106,107,109,110,111,113,117,118,120,121,122,124,125,127,131,133,140,142,143,144,145,147,148,150,151,152,155,156,157,159,161,162,163,164,166,169,170,172,173,174,175,177,178,179,182,185,186,187,189,190,191,192,193,194,196,199,201,202,204,205,206,207,211,212,213,214,215,216,217,218,219,220,221,223,224,227,228,229,230,231,232,234,235,236,237,241,242,243,245,246,247,248,250,253,254
64,65,67,68,71,72,73,74,75,78,80,82,83,84,86,87,88,89,91,92,93,94,95,99,100,101,102,103,104,108,109,110,111,112,115,119,120,121,123,124,125,128,130,132,135,137,138,141,142,143,144,147,148,152,153,154,155,157,159,160,164,166,167,169,171,172,173,174,175,176,178,180,181,182,184,185,186,187,188,190,192,194,195,196,198,199,203,204,205,206,207,208,209,210,212,213,214,215,217,218,219,221,227,229,230,231,233,234,236,237,238,240,245,246,247,252,253
65,66,68,69,70,72,74,75,76,77,78,81,83,85,86,87,88,89,90,93,94,95,96,97,100,101,102,103,105,107,109,110,111,114,115,117,118,119,120,121,122,125,126,127,129,130,131,132,133,134,136,138,139,141,142,143,145,147,150,151,152,154,155,156,157,158,159,160,161,162,163,165,166,167,170,171,172,173,177,178,180,181,182,183,185,187,189,190,192,194,197,198,199,201,203,204,205,207,208,209,210,212,213,214,216,221,222,224,225,226,228,230,231,232,238,239,240,241,243,244,245,246,247,248,249,250,251,252,254
66,67,69,71,73,74,76,77,79,80,81,82,83,84,85,86,87,88,90,93,94,96,97,98,99,100,101,104,105,108,109,111,113,114,116,118,119,121,122,123,124,125,127,131,132,133,135,137,138,140,142,145,146,147,148,149,151,152,154,155,156,159,160,161,164,165,166,168,169,171,173,174,175,176,178,182,183,184,186,191,192,193,194,195,196,198,199,201,202,203,205,206,207,208,210,211,212,213,214,217,218,219,220,221,222,223,224,226,227,228,229,230,234,236,237,238,239,241,242,243,244,245,246,247,250,252,253,254
67,69,70,72,73,74,75,76,77,81,83,86,87,88,89,91,92,93,97,98,100,101,104,105,106,107,108,109,110,112,116,117,118,119,121,122,123,125,126,127,128,129,130,135,136,138,139,140,141,143,144,145,147,148,149,150,151,152,153,154,156,158,165,166,168,169,170,171,172,175,177,179,183,184,185,186,188,189,191,193,195,197,199,201,204,205,206,207,210,211,213,215,216,217,219,220,221,222,225,227,228,229,232,233,236,243,244,246,247,248,249,251,253
68,69,71,74,76,78,79,80,82,83,85,86,87,88,89,90,91,92,94,95,96,98,99,100,101,103,104,105,107,108,109,110,111,112,115,116,117,119,120,121,122,123,124,125,126,127,128,130,131,132,133,135,137,138,141,142,143,145,146,147,149,150,151,152,153,159,160,161,162,166,167,168,169,170,172,175,176,177,179,181,182,183,184,188,190,191,192,194,196,197,199,201,202,205,207,208,209,211,212,213,214,215,216,217,218,219,221,222,223,224,225,226,227,229,230,232,233,235,238,239,240,241,242,243,244,245,246,248,249,251,252
69,70,71,72,73,74,75,77,79,80,81,83,84,88,89,94,95,96,98,99,100,104,105,108,110,114,115,117,118,125,126,128,130,131,132,134,138,140,141,142,143,144,146,149,150,151,152,153,154,156,157,158,159,161,162,163,164,165,167,169,170,172,174,175,177,178,180,181,182,184,186,187,188,189,190,191,195,198,200,201,203,204,205,206,207,208,209,212,213,214,215,216,217,218,219,220,222,223,224,225,228,229,230,231,232,234,235,236,241,244,245,246,248,249,250,251,252,254
70,72,73,75,77,79,80,81,82,84,86,88,89,91,94,95,96,97,98,99,100,101,104,105,107,108,109,112,113,114,116,117,119,120,123,125,127,128,130,131,132,133,135,136,138,142,143,144,145,150,151,152,153,154,155,157,160,161,162,163,164,167,168,169,171,172,175,178,179,184,186,187,189,191,194,195,198,199,200,201,203,204,205,210,211,212,213,214,215,216,218,219,220,221,222,223,224,225,227,228,229,230,235,236,237,238,239,241,242,244,245,246,247,248,249,251,252
71,72,73,74,75,78,80,81,82,85,86,87,88,89,90,91,92,93,94,95,97,98,99,102,104,105,106,108,110,112,115,116,117,118,120,122,123,124,126,127,129,130,132,133,134,136,137,139,140,143,144,145,146,151,153,156,157,158,159,162,163,165,166,167,168,170,171,172,173,174,175,176,179,180,182,183,185,186,187,188,191,192,193,194,196,197,198,199,203,206,207,208,210,211,212,214,215,216,217,220,222,223,225,227,228,229,230,232,233,235,237,238,239,240,241,243,244,245,246,247,248,249,250,251,252,253
72,73,74,77,78,79,80,83,84,87,90,91,92,93,94,99,100,102,103,105,107,108,110,111,112,115,119,121,122,123,125,127,128,132,133,136,137,139,140,141,144,145,148,151,153,154,156,157,159,164,166,172,173,174,175,179,180,181,183,184,185,186,187,188,190,191,194,196,197,199,201,204,205,207,208,209,210,211,215,216,217,218,219,220,221,224,225,227,228,229,230,231,232,234,235,236,237,238,239,241,242,243,245,247,248,249
73,74,75,76,77,80,83,85,86,87,91,92,93,95,96,97,99,101,104,105,106,107,108,109,110,111,112,116,118,120,121,122,123,125,126,127,129,131,132,134,136,137,139,141,142,144,145,147,148,149,153,154,155,158,160,161,163,164,165,166,167,168,169,171,172,173,174,175,176,179,180,181,183,186,187,188,190,191,192,194,199,201,202,204,205,206,207,211,214,216,217,219,220,222,223,226,228,229,230,232,233,234,237,238,240,241,242,245,246,249,250,251,252,254
74,75,77,78,79,80,81,82,86,87,88,89,90,91,93,94,95,96,98,99,102,103,108,109,111,112,114,115,117,119,121,122,123,125,126,127,128,129,130,134,135,137,140,141,146,147,148,149,150,151,152,153,154,156,157,159,160,162,165,167,168,169,170,173,174,176,177,179,180,181,182,183,185,186,188,189,190,192,193,194,195,197,198,199,201,202,203,206,209,211,213,216,217,218,219,221,222,223,224,225,226,227,228,229,230,235,236,239,241,242,243,245,249,251,252,254
75,76,79,82,85,86,88,89,90,91,92,94,99,100,103,104,105,106,108,110,111,112,114,116,117,118,119,120,122,123,124,125,128,130,132,133,137,139,141,145,146,149,151,152,153,154,155,157,158,159,162,163,169,170,171,172,173,175,176,178,179,180,181,183,185,186,188,190,191,194,195,196,198,199,200,206,207,208,209,210,214,215,216,218,220,223,224,226,230,233,234,236,237,239,241,244,245,246,248,250,251,253,254
76,77,78,79,81,82,83,84,87,89,90,91,93,95,96,98,99,100,103,104,105,107,108,109,110,114,115,116,119,120,121,122,123,124,126,128,129,131,135,136,137,138,140,141,143,144,145,146,147,150,151,153,154,157,159,160,161,162,163,164,167,168,169,170,171,175,176,179,181,182,183,185,187,188,189,190,191,192,193,194,195,196,197,199,200,202,203,204,205,206,208,209,212,213,214,215,217,219,221,222,223,224,225,226,230,231,232,233,234,236,237,240,241,242,244,245,246,247,248,252,253,254
77,78,79,80,85,86,87,88,91,92,93,94,95,100,101,102,104,105,106,108,109,110,111,112,114,115,116,117,118,119,121,122,125,126,127,131,133,135,137,139,140,141,143,144,145,147,149,150,151,152,155,156,158,159,161,163,165,167,168,173,174,178,179,180,181,182,184,186,187,188,189,190,192,193,194,196,197,199,200,202,203,204,207,208,209,210,212,215,217,219,220,221,222,224,225,226,228,230,231,232,233,236,238,243,244,245,247,249,252,254
78,79,82,83,84,86,87,88,90,91,92,94,96,98,100,101,102,103,104,105,112,114,115,117,118,119,120,122,123,126,127,128,129,130,131,134,137,138,139,141,143,145,146,147,148,149,150,152,153,154,155,156,157,158,161,162,167,168,169,170,171,172,173,176,177,178,180,182,183,187,188,189,190,191,194,195,196,197,198,202,203,204,205,206,209,211,212,213,215,216,217,218,219,220,222,223,224,225,226,228,229,230,231,232,234,235,237,238,241,244,246,248,250,251,252,253,254
79,80,82,83,85,88,90,92,93,94,95,96,97,98,99,100,103,104,105,107,111,113,116,117,118,122,123,124,125,126,127,128,129,130,131,133,135,136,137,138,139,140,142,144,145,147,148,149,150,151,153,155,157,158,159,160,163,164,166,168,169,170,172,173,175,177,179,180,182,183,185,186,187,189,190,191,192,194,195,198,199,200,201,202,204,206,207,209,210,211,214,216,219,221,222,224,225,226,228,231,233,234,235,236,237,238,239,240,241,242,243,246,247,248,249,250,252,253
80,81,82,83,84,85,86,87,88,90,91,92,94,96,97,98,101,102,103,105,108,109,113,114,115,117,119,120,124,127,128,130,131,132,133,134,135,137,141,142,145,147,151,152,153,154,155,157,158,159,160,161,162,166,167,168,170,172,173,176,178,179,180,181,182,184,185,189,190,191,193,194,195,196,199,201,202,203,206,207,210,211,212,213,214,215,216,219,220,221,222,223,224,228,230,231,232,233,236,237,242,243,244,245,246,247,248,249,251,252,253,254
81,83,87,90,91,92,95,96,99,100,101,102,103,104,105,106,107,108,109,113,116,117,118,119,120,121,122,123,124,125,126,127,128,129,130,131,132,133,136,137,139,141,143,144,145,147,148,149,151,152,153,154,157,158,159,160,161,162,164,165,167,168,170,171,172,176,177,178,179,180,181,182,185,186,187,188,189,191,192,193,198,200,202,205,206,208,213,214,216,217,218,221,224,226,227,228,229,232,233,235,237,238,239,241,244,249,250,251,252,253,254
82,84,86,88,89,90,93,94,95,96,97,98,99,100,101,102,105,106,107,110,111,112,114,115,116,119,122,123,124,126,127,128,130,131,132,135,136,139,141,144,145,147,149,150,151,153,154,156,157,158,159,160,161,163,167,168,170,171,172,173,174,175,176,177,178,180,181,186,187,190,191,192,194,195,196,197,198,199,201,202,203,204,205,206,208,209,214,215,217,218,221,224,226,228,229,230,231,232,234,235,236,238,239,240,241,242,243,244,246,247,248,249,250,251,254
83,84,85,86,87,89,90,91,92,93,94,96,97,98,101,103,104,105,108,109,110,111,112,114,115,116,117,121,122,123,124,125,126,128,129,130,131,132,134,135,137,138,140,141,143,144,146,148,149,150,151,152,153,154,157,159,160,161,162,164,166,167,168,169,171,172,173,174,177,178,182,183,184,186,189,191,192,194,197,199,200,201,203,204,205,206,207,208,212,214,217,218,219,220,221,223,224,225,228,229,230,232,234,235,236,238,239,240,241,242,244,245,246,250,251,252,254
84,87,88,92,94,95,96,97,98,99,100,101,102,103,104,106,108,109,110,111,112,114,115,116,117,120,123,124,125,128,129,130,131,143,144,146,147,148,149,150,151,152,153,155,157,158,159,160,162,165,166,170,171,172,173,174,176,181,182,183,185,187,188,190,191,192,193,194,195,197,198,205,206,207,208,209,210,211,213,214,215,216,221,222,223,225,226,228,230,231,235,236,237,238,241,242,243,244,245,246,247,249,250,251,252,253,254
85,86,88,89,90,91,92,94,95,96,101,102,103,104,105,106,107,108,110,111,113,114,115,116,118,120,123,125,127,128,129,130,131,132,135,137,139,141,142,143,144,147,148,149,151,157,159,162,164,165,167,168,171,172,173,174,175,176,177,178,179,180,181,182,183,184,187,188,189,192,193,194,195,196,197,198,199,200,201,202,203,205,206,207,209,210,211,212,215,216,217,218,221,222,224,225,226,227,228,234,236,237,238,241,242,243,244,248,249,251,253,254
86,88,89,93,95,100,101,102,104,105,106,107,108,111,112,113,114,115,116,117,118,120,121,123,124,126,127,128,129,131,133,135,136,140,141,142,143,144,149,151,153,154,155,157,159,161,162,163,164,165,166,168,169,170,174,178,181,182,183,186,188,189,191,192,193,195,196,197,198,199,202,203,204,205,207,209,210,213,214,215,216,218,219,220,222,223,225,226,227,228,229,230,232,233,236,237,239,241,242,243,244,245,246,247,248,249,254
87,89,91,92,96,97,98,102,104,105,106,107,108,109,111,112,118,119,120,123,124,125,126,127,128,129,130,134,135,136,138,140,141,142,143,144,149,152,153,155,157,158,161,162,164,167,170,172,175,176,178,179,180,182,184,186,187,188,189,192,193,194,195,196,198,200,204,207,208,211,214,215,218,219,220,221,222,225,226,227,228,230,231,232,234,235,236,238,239,240,241,242,245,246,247,248,249,253,254
88,92,94,95,96,97,98,99,102,103,105,106,107,108,111,112,117,119,120,123,124,126,128,129,131,132,133,136,137,138,139,141,143,144,152,156,157,158,159,160,161,162,163,164,166,168,169,170,171,172,173,174,180,181,182,183,186,187,189,190,191,193,196,197,199,200,201,204,205,207,208,209,211,212,213,219,220,221,224,225,226,227,228,230,231,233,235,236,238,241,243,244,245,247,248,250,253,254
89,90,91,94,95,96,97,99,104,105,107,111,113,114,115,116,118,119,121,123,124,126,129,130,131,139,142,144,145,149,151,153,154,156,157,158,161,163,164,166,169,172,173,174,175,178,179,183,184,185,186,187,188,189,191,194,196,197,198,200,201,202,203,206,207,209,210,211,212,213,215,216,217,218,219,220,221,222,223,224,227,228,229,230,231,232,234,235,237,238,240,242,243,244,246,247,249,251,253,254
90,94,95,96,97,98,100,101,102,103,104,105,108,110,114,115,116,117,118,119,120,121,122,123,124,127,128,132,133,136,137,139,141,142,146,147,149,152,153,155,159,160,161,164,165,167,168,171,172,173,175,179,182,184,185,186,187,188,189,190,193,195,197,199,202,204,205,206,207,208,210,211,212,213,214,215,216,217,219,220,221,222,223,228,232,233,237,238,239,240,241,243,244,245,247,248,249,251,252,253
91,94,95,97,99,100,104,105,107,108,110,112,114,116,118,119,120,121,122,123,125,127,128,130,132,133,135,136,137,138,139,140,141,142,143,144,145,146,149,150,152,154,155,159,161,162,163,165,167,168,170,171,172,173,174,175,176,179,180,183,184,185,187,188,189,190,191,192,193,194,195,198,201,202,203,204,206,208,209,210,211,212,213,214,215,216,217,218,221,222,224,225,227,228,229,230,231,232,234,235,236,238,239,240,241,242,244,245,246,249,250,252,254
92,94,95,96,97,98,99,100,101,103,107,108,110,111,112,114,115,116,118,122,123,124,126,127,128,130,132,134,136,137,139,141,142,144,145,146,149,150,151,152,153,154,156,159,160,161,162,163,165,166,167,168,170,171,172,174,175,177,178,179,180,181,183,184,185,186,187,190,192,193,194,199,200,202,203,206,208,210,211,212,213,214,215,217,218,220,222,224,227,229,232,233,236,240,242,243,245,246,247,249,250,254
93,94,96,99,100,102,103,104,105,107,108,109,111,112,115,116,117,119,121,122,124,125,126,127,128,129,131,133,134,135,136,137,138,139,140,141,142,144,145,148,150,151,153,155,157,158,160,161,162,164,171,172,175,177,178,180,181,182,183,185,186,187,188,189,190,191,192,193,194,195,196,199,201,203,204,205,208,209,210,213,216,217,219,221,223,224,225,227,229,231,232,233,234,236,238,239,240,241,243,245,246,248,249,251,252,253
94,95,98,99,100,101,102,105,108,109,111,113,114,115,116,117,118,119,122,123,126,128,131,132,133,135,136,137,140,141,143,146,147,148,149,150,151,154,156,157,158,159,161,162,164,167,168,169,170,172,173,176,177,178,180,182,186,187,188,190,191,192,194,195,196,197,198,199,203,205,206,208,209,211,212,213,217,218,222,223,225,226,227,228,231,233,234,235,236,237,239,240,241,242,246,247,250,251,254
95,96,97,99,102,103,104,105,106,108,109,111,113,114,115,116,118,120,124,125,126,129,130,131,132,133,134,135,136,137,139,140,142,143,144,150,151,152,154,157,160,162,163,165,166,167,168,169,170,172,173,175,177,179,180,185,187,188,190,192,193,198,199,201,202,203,204,207,209,210,212,214,215,216,218,219,220,221,222,223,224,225,226,229,230,232,234,235,237,239,240,241,242,245,247,248,250,251
96,97,98,99,101,102,103,110,111,112,114,115,116,117,119,120,121,125,127,128,129,130,132,133,137,138,140,141,144,146,147,148,149,150,151,152,154,156,158,164,165,166,167,170,171,175,179,180,184,186,187,188,189,190,192,193,194,195,196,197,198,199,201,202,204,205,206,207,208,209,211,212,213,214,217,218,219,222,224,225,231,232,235,236,237,239,240,241,242,243,245,246,247,248,249,250,251,252,254
97,99,100,102,104,105,107,108,110,111,113,114,115,117,120,121,123,124,125,126,129,130,131,133,135,136,137,139,140,141,142,143,144,145,146,149,150,153,154,156,157,161,165,167,168,169,174,175,176,177,179,181,182,183,184,185,187,190,191,193,194,197,199,200,203,204,205,206,208,209,210,211,212,214,215,216,218,219,220,221,222,223,225,226,227,228,230,232,233,236,237,238,239,240,242,243,244,245,246,247,248,249,250,252,253
98,100,102,103,105,107,110,111,115,116,117,119,122,123,124,126,127,129,130,131,133,136,137,138,139,140,141,142,143,144,145,148,149,150,151,152,153,156,160,161,162,163,164,165,167,168,170,173,176,177,179,180,181,183,184,185,186,187,188,189,190,193,195,196,197,198,199,200,202,204,205,211,213,214,218,219,221,224,226,227,229,231,234,236,239,240,242,243,244,246,247,248,249,250,251,252
99,101,102,103,104,106,107,108,109,110,111,113,115,116,117,118,119,120,121,122,124,125,126,127,130,131,133,135,137,138,139,140,143,144,147,148,150,151,152,153,155,157,158,159,160,161,162,163,166,167,168,169,170,172,173,177,180,182,183,184,185,186,188,189,191,192,193,195,196,197,198,199,201,203,207,209,210,211,213,216,217,218,219,221,223,224,229,230,231,232,236,238,239,240,241,242,245,246,248,249,251,252,253,254
100,102,104,105,106,107,110,112,113,114,116,117,118,119,120,121,122,123,124,125,126,127,128,132,134,135,138,139,143,144,146,147,149,151,153,154,156,158,159,160,162,163,165,166,168,169,171,172,174,178,179,180,181,182,183,186,187,188,189,190,191,192,194,195,198,199,200,202,203,205,206,209,210,211,212,216,217,218,220,224,225,227,228,230,232,233,235,236,238,239,241,242,243,245,247,248,250,252,253
101,102,105,106,107,108,109,110,111,113,114,119,120,122,124,125,128,129,130,131,134,135,136,137,138,140,141,144,145,146,147,149,150,151,152,153,155,158,159,162,164,165,168,169,170,174,176,178,180,181,182,183,184,185,186,187,188,191,193,195,196,197,198,200,201,204,205,206,208,211,214,215,216,219,223,224,225,227,228,229,230,231,232,233,234,235,236,237,239,242,243,245,246,247,248,251,252,253,254
102,103,107,108,109,110,111,113,114,119,121,122,123,130,133,135,136,137,138,139,140,141,142,145,146,147,148,149,151,153,154,155,156,157,158,159,160,161,162,164,171,172,173,175,178,180,181,183,184,185,187,188,189,190,191,193,194,195,196,197,198,199,200,201,202,204,206,207,209,211,212,213,214,215,216,217,220,221,222,224,225,226,227,228,229,230,231,232,233,234,236,238,239,240,241,242,243,244,245,246,248,250,252,253
103,106,107,108,109,110,111,112,113,114,115,117,119,124,125,126,127,128,129,130,131,133,135,138,145,147,148,149,150,151,152,153,154,156,158,160,161,163,164,165,168,169,170,173,174,175,176,177,178,179,180,181,182,183,184,185,186,187,188,190,192,193,195,198,200,202,203,204,205,206,208,209,210,212,214,216,217,219,223,224,225,226,227,228,229,232,234,235,236,239,240,241,242,243,244,245,247,248,250,251,252,254
104,105,106,110,111,113,114,116,118,120,121,122,123,124,126,127,128,129,131,132,134,135,137,138,139,140,141,143,146,147,148,149,151,153,154,156,158,159,160,161,162,165,166,167,168,169,171,173,175,177,179,180,181,182,183,184,186,187,188,190,191,195,199,200,201,203,204,205,206,208,212,213,214,218,221,222,224,225,226,228,229,230,231,232,233,235,236,237,238,239,240,243,247,248,250,253,254
105,108,109,110,112,113,115,117,118,119,123,124,126,127,130,132,136,139,140,141,144,145,146,147,148,149,150,151,152,153,154,155,167,168,169,172,173,174,175,177,179,181,183,184,186,187,190,192,193,194,197,198,199,200,201,202,204,205,209,210,212,216,217,218,220,222,223,224,225,227,230,232,233,234,235,236,237,240,243,244,247,249,250,251,252,253
106,107,110,111,112,113,115,118,119,121,123,124,125,126,129,130,131,132,133,134,135,136,138,140,143,146,148,150,153,154,156,157,160,161,162,164,165,168,169,170,172,173,175,176,177,178,180,181,187,188,189,192,193,194,195,197,201,202,204,210,212,213,215,218,220,221,222,225,227,228,229,230,231,232,235,236,237,238,239,241,243,244,247,248,249,252
107,108,109,113,114,117,119,120,121,122,125,127,128,129,130,131,133,137,138,139,143,145,146,147,148,152,153,161,166,169,170,171,174,175,176,178,179,180,182,185,187,188,191,192,193,197,198,200,201,202,203,206,211,212,214,215,216,218,220,221,223,224,225,226,227,232,233,235,236,238,240,241,242,243,245,246,247,248,249,250,253,254
108,109,110,111,112,113,114,115,117,118,119,120,121,122,123,125,126,127,128,130,131,132,134,135,137,138,141,143,144,148,149,150,151,152,155,159,160,162,163,166,168,170,172,173,174,178,180,182,183,184,186,188,190,191,193,197,199,202,203,204,205,206,207,208,209,210,211,213,215,216,217,219,220,222,223,224,225,226,228,232,233,236,237,241,244,246,247,249,250,251,252,253
109,110,114,116,118,119,120,123,128,129,130,131,135,137,138,139,140,141,142,144,145,146,147,148,149,152,153,155,156,157,159,160,162,163,164,165,169,171,174,175,178,180,182,183,184,186,187,188,189,191,193,194,196,198,199,201,202,203,204,205,206,207,208,210,212,213,215,218,219,220,223,225,226,228,229,231,232,234,235,236,237,242,243,244,246,247,249,250,251,253,254
110,111,112,117,122,123,124,127,130,131,133,138,141,145,146,147,148,149,150,151,152,155,156,159,160,161,162,163,166,167,168,169,170,172,173,174,175,177,178,180,182,184,185,186,187,188,189,191,192,193,194,196,197,198,199,201,202,204,206,209,210,211,212,213,215,216,217,219,220,221,222,223,224,225,226,227,228,229,230,231,235,239,240,243,246,248,250,253,254
111,115,116,117,118,119,120,121,122,123,125,127,128,129,130,131,133,134,135,137,138,140,143,144,145,146,148,149,150,155,156,157,161,162,165,166,168,169,170,171,172,173,175,176,177,178,179,181,182,183,185,187,188,189,190,192,194,197,199,201,204,205,206,207,208,209,210,213,214,215,217,218,219,220,221,222,223,224,226,227,228,229,230,232,233,234,235,236,237,239,240,243,244,245,246,249,250,251,252,253
112,113,114,116,117,118,120,125,127,130,131,132,133,135,136,138,139,140,142,143,145,146,147,149,152,153,154,155,157,158,159,160,161,162,163,165,166,168,169,170,171,172,173,175,176,177,178,179,180,181,184,185,190,191,195,196,197,198,199,203,204,205,207,210,211,212,214,219,220,223,225,227,228,229,230,231,234,237,239,240,241,243,244,246,247,249,252,253
113,116,117,119,122,123,127,130,131,134,135,136,139,140,141,142,144,145,146,147,149,151,153,155,156,158,159,160,162,163,165,166,167,168,169,171,172,173,174,176,180,182,183,185,186,187,188,189,191,192,193,195,196,198,199,200,201,202,204,207,208,209,210,211,213,214,216,217,218,221,222,224,225,228,229,230,231,232,233,236,239,240,241,246,247,251,252,253
114,115,116,117,118,119,120,121,122,123,125,126,127,131,132,134,135,136,138,143,145,146,147,148,149,150,152,156,159,160,162,163,164,165,166,167,168,170,172,173,174,175,176,177,178,180,182,183,184,185,186,188,192,193,194,196,197,199,201,203,204,206,207,209,211,212,214,215,217,218,221,226,227,228,232,233,235,237,238,242,243,244,245,246,247,249,250,253,254
115,116,117,119,120,121,122,128,129,130,131,132,133,134,135,136,138,139,140,145,146,147,148,150,153,156,157,159,160,161,162,164,166,167,173,174,176,178,179,181,182,184,186,188,189,191,192,195,196,202,203,204,205,206,207,208,209,210,212,213,218,219,222,224,225,226,227,228,229,230,231,232,233,234,235,237,238,239,241,244,245,246,249,250,252,254
116,117,119,122,123,124,125,128,129,130,131,132,136,137,138,140,141,142,148,149,150,151,152,156,159,161,162,166,167,168,169,170,171,172,173,174,176,177,178,179,183,184,185,186,189,190,192,193,194,196,198,199,200,201,203,204,207,210,211,212,214,218,220,221,224,226,227,228,229,230,231,232,233,235,236,237,238,240,242,243,244,246,247,251,253,254
117,118,120,121,122,124,125,127,128,129,130,132,134,135,136,139,142,144,145,146,148,150,151,152,153,154,155,156,157,158,160,163,165,166,167,168,169,173,177,178,179,181,183,185,187,188,189,191,192,193,195,198,200,201,202,204,205,209,210,211,212,213,214,215,216,217,218,219,222,223,224,226,227,228,229,230,231,232,234,235,237,239,242,243,244,245,246,247,248,249,250,252,253
118,119,121,123,126,127,128,130,133,135,137,138,141,142,143,144,145,147,148,149,150,151,154,155,156,157,159,160,161,162,163,168,169,171,173,174,175,176,178,180,181,182,185,187,188,189,190,191,193,195,200,203,204,206,207,209,210,211,214,216,218,219,221,222,223,224,225,226,228,229,230,231,232,234,235,237,238,239,240,241,245,246,247,251,254
119,120,123,124,127,130,131,132,133,134,135,136,139,143,147,149,151,152,153,156,157,159,160,161,163,165,166,168,169,170,171,172,175,176,180,182,183,187,192,193,196,197,199,200,202,204,205,207,208,209,210,211,214,215,216,217,219,220,221,222,223,224,225,226,229,230,231,232,235,237,238,240,242,243,244,245,246,248,249,250,252,253
120,121,122,123,125,129,131,133,135,136,138,140,141,142,143,144,145,146,147,148,149,150,151,152,153,154,155,156,157,159,161,164,165,168,169,170,172,174,175,176,177,179,180,187,190,191,192,196,197,199,202,203,206,208,210,212,214,216,218,219,220,224,225,226,227,228,229,231,232,235,236,238,239,240,241,243,244,245,247,248,250,251,252,253,254
121,122,123,125,126,127,130,131,132,133,134,137,138,139,140,142,144,145,146,149,154,156,158,159,160,161,163,164,165,166,167,168,170,174,175,176,177,181,183,184,186,187,189,191,192,193,195,196,197,201,202,204,206,207,208,209,210,211,212,213,214,215,216,217,218,219,221,222,223,224,227,228,229,230,231,232,233,235,236,237,238,239,241,243,250,251,252,254
122,123,125,127,131,134,135,139,143,144,145,146,147,148,149,150,152,155,156,157,158,159,160,162,163,165,166,169,170,171,172,173,175,180,181,182,183,185,187,188,190,191,193,196,197,200,201,202,204,205,206,209,212,214,216,217,218,220,221,223,224,226,228,229,230,231,232,233,234,236,237,239,240,243,244,245,249,251,252,254
123,125,126,127,128,130,131,133,135,136,137,138,139,141,143,145,146,147,149,151,152,153,156,157,160,161,162,163,164,166,167,168,169,170,171,173,176,177,178,179,181,182,183,185,187,188,189,191,192,194,198,199,201,203,205,206,208,209,212,213,216,219,220,221,222,226,227,228,229,230,231,232,233,235,237,239,240,241,243,248,249,251,254
124,125,126,127,129,130,132,133,137,138,139,140,141,142,144,145,146,147,148,150,151,152,155,156,159,161,162,165,166,169,170,171,173,174,175,177,178,179,181,182,183,184,185,188,190,192,194,195,196,199,200,201,202,203,205,206,207,208,209,211,214,215,217,218,221,222,223,224,226,227,228,229,230,231,235,236,238,239,240,242,243,244,246,248,249,250,251,252,254
125,127,130,132,133,134,135,140,141,143,144,145,146,147,148,150,151,152,155,156,157,159,162,163,164,166,167,169,171,172,175,178,179,180,183,184,185,187,188,191,193,195,196,197,199,200,201,202,206,209,210,213,215,217,218,219,224,225,227,228,231,232,233,234,235,236,238,240,241,243,245,246,248,250,251,254
126,129,130,132,133,134,135,136,137,141,145,147,149,150,151,152,154,155,156,158,159,160,162,166,168,169,170,171,172,174,175,176,179,182,183,184,185,187,188,190,194,195,196,197,198,199,200,201,203,204,205,206,208,209,211,212,214,216,218,221,223,224,225,227,229,231,232,233,234,235,236,237,240,241,244,246,249,251,253,254
127,128,129,131,132,135,136,137,138,139,141,142,145,146,147,148,154,155,156,157,158,159,161,163,165,168,169,170,171,172,173,175,178,180,182,183,184,185,188,190,193,194,195,197,199,200,201,203,204,205,206,208,209,210,211,214,216,220,221,222,223,224,228,231,234,236,237,239,240,241,242,243,248,249,251,252,253,254
128,129,130,131,132,133,134,135,141,142,143,145,146,147,148,149,150,151,153,155,156,158,159,160,161,165,166,167,168,169,170,174,176,177,179,181,184,185,186,187,188,190,191,192,193,195,196,198,199,200,201,202,203,206,207,208,210,211,214,217,218,220,223,225,226,227,228,231,232,233,235,236,237,238,242,243,244,247,248,249,250,251,253,254
129,130,131,132,133,134,135,136,139,140,141,142,143,147,149,150,152,153,156,157,158,159,163,164,165,167,168,170,172,175,176,177,178,179,180,181,182,184,185,186,187,189,192,193,194,195,196,197,198,200,201,202,203,204,208,209,210,212,213,214,215,216,217,219,221,223,224,225,226,227,228,233,234,237,238,239,242,243,246,247,252,254
130,131,132,133,134,136,137,139,141,142,143,144,145,146,149,151,152,153,155,157,159,161,163,166,169,170,171,173,175,176,178,180,188,190,191,193,194,195,197,198,199,203,204,205,206,207,208,209,211,212,213,215,216,217,218,220,222,224,225,226,227,228,229,232,233,235,236,238,239,240,242,243,244,245,248,249,250,252,253
131,132,134,135,136,137,140,141,142,143,145,146,150,152,155,158,159,160,162,165,167,169,170,173,174,175,177,178,179,180,181,182,183,185,186,187,189,190,191,192,193,195,200,203,207,209,210,212,213,216,218,219,220,221,222,225,228,229,230,231,233,234,235,236,237,238,239,241,242,244,245,246,248,249,250,251,253,254
132,134,138,140,141,142,143,145,147,151,152,153,154,155,157,159,161,162,165,167,168,169,170,172,173,175,176,180,182,184,185,188,189,191,192,194,196,198,200,202,206,207,210,211,212,213,215,220,221,222,224,226,227,229,237,239,240,241,242,243,244,245,250,251,252,253
133,134,136,138,139,140,142,145,146,147,148,149,150,151,152,155,157,158,159,161,162,163,164,166,167,168,169,170,171,173,174,176,177,178,180,181,182,183,184,185,186,188,189,194,195,198,199,200,201,206,207,212,213,215,216,217,221,222,223,224,225,228,229,230,231,233,235,236,237,238,240,241,245,247,248,249,251,252
134,137,138,140,141,142,145,146,148,149,151,153,155,159,160,162,164,165,166,167,169,170,171,173,176,177,178,179,180,182,183,184,185,188,189,190,195,196,197,198,199,200,203,204,207,208,209,211,214,215,216,217,218,219,220,221,222,223,224,226,227,232,233,234,235,237,238,240,241,242,243,245,246,247,248,251,252,253,254
135,136,138,139,141,143,144,147,148,151,153,156,157,159,160,161,162,164,167,168,169,170,171,172,176,177,178,179,181,182,183,186,188,189,190,191,193,195,196,197,198,199,201,202,203,207,208,209,210,211,213,214,215,216,219,221,222,223,225,227,228,231,232,233,234,235,236,237,238,240,241,242,246,247,248,249,250,251,253,254
136,138,141,142,145,147,151,153,154,156,157,159,161,162,163,167,168,170,171,172,173,175,179,180,181,182,183,184,185,187,188,190,192,193,194,196,197,199,203,205,206,209,210,211,212,213,215,217,218,219,220,221,223,224,226,227,232,233,234,238,239,241,243,246,247,248,249,251
137,138,141,142,143,146,148,150,151,153,156,158,162,163,166,167,168,171,172,176,179,180,181,182,183,185,186,187,188,189,190,191,193,194,195,197,200,202,204,205,206,208,210,213,214,215,216,217,219,220,223,224,225,226,227,228,229,232,233,235,237,239,240,241,245,247,248,249,252,253,254
138,139,142,143,144,145,147,150,151,155,156,157,158,160,161,162,164,165,169,170,171,172,173,176,177,180,181,182,183,186,187,189,190,191,192,193,194,195,196,197,199,201,202,204,206,207,208,209,210,211,214,215,217,219,221,222,223,224,225,226,227,229,231,235,238,239,241,243,245,247,248,254
139,141,142,144,145,146,147,148,149,150,151,152,153,155,156,162,164,165,166,167,168,173,174,176,177,178,179,180,181,182,183,186,187,188,190,191,193,195,196,197,198,200,201,202,208,209,212,213,216,217,219,220,221,224,227,229,230,231,232,233,234,237,239,242,243,244,247,248,249,251,253,254
140,141,142,145,147,148,149,150,151,152,154,156,157,158,159,160,161,164,165,167,172,173,174,175,176,180,182,183,185,186,190,192,194,195,198,200,201,202,203,204,207,209,211,214,215,216,217,218,220,221,224,225,228,229,231,232,233,238,239,240,241,242,247,248,249,250,251,252
141,142,144,147,150,151,154,158,160,161,162,163,168,169,170,171,174,176,177,181,182,183,186,188,189,191,194,195,196,197,198,200,201,202,203,204,206,207,208,209,211,212,213,214,216,217,218,219,220,221,222,223,225,226,227,228,229,230,232,233,234,235,236,237,238,239,240,245,246,247,248,249,250,251,252,253,254
142,143,145,146,147,148,149,151,152,153,154,157,158,159,160,162,163,164,165,166,168,169,170,175,176,178,179,180,182,183,186,187,188,189,190,192,193,194,199,200,201,203,205,206,207,209,211,213,214,215,216,217,218,220,221,222,223,225,227,231,233,235,236,238,242,243,244,246,248,249,250,251,252,253
143,147,148,149,150,154,155,157,158,160,161,162,165,166,167,170,172,173,174,176,178,180,183,185,187,188,189,192,194,197,198,200,201,202,204,207,208,209,210,211,212,213,214,216,218,220,221,223,224,228,229,230,231,232,233,234,235,236,245,246,247,249,250
144,145,147,148,149,156,157,158,160,161,163,164,165,168,169,170,173,174,175,176,177,179,180,182,183,184,186,188,189,194,195,196,199,201,202,203,205,206,208,210,211,213,214,215,217,218,220,222,223,224,226,228,230,231,232,233,234,235,236,240,241,242,244,245,246,248,249,250,252,253
145,146,147,148,151,152,153,156,158,162,164,165,166,167,168,169,170,173,177,178,179,180,182,183,184,185,187,188,190,194,195,196,198,199,201,204,205,206,207,210,211,212,213,215,216,217,219,221,222,223,224,225,226,230,232,234,236,237,239,240,242,245,246,247,249,250,251,252,254
146,149,151,152,153,154,155,156,157,158,159,160,162,163,169,170,172,173,174,175,176,177,178,182,184,191,195,200,201,203,204,205,206,209,210,211,212,213,214,215,216,218,221,224,225,226,228,229,230,233,234,237,239,240,242,244,245,246,249,250,252,253,254
147,150,152,153,154,156,157,159,160,161,164,166,168,169,170,173,174,176,177,178,179,182,183,185,188,189,190,191,192,194,195,199,200,202,203,206,208,209,211,212,213,214,215,218,220,221,223,224,226,228,230,231,232,233,234,235,238,239,240,245,246,248,249,251,254
148,149,150,152,153,155,156,157,159,160,161,162,163,165,167,168,171,173,175,176,178,179,185,187,188,192,194,196,198,199,200,203,204,205,207,208,209,214,215,217,218,219,224,225,226,227,228,229,230,232,234,235,240,241,242,243,245,246,248,249,252,254
149,151,153,154,156,161,162,164,166,167,168,171,172,173,174,175,176,177,178,180,181,183,184,185,186,188,189,190,191,192,194,196,199,202,205,207,209,211,212,213,214,215,216,217,218,219,220,223,225,226,228,230,231,233,234,235,237,239,240,242,243,245,246,247,249,250,252,253,254
150,151,152,153,154,155,160,161,162,163,165,166,168,170,171,172,173,175,177,178,179,182,185,186,187,189,190,192,194,195,197,200,201,202,203,204,205,206,207,210,213,214,218,219,222,223,227,229,232,235,236,238,242,243,245,246,247,248,249,252,253
151,152,153,154,155,157,158,159,160,163,167,170,172,173,175,176,178,180,183,185,186,187,188,189,191,194,196,198,199,200,202,204,206,207,209,211,213,215,216,218,219,220,221,223,224,226,227,228,229,230,231,233,234,235,236,237,238,239,240,241,242,243,244,245,246,248,249,253,254
152,153,156,158,159,161,162,163,165,166,168,170,172,173,174,176,178,179,180,181,183,184,185,187,188,189,190,193,194,197,198,200,201,205,209,210,211,213,214,215,220,223,224,226,227,229,230,232,236,238,239,244,248,250,251
153,157,159,161,162,163,164,167,168,171,173,175,176,177,178,179,182,183,184,187,188,189,191,193,194,195,197,198,200,202,203,205,207,208,209,213,217,218,221,222,225,226,227,229,230,233,235,236,237,238,240,241,242,244,247,248,249,251,252,254
154,155,156,157,159,160,161,163,164,165,169,170,173,174,176,177,181,184,187,188,190,191,193,195,198,199,201,202,203,204,205,207,208,210,211,213,214,218,219,220,221,222,223,224,226,227,232,233,235,236,241,243,244,245,249,250,251,253
155,157,158,163,166,167,170,171,174,175,177,178,182,185,188,190,191,193,194,195,196,197,198,200,201,205,206,210,211,213,214,215,216,217,218,219,220,221,222,223,224,226,227,230,232,234,235,236,237,238,239,241,243,245,246,247,249,250,251,252,254
156,158,159,160,162,163,164,168,173,175,176,178,181,182,183,184,185,186,190,192,193,194,195,196,197,198,199,200,203,205,206,207,209,211,212,214,215,216,219,220,222,223,224,225,226,228,229,230,232,233,234,236,237,238,240,242,246,247,248,249,250,251,252,253
157,158,159,160,161,162,168,169,171,173,174,175,176,177,178,180,181,183,184,185,188,189,192,193,197,199,200,201,203,204,205,207,208,209,211,212,213,215,216,218,219,220,221,222,224,226,228,229,230,231,233,234,235,237,238,240,243,244,245,248,251,252,253,254
158,160,161,164,165,166,168,169,170,173,174,175,177,181,184,185,186,189,190,193,195,196,198,199,200,201,202,204,206,208,209,210,211,212,213,215,218,220,221,222,223,224,225,227,228,229,230,232,233,234,238,239,240,242,243,244,248,250,251,252,253,254
159,162,163,165,169,170,171,173,175,176,178,179,181,183,185,186,187,188,189,190,191,193,195,197,200,202,203,204,206,207,208,209,212,213,214,216,217,218,219,220,221,222,224,225,227,229,230,231,233,235,240,241,243,245,246,247,249,250,251,252,253
160,161,162,163,165,166,168,169,170,171,172,173,174,175,178,181,182,183,184,188,191,193,194,195,197,198,200,205,207,208,209,211,213,215,217,218,221,223,224,225,226,227,229,231,232,233,235,236,238,240,241,242,243,245,246,247,248,252,253
161,163,164,166,167,168,169,170,172,174,175,177,178,180,182,184,185,188,189,190,191,192,194,195,196,197,199,201,203,205,207,208,209,210,211,213,214,216,217,218,219,221,222,225,226,227,228,230,231,233,234,237,238,239,240,241,243,244,245,248,254
162,163,164,165,167,168,172,173,175,176,177,178,180,181,182,183,185,186,188,191,192,193,196,198,199,200,201,202,203,204,205,206,207,208,210,211,213,215,217,219,220,221,223,225,227,228,231,233,235,236,237,238,239,240,241,242,243,245,246,247,249,251,252,253,254
163,164,165,168,169,170,171,177,178,179,180,181,182,183,184,188,189,190,193,195,196,198,200,201,204,207,210,214,215,216,218,220,222,223,224,226,227,228,229,231,234,235,236,237,239,241,242,243,244,245,247,248,249,251,252,253
164,167,168,169,171,174,176,178,179,180,182,185,186,188,189,190,191,194,195,197,198,200,201,203,206,208,209,210,214,216,218,219,221,222,223,224,225,226,227,229,230,231,235,236,237,238,239,241,242,243,245,246,248,250,251,254
165,167,169,170,172,173,174,175,176,177,179,180,181,183,184,187,191,192,194,196,197,198,202,203,204,205,207,208,209,211,212,217,218,221,222,223,225,228,230,232,233,234,238,240,241,242,244,246,247,248,251,252,253
166,167,168,171,174,176,177,178,179,180,181,189,190,191,193,194,195,196,197,198,199,201,205,206,207,208,209,210,211,213,215,218,219,221,222,224,225,226,227,228,230,231,232,233,234,235,236,237,241,242,243,245,246,247,248,249,250,251,252,253,254
167,169,170,173,176,177,179,180,182,183,184,185,186,187,188,190,191,193,194,196,197,198,201,204,205,206,210,212,219,220,222,223,224,226,227,228,229,231,232,233,234,237,238,239,240,241,242,243,245,246,248,249,251,252,253,254
168,169,170,171,173,175,176,178,179,181,182,185,186,187,188,189,191,192,193,195,196,197,204,205,207,209,210,214,215,217,220,221,222,223,225,226,228,230,233,234,235,236,239,240,242,244,246,250,251,253,254
169,170,172,173,175,176,177,178,180,181,182,184,185,186,187,188,191,192,194,195,196,200,201,202,203,204,206,208,209,210,211,213,216,217,218,222,228,229,230,231,233,234,236,237,238,240,241,243,244,246,248,249,250,251,252,253,254
170,171,172,173,174,175,177,182,185,187,188,191,192,193,195,196,198,200,202,205,206,211,212,213,214,215,216,218,219,220,221,222,223,224,226,227,229,232,233,234,235,236,238,240,241,244,245,246,247,248,249,250,251,253,254
171,172,173,175,176,177,178,179,180,181,182,183,184,185,187,190,192,193,197,199,200,204,205,206,207,208,209,212,213,214,215,217,220,224,227,230,232,233,234,235,236,237,240,241,242,244,245,249,253,254
172,173,174,175,176,177,180,181,182,183,184,186,188,190,191,193,195,197,198,200,201,202,203,204,206,207,208,211,212,213,214,216,217,218,219,220,221,222,223,224,228,233,236,237,239,240,242,244,245,246,248,249,250,251,252,253
173,174,175,176,177,180,181,182,184,185,186,187,189,190,191,192,194,195,196,197,198,202,206,207,208,211,212,213,214,215,216,218,219,220,221,222,224,226,227,228,229,230,231,232,233,234,235,236,237,239,241,244,245,247,250,251,252,253
174,176,179,181,183,184,185,186,187,188,190,191,192,193,197,198,199,200,201,204,205,207,208,209,210,211,213,214,215,217,218,219,222,223,224,225,226,228,229,230,231,233,234,237,238,239,240,241,242,245,246,247,248,249,252,253,254
175,176,182,183,184,185,190,192,193,194,195,197,199,201,202,204,205,206,210,211,212,216,219,221,222,223,225,226,227,229,233,234,235,236,237,241,242,243,244,246,247,250,254
176,177,178,179,180,181,182,183,184,188,189,190,192,193,194,195,198,202,204,206,207,208,209,211,214,215,216,219,220,222,228,229,231,234,235,236,237,239,240,241,242,244,246,247,249,250,251,252,253,254
177,181,182,183,184,188,189,190,191,192,193,194,195,196,197,198,199,200,201,203,204,205,206,207,209,210,211,212,214,216,218,224,225,226,227,229,230,231,234,235,239,241,244,245,246,247,250,251,252,253,254
178,179,180,181,184,185,186,188,191,193,195,197,202,203,204,205,206,208,209,210,211,212,213,214,215,217,218,219,220,221,222,225,227,228,229,230,231,232,235,237,238,241,243,244,247,249,251,254
179,183,184,186,187,190,191,192,195,198,199,201,202,203,204,205,207,208,209,211,213,214,221,223,224,225,226,227,228,229,232,234,235,236,239,241,243,244,246,247,248,250,251,252,253
180,181,182,183,184,185,186,187,188,189,191,195,196,197,198,200,202,204,207,208,209,210,211,212,213,214,215,216,218,219,221,222,225,226,230,233,234,235,236,237,239,240,241,244,245,246,247,249,250,251,252,253
181,187,188,191,192,193,194,195,196,197,199,201,203,206,207,208,212,216,217,218,219,220,221,222,223,224,226,228,229,230,235,237,238,239,241,242,247,248,251,252,254
182,183,185,186,191,192,193,194,195,198,199,200,201,202,203,204,206,207,208,210,211,214,217,218,222,226,230,231,234,237,240,242,244,246,248,249,250,251,252,253
183,184,185,188,190,191,193,195,196,197,198,199,200,201,202,203,204,205,206,209,212,213,216,217,218,221,222,223,224,225,228,229,231,233,234,235,236,237,238,239,242,243,244,245,246,248,249,250,251,253,254
184,189,190,195,196,197,198,200,201,204,205,206,208,209,210,212,214,215,218,220,221,222,223,226,227,230,231,232,233,234,235,236,238,239,240,241,242,243,244,245,246,247,248,249,250,252,254
185,186,188,192,194,199,200,201,204,205,206,207,208,209,210,211,212,213,214,217,218,219,220,221,222,223,224,225,226,227,228,229,230,231,233,237,239,241,242,243,244,245,246,248,249,252,254
186,187,188,191,192,193,194,196,197,198,200,201,202,203,204,205,206,208,209,212,214,216,217,218,219,220,223,224,225,228,230,233,234,235,237,238,239,240,242,243,247,249,250,251,254
187,191,192,194,195,196,203,204,205,209,210,211,213,214,215,217,218,220,222,223,225,227,228,230,231,233,234,235,237,238,239,240,241,242,243,246,251,254
188,189,190,191,193,195,196,198,200,202,203,205,206,207,209,216,217,218,221,224,226,228,232,233,234,239,242,244,246,247,248,249,250,252,254
189,192,193,194,196,197,198,200,201,202,204,205,207,208,209,211,212,213,218,221,222,225,227,228,233,235,236,238,241,244,245,246,247,248,249,251,253,254
190,194,196,197,199,200,202,203,205,208,209,210,211,212,213,215,216,217,219,220,221,223,226,227,228,231,233,235,237,240,241,242,243,246,247,248,249,250,251,252,253,254
191,192,193,195,197,198,200,201,202,204,207,208,209,210,212,214,215,216,217,219,220,221,222,223,224,228,229,232,233,235,236,238,239,240,243,244,245,246,247,248,249,250,252,253,254
192,195,197,199,200,201,203,204,205,208,209,211,213,216,217,219,220,221,223,226,228,229,230,235,236,237,238,239,240,241,242,244,245,246,247,248,250,251,252,253
193,194,195,196,197,201,205,207,208,209,212,214,215,216,217,219,220,223,224,225,226,227,228,229,230,231,232,234,236,238,239,241,242,243,244,245,253,254
194,195,196,198,199,200,201,203,204,206,207,208,209,210,211,212,215,216,221,222,223,224,226,227,230,232,236,237,238,240,242,246,249,250,252,253,254
195,197,199,200,201,202,203,204,206,209,210,212,213,214,215,216,220,221,224,225,226,227,228,229,230,231,232,233,234,235,239,240,241,243,245,246,247,248,249,251
196,198,199,201,202,203,204,205,206,208,210,213,215,216,217,219,220,221,222,225,226,227,228,231,232,233,237,238,239,240,241,245,247,248,249,250
197,201,205,207,208,210,211,216,217,218,219,220,222,223,224,225,226,227,228,230,231,232,234,236,237,238,240,242,244,246,249,250,252,253
198,200,201,202,203,205,206,207,208,209,210,211,212,213,218,219,221,222,223,224,225,227,228,230,231,232,233,234,237,238,241,242,243,244,245,247,248,250,251,252,253
199,200,201,202,203,204,205,207,208,209,211,212,213,214,219,220,221,223,225,226,227,229,231,233,236,238,241,242,243,244,245,247,248,249,251,253
200,202,203,208,209,210,211,213,216,218,220,221,223,226,227,230,231,232,233,235,237,238,239,241,242,244,245,246,247,250,251,252,254
201,202,203,204,205,206,207,208,209,211,215,216,217,218,221,222,225,226,227,230,231,232,233,236,238,239,241,242,244,248,249,250,252
202,204,205,206,211,212,213,214,215,216,219,225,227,228,230,232,234,237,240,241,242,243,248,249,250,251,253
203,204,205,206,207,209,211,213,215,216,217,219,220,221,222,223,224,225,226,227,229,231,232,233,236,237,240,241,242,244,245,246,247,248,250,251,253,254
204,205,207,208,209,210,211,213,214,218,219,220,223,224,225,226,227,229,230,233,234,240,242,243,244,246,247,248,249,250,253
205,206,207,209,210,211,212,214,216,218,219,220,222,223,229,231,233,235,236,237,241,242,246,247,248,249,251
206,207,208,210,211,212,216,220,226,227,228,229,232,235,236,237,238,239,240,241,244,245,246,247,252,253,254
207,211,214,216,217,219,220,222,223,224,225,227,228,229,230,231,232,235,236,237,239,240,241,242,245,246,247,251,254
208,209,212,213,214,216,221,222,223,225,226,227,229,230,231,232,234,235,236,238,240,241,242,243,244,245,246,248,249,251,252
209,212,213,215,217,218,220,221,222,223,226,230,231,232,235,236,237,238,240,241,242,243,244,246,249,250,253,254
210,212,213,215,216,218,219,220,222,223,224,225,228,229,230,231,232,233,234,235,236,237,239,240,241,242,244,246,247,249,251,252,253
211,213,215,218,221,222,223,224,225,227,229,230,232,233,237,238,241,242,244,245,246,249,251
212,214,215,216,218,219,222,224,225,226,228,229,230,231,232,233,235,236,237,240,242,243,244,247,250,251,252,253,254
213,215,217,218,219,220,222,224,225,226,228,230,231,232,233,234,235,236,238,239,240,244,246,249,250,252,253,254
214,216,217,219,220,221,224,225,226,227,229,230,231,233,234,235,238,240,243,244,246,247,248,249,251,253
215,216,217,218,219,220,222,223,226,228,229,230,231,232,235,236,238,240,242,243,246,248,251,252,254
216,217,220,222,224,226,227,228,230,235,236,238,239,240,241,242,243,245,246,247,248,249,251,253,254
217,218,219,220,221,222,223,224,225,226,227,228,233,234,236,237,238,239,240,242,243,244,245,247,248,249,250,251,252,253,254
218,221,222,224,225,226,228,231,232,233,234,235,236,237,238,239,240,242,243,244,245,246,247,248,249,252,253,254
219,220,222,223,224,225,228,229,232,233,235,236,240,241,243,244,246,249,250,251,253,254
220,221,222,223,228,233,237,238,239,240,241,242,243,244,247,248,249,251
221,223,224,225,226,229,231,232,234,235,237,238,239,240,242,246,247,249,250,251,252
222,225,227,229,230,232,233,236,237,238,240,241,243,246,248,250,252,253
223,225,229,232,234,235,236,237,240,241,242,244,245,246,247,248,251
224,225,227,230,231,232,233,234,235,236,240,242,243,244,245,246,247,248,250,251,252,254
225,227,231,232,233,234,238,239,240,242,245,246,247,248,250,252,253,254
226,227,229,230,231,235,236,237,238,239,240,242,247,248,250,251,252,254
227,229,230,231,233,235,236,237,239,241,242,245,246,248,249,251,252,254
228,232,233,234,238,239,240,243,246,248,249,250,251,254
229,230,233,234,235,237,240,241,242,244,246,247,250,251,253,254
230,233,235,238,239,241,242,243,244,245,249,250,251,252,253,254
231,232,233,234,238,239,240,241,242,243,244,245,247,249,251,252
232,233,234,236,237,238,239,240,241,242,243,245,248,251,254
233,235,236,237,238,239,240,241,242,243,244,247,248,249,252,253
234,236,237,241,247,248,254
235,236,237,238,247,248,251,253,254
236,237,238,239,241,242,243,244,245,246,247,249,250,251,252,253,254
237,239,241,243,244,247,248,249,251,252,253,254
238,239,240,242,244,245,246,247,248,249,251,252,253,254
239,240,241,242,243,246,247,249,250,251,252,253
240,241,242,243,245,246,247,248,250,252,254
241,242,243,246,247,248,249,250,251,253,254
242,243,244,246,248,250,251,252,253,254
243,245,246,247,249,250,251,252,253,254
244,245,248,249,251,252,253,254
245,247,248,250,254
246,247,250,253,254
247,250,251,252
248,249,252,254
249,252,253,254
250,251,252,253,254
251,252,253
252,253
253,254
254
