n_nodes:129
n_edges:7162
density:0.86749
0,1,2,4,5,6,8,9,10,12,14,15,16,17,18,19,23,24,26,27,28,29,30,31,32,34,35,36,37,38,39,40,41,42,43,46,47,49,51,52,53,54,55,56,57,58,61,62,63,64,65,66,69,70,71,72,73,74,75,76,77,78,79,80,81,82,83,84,85,86,87,90,91,92,93,94,95,96,97,99,100,101,104,106,107,108,109,110,111,112,113,114,115,116,117,118,119,120,121,122,123,124,125,126,127,128
1,2,3,4,5,6,7,8,9,10,11,12,13,15,16,17,18,19,20,21,22,24,25,26,27,28,29,30,31,32,33,35,36,37,38,39,40,41,42,43,44,45,46,48,49,51,52,53,54,55,56,58,59,60,61,62,63,64,65,66,67,68,69,72,73,74,75,76,77,78,79,80,83,84,85,86,87,88,90,91,92,93,94,95,96,97,98,99,100,101,102,103,104,105,106,109,110,111,112,113,114,115,116,117,118,119,120,121,122,123,124,125,126,127
2,3,4,5,6,9,10,12,13,14,15,16,17,18,19,20,21,22,24,25,26,27,29,30,31,32,33,34,35,36,38,39,41,42,43,44,45,46,47,48,49,50,51,53,54,55,56,57,58,60,61,62,63,64,65,66,67,68,69,70,71,72,73,74,75,77,78,79,80,81,82,83,84,85,87,88,89,91,93,94,95,97,98,99,100,102,103,104,105,106,108,109,110,111,112,113,114,115,116,118,119,120,121,122,123,124,125,126,127,128
3,4,5,6,7,9,10,13,14,15,16,17,18,19,20,22,23,24,25,26,27,28,29,30,31,32,33,34,35,36,37,38,40,41,42,44,45,47,48,50,51,52,53,54,55,56,57,58,59,60,61,62,63,65,66,67,68,69,70,71,72,74,75,76,78,79,80,81,82,84,85,87,89,90,91,92,93,94,95,96,97,98,99,100,102,103,105,106,107,108,109,110,111,112,113,114,115,116,117,118,119,120,121,122,123,124,125,126,127
4,5,6,7,8,9,11,12,13,14,15,17,18,19,20,21,22,23,24,26,29,30,31,32,34,35,36,37,38,39,40,41,42,43,44,45,46,47,48,49,50,51,52,53,54,57,58,59,60,61,62,63,64,65,66,67,68,69,70,71,72,73,74,77,79,80,82,83,84,85,86,87,88,89,90,91,92,93,94,95,96,97,98,99,100,101,102,103,104,105,106,107,108,109,110,111,112,113,114,116,117,119,120,121,122,123,124,126,127
5,7,8,9,10,11,12,13,14,16,17,18,19,20,21,22,23,24,25,26,27,28,29,30,31,32,33,34,37,38,39,40,41,42,43,44,45,46,47,48,49,50,51,52,53,54,55,56,57,58,59,60,61,62,63,64,65,66,67,68,69,70,71,72,73,74,75,77,78,79,80,82,83,84,86,87,88,89,90,91,92,93,94,95,96,97,99,100,103,104,106,107,108,109,110,111,112,114,115,116,117,118,119,120,121,122,123,124,125,126,127,128
6,7,8,9,10,11,12,13,14,15,17,19,21,22,24,25,26,27,28,29,30,31,32,33,34,35,36,38,39,41,42,44,45,46,47,49,50,51,52,53,54,55,56,57,58,59,60,61,62,64,66,67,68,69,70,71,72,73,75,76,78,79,80,81,82,84,85,86,87,88,89,90,91,92,93,94,95,96,97,98,99,100,101,102,103,104,105,106,107,108,109,110,111,112,114,115,116,117,118,119,120,121,122,123,124,125,126,127,128
7,8,9,10,12,13,14,15,16,17,18,19,20,21,22,23,24,25,26,27,29,30,31,32,33,34,38,40,41,42,43,44,45,46,47,48,49,50,51,52,53,54,56,57,58,59,60,61,62,63,64,65,68,69,70,71,72,73,74,75,77,78,79,80,81,82,83,84,85,86,87,88,89,90,91,92,93,94,95,97,99,100,101,102,103,104,105,106,107,108,109,111,112,113,114,115,116,117,118,121,122,123,124,125,127,128
8,9,10,11,12,13,14,15,16,18,19,20,21,22,23,24,25,26,27,28,29,30,31,32,34,35,36,37,38,39,40,41,42,43,44,45,46,47,50,51,52,53,54,55,56,57,59,60,61,62,65,66,67,68,69,70,72,73,74,75,76,77,78,80,81,82,84,85,86,87,88,89,90,91,92,93,94,95,96,97,98,100,101,103,105,106,107,108,109,110,111,113,114,115,117,118,119,120,122,123,124,125,126,128
9,11,12,13,14,16,17,18,19,20,21,22,23,24,25,26,27,28,30,31,32,33,34,35,36,37,38,39,40,42,43,44,45,46,47,48,49,50,51,52,53,54,56,59,60,61,62,63,64,65,66,67,68,69,70,71,72,73,74,75,76,79,80,82,83,84,85,86,87,88,89,91,92,93,94,95,96,97,98,99,100,101,102,103,104,105,106,107,108,109,110,111,112,113,114,115,116,117,118,119,120,121,122,123,124,125,126,127,128
10,11,14,15,16,17,18,19,20,21,22,23,24,25,26,27,28,29,30,31,32,33,34,35,36,37,38,39,40,41,42,43,44,45,46,48,49,50,51,52,53,54,56,57,59,60,61,62,63,64,65,67,68,69,70,71,72,73,74,75,76,77,78,79,80,81,82,83,84,85,86,87,88,89,90,91,92,93,95,97,98,99,100,101,102,103,104,105,106,107,108,111,112,113,114,115,116,118,119,120,121,122,123,124,126,127,128
11,12,13,14,15,17,18,19,20,22,23,24,25,26,27,28,29,30,31,32,33,34,35,36,37,39,40,42,43,44,45,46,47,48,49,50,51,54,55,56,57,58,59,60,61,62,63,64,65,67,69,70,71,74,75,77,78,80,81,82,83,84,85,87,88,89,90,91,92,93,94,95,96,97,98,99,100,101,102,103,104,105,107,108,109,110,111,112,113,114,115,116,117,118,120,122,123,124,125,126,127,128
12,13,14,15,16,19,20,21,22,23,24,25,26,27,28,30,32,33,34,35,36,37,38,39,41,42,43,44,45,46,47,48,49,50,51,52,53,54,56,57,58,60,61,62,64,65,66,67,68,69,70,71,72,73,74,75,76,77,79,80,81,82,83,84,87,88,89,90,91,92,93,94,96,97,98,99,100,101,102,103,105,106,107,108,110,111,114,115,116,117,118,119,120,121,122,123,124,125,126,127,128
13,14,15,16,17,18,19,20,21,22,23,24,25,26,27,28,29,30,31,32,33,34,35,37,38,39,40,41,42,43,44,45,46,47,48,50,51,53,54,55,56,58,60,62,63,65,66,67,68,69,70,71,72,73,74,75,76,77,78,79,80,81,83,84,85,86,88,89,91,92,93,94,95,96,97,99,100,101,102,103,104,106,107,108,109,110,113,114,115,116,117,118,119,120,123,124,125,126,127
14,15,16,18,20,21,22,23,24,25,26,28,29,30,31,32,33,34,35,36,38,40,42,43,45,46,47,48,51,52,53,54,55,56,57,58,59,60,62,63,64,65,66,67,68,69,71,72,73,74,75,76,77,79,80,81,82,83,85,86,87,89,90,91,92,93,95,96,97,98,99,100,101,102,104,105,106,107,108,109,110,111,112,113,114,115,117,118,119,121,122,124,125,126,127,128
15,16,17,18,20,21,22,23,24,25,26,27,28,29,30,31,34,35,36,37,38,39,41,43,45,46,47,48,49,50,51,52,53,54,55,56,57,58,59,60,61,62,63,64,65,66,67,68,69,71,72,73,74,75,76,77,78,79,80,81,82,83,84,85,86,87,88,89,90,91,92,93,94,95,97,98,100,101,102,103,104,105,106,107,108,109,111,112,113,114,115,116,117,119,120,123,124,125,126,127,128
16,18,19,22,23,24,25,26,27,28,29,31,32,33,34,35,36,37,38,40,42,44,45,46,47,48,49,50,51,52,53,54,55,56,57,58,60,61,63,64,65,66,68,69,70,71,72,73,74,75,76,77,78,79,80,81,82,83,85,86,87,88,89,90,91,92,93,95,96,97,98,99,100,101,102,103,104,105,106,107,108,109,111,112,113,114,115,116,117,118,119,122,123,124,125,126,128
17,18,19,20,21,22,23,24,25,26,27,28,29,30,31,33,34,35,36,37,38,40,42,43,44,45,46,47,48,49,50,51,54,55,56,57,59,60,61,62,63,64,65,66,68,69,70,71,72,73,74,75,76,77,79,82,83,84,85,86,87,88,90,91,93,94,95,96,97,98,100,101,102,103,104,105,106,107,108,109,110,113,114,115,116,117,118,119,120,121,124,125,126,127,128
18,20,21,22,23,24,25,26,27,28,29,30,31,32,33,34,35,37,38,39,40,41,42,43,44,45,46,47,48,49,50,51,52,54,55,56,58,59,61,62,63,64,65,66,67,68,70,72,73,74,75,76,77,78,79,80,81,83,85,86,87,89,90,92,94,95,96,97,98,99,100,101,102,103,104,105,106,108,109,110,111,112,113,114,116,117,118,120,121,122,123,124,125,126,127,128
19,20,22,23,26,27,28,29,30,31,32,33,34,35,36,37,39,40,41,42,43,44,45,46,47,49,50,51,52,53,55,56,57,58,59,60,61,62,63,64,65,66,67,68,69,70,71,72,73,74,75,76,77,78,79,80,81,82,84,85,86,87,88,89,90,91,92,93,94,95,97,98,99,100,101,103,104,105,107,110,111,112,113,115,116,117,118,119,120,121,122,123,124,125,127,128
20,21,22,23,24,25,26,27,29,30,31,32,33,34,35,36,37,38,39,40,42,43,45,46,47,49,50,51,52,53,54,55,56,57,58,60,61,62,63,64,65,66,67,69,70,71,72,75,76,77,79,80,81,82,83,84,85,86,87,88,89,90,91,92,94,95,96,97,99,100,101,102,103,104,106,107,108,109,110,111,113,114,115,116,118,119,120,121,124,125,126,127,128
21,22,23,24,25,26,27,29,30,31,32,33,34,35,36,38,39,41,42,44,46,47,49,50,51,52,54,55,57,58,59,60,61,63,64,65,66,67,69,70,71,73,74,76,77,78,81,82,83,85,86,88,89,90,91,92,93,94,95,96,97,98,99,100,101,102,103,104,105,106,107,108,110,111,113,114,115,116,118,119,120,121,122,123,125,126,127,128
22,23,24,25,26,27,28,29,30,31,33,34,35,36,37,38,39,40,41,42,43,44,46,47,48,49,50,52,53,54,55,56,57,58,59,60,61,62,64,65,66,67,69,70,71,72,73,74,75,76,77,78,79,80,81,82,83,84,85,86,88,90,91,92,93,94,95,96,97,98,99,100,102,103,104,105,106,107,109,110,111,112,113,115,116,117,118,119,120,121,122,123,124,125,126,127,128
23,24,26,27,28,29,30,31,32,33,36,37,38,39,40,41,43,44,45,46,47,48,50,51,52,53,54,55,56,57,58,59,60,61,62,63,65,66,67,69,71,73,74,75,76,77,79,80,81,82,83,84,85,87,88,89,91,93,94,95,96,97,98,99,100,101,102,104,105,106,107,109,111,112,113,114,115,116,117,118,120,121,122,123,124,125,126,127,128
24,25,26,27,28,30,31,32,33,34,35,38,39,40,41,42,43,44,45,46,47,48,49,50,51,52,53,54,55,56,57,58,59,60,61,62,63,64,65,66,68,69,70,71,74,75,77,78,79,81,82,83,84,85,86,87,88,90,91,92,93,94,95,96,97,98,99,100,101,102,103,104,105,106,107,109,110,111,112,113,114,115,116,117,118,119,120,121,122,123,124,125,126,127,128
25,26,27,28,29,30,31,32,33,34,35,36,38,39,40,41,42,43,44,45,46,47,48,49,50,51,52,53,54,56,58,59,60,61,62,63,64,65,66,67,68,69,70,71,72,73,74,75,76,78,79,80,81,83,84,85,86,87,89,90,91,92,93,94,95,96,97,98,99,100,101,102,104,105,106,108,109,110,112,114,115,116,117,118,119,120,121,122,123,125,126,127,128
26,27,29,30,31,32,33,34,35,36,37,40,41,42,43,44,45,46,47,48,49,51,52,53,54,56,58,59,60,61,62,63,66,67,68,69,70,71,72,73,74,75,76,77,78,80,81,82,83,84,85,86,87,88,89,93,95,96,98,99,101,102,103,105,106,107,108,109,110,111,112,113,114,115,116,117,118,119,120,121,122,123,124,125,127,128
27,28,29,31,33,34,35,39,40,41,42,43,44,45,46,47,49,50,52,53,54,55,56,57,58,59,60,61,62,64,65,66,67,71,72,73,74,76,77,78,80,81,82,84,85,87,88,89,90,92,96,97,98,99,100,101,103,104,105,106,111,112,113,114,115,116,117,118,119,120,121,123,125,126,127,128
28,29,30,31,32,33,34,35,36,37,38,39,40,41,42,43,44,45,46,47,48,49,50,51,52,53,54,55,56,58,59,60,63,64,65,66,67,68,69,70,71,72,74,75,76,77,79,80,81,82,83,84,85,86,88,89,90,92,93,94,95,96,97,98,99,100,101,102,104,105,107,108,109,110,111,112,113,114,115,116,117,118,119,120,121,123,125,126,127,128
29,30,31,32,33,34,35,36,37,39,40,41,42,44,45,46,47,48,49,50,51,53,54,55,56,57,58,59,60,61,62,63,64,65,66,67,68,69,70,71,72,73,74,75,76,77,82,83,84,85,86,87,90,92,93,95,97,99,100,101,102,103,104,105,106,109,111,112,113,114,115,116,117,118,119,120,123,124,126,127,128
30,31,33,35,36,37,38,39,40,41,46,47,48,49,50,51,52,53,54,55,56,57,58,59,60,62,63,64,66,67,68,69,70,71,72,73,74,75,76,77,78,80,82,83,84,85,86,87,88,89,90,91,92,93,95,96,97,98,99,100,101,102,103,104,105,106,107,108,109,110,111,112,113,114,115,116,117,118,119,120,121,122,123,124,125,126,127,128
31,32,33,34,35,36,37,38,39,40,41,43,44,45,46,47,48,49,50,51,52,53,55,56,57,58,61,62,63,64,66,67,68,69,70,72,73,74,76,77,78,79,80,81,82,84,85,86,87,88,90,91,92,93,94,95,96,98,99,100,101,102,103,104,105,106,107,108,109,110,112,113,114,115,116,117,119,120,121,122,123,124,125,126,127,128
32,34,35,36,38,39,42,43,44,45,48,49,50,51,53,54,55,56,57,58,60,61,62,63,64,65,67,69,70,72,73,74,75,76,77,78,79,81,82,83,84,85,86,87,88,89,90,91,92,93,94,95,96,97,98,100,101,102,103,104,105,106,107,108,109,110,111,113,114,115,116,118,119,120,121,122,123,124,125,126,127,128
33,34,35,36,37,38,39,40,41,42,44,45,46,47,50,51,52,53,55,56,58,59,60,62,63,64,66,67,68,69,70,72,73,74,76,77,78,79,80,81,83,84,85,86,87,88,89,90,91,92,93,94,95,97,98,99,101,102,103,105,106,107,109,110,111,112,113,114,115,116,117,118,119,120,121,123,124,125,126,127,128
34,35,36,37,38,39,40,41,42,43,44,45,46,47,48,49,50,51,52,53,54,55,56,57,58,59,60,62,63,64,65,66,68,69,70,71,72,74,75,76,77,78,79,80,81,82,83,84,85,86,87,88,89,91,92,95,96,97,98,99,100,101,102,103,104,105,106,107,108,109,110,111,112,113,114,116,117,118,119,120,121,122,123,124,125,126,127,128
35,36,37,38,39,40,41,43,44,45,46,47,48,49,53,55,56,57,59,60,61,62,63,64,65,66,67,68,69,70,71,72,73,74,75,76,78,80,81,82,83,84,85,86,89,90,91,92,93,94,95,96,97,98,99,100,101,102,103,104,106,108,109,110,111,112,113,114,115,117,118,119,120,122,124,125,126,127,128
36,37,39,40,41,42,43,45,46,47,48,49,50,52,53,54,55,56,57,58,59,60,61,63,64,66,67,68,69,71,72,73,74,75,77,78,81,82,83,84,85,86,87,89,90,91,92,95,98,99,100,101,102,103,104,105,106,107,108,109,110,111,112,113,114,116,117,119,120,121,122,123,125,126,127,128
37,38,39,41,42,43,44,45,46,47,48,49,50,51,52,53,54,55,56,57,58,59,60,61,62,63,64,65,66,67,68,69,70,71,72,73,74,75,76,77,78,79,81,82,84,85,86,87,89,90,91,92,93,94,95,96,97,99,100,101,102,103,104,105,106,107,108,109,111,113,114,115,116,117,118,119,120,121,122,123,124,125,127,128
38,39,41,42,43,44,45,46,47,48,50,51,52,53,54,55,56,57,58,59,60,61,62,63,64,65,66,68,69,70,71,72,73,74,75,76,77,78,80,81,82,83,84,85,86,87,88,89,90,91,92,93,95,96,97,98,99,101,102,103,104,105,106,107,108,110,111,112,113,114,115,116,117,119,120,121,125,127,128
39,42,43,44,47,48,49,52,53,54,55,56,57,59,60,61,62,63,64,65,67,68,69,70,71,72,73,74,75,76,77,78,79,80,81,82,84,85,86,87,88,89,91,92,93,94,95,96,97,98,101,103,105,106,108,110,111,112,113,114,115,116,117,118,119,120,122,124,125,126,127,128
40,41,43,45,46,48,49,50,51,52,53,54,55,56,57,58,59,60,61,62,63,64,65,66,67,68,71,74,75,76,77,78,79,80,81,82,83,85,86,87,88,89,91,92,93,94,95,96,97,98,99,101,102,103,105,106,107,108,109,110,111,112,113,115,116,117,118,119,120,121,122,123,125,126,127,128
41,42,43,44,45,46,47,48,49,50,51,52,53,54,55,56,57,58,59,60,61,62,63,64,65,66,68,69,70,71,72,73,74,75,77,78,79,80,81,82,83,84,85,87,88,89,90,91,92,93,94,95,97,98,99,100,101,102,103,105,106,107,108,109,110,111,112,113,114,115,116,117,118,119,120,121,123,124,126,127,128
42,43,44,45,48,49,50,51,52,53,54,55,56,57,59,60,61,62,63,64,65,66,67,68,70,71,72,73,74,75,76,77,78,79,80,81,82,83,84,85,86,87,89,90,91,92,93,94,95,96,98,99,100,101,102,103,104,105,106,107,108,109,110,111,112,113,114,115,116,117,118,119,120,121,122,123,124,125,127,128
43,44,45,46,47,48,49,50,51,52,53,54,55,57,58,59,60,61,62,63,64,65,66,67,68,69,70,71,72,73,74,75,78,80,81,82,83,84,86,87,89,90,91,92,93,94,95,96,97,98,99,100,101,102,103,104,105,106,107,108,109,110,111,112,113,114,115,116,118,119,120,121,122,124,127,128
44,46,47,48,49,50,51,52,54,55,56,57,58,59,60,62,63,64,65,66,67,69,70,73,74,75,76,77,78,80,81,82,83,85,86,87,88,89,90,91,92,93,94,95,97,98,99,100,101,102,103,104,105,106,107,108,111,113,115,116,117,118,119,120,121,123,124,125,126,127,128
45,46,47,48,49,51,52,54,56,58,59,60,61,62,63,65,66,67,68,69,70,72,73,75,76,78,79,81,84,85,86,87,88,89,90,92,93,94,95,96,97,98,99,101,102,103,104,105,106,107,108,109,110,111,112,113,114,115,116,117,118,119,120,121,122,123,125,126,127,128
46,48,49,50,51,52,54,55,57,58,59,60,61,62,63,64,65,66,67,68,70,71,72,73,74,75,76,77,78,79,80,81,82,84,85,87,88,89,90,92,93,94,95,96,97,98,99,100,101,102,103,104,105,106,107,108,110,112,113,114,115,118,119,120,121,123,124,125,126,127,128
47,48,49,50,51,52,53,54,55,56,57,58,59,63,64,66,67,68,70,72,73,74,75,76,77,78,79,80,81,82,83,84,85,86,87,88,89,90,92,93,94,95,96,97,98,99,100,101,103,104,105,106,107,108,109,110,111,112,113,114,115,117,118,120,122,123,124,125,126,127,128
48,49,50,51,52,53,54,56,57,59,60,61,62,63,65,66,67,68,69,70,71,72,73,74,75,76,79,81,82,83,84,85,86,87,88,89,90,91,92,93,94,95,96,97,99,101,102,103,104,105,106,107,108,109,110,111,112,113,114,115,116,118,119,120,121,122,123,124,126,127,128
49,50,51,52,53,54,56,58,59,60,61,62,63,64,66,67,68,69,70,71,72,73,74,75,76,77,78,79,80,81,82,83,84,85,86,87,88,89,90,91,92,96,97,99,100,101,102,103,104,105,106,107,109,110,111,112,113,115,116,117,118,119,120,121,122,123,125,126,127,128
50,51,52,53,54,55,56,57,58,59,60,61,62,63,64,65,66,67,69,70,71,72,73,74,75,76,78,79,80,81,82,83,84,85,86,87,88,89,90,93,94,95,96,98,99,101,102,103,105,107,108,109,110,111,112,113,114,116,117,120,121,123,124,126,127,128
51,52,53,54,56,57,58,59,60,61,62,63,64,65,66,68,69,70,71,72,73,74,75,76,77,78,79,80,81,82,83,84,87,88,89,90,91,92,93,94,95,96,97,98,99,100,101,102,103,104,106,107,108,109,110,112,113,115,116,119,120,122,123,124,125,126,127,128
52,53,54,55,56,59,60,61,62,63,64,66,67,68,69,70,72,73,74,75,76,77,79,81,82,83,84,85,86,87,88,90,91,92,94,95,96,97,98,99,100,101,102,103,105,106,107,108,109,110,111,112,113,116,118,119,120,121,122,123,124,125,127,128
53,54,55,56,57,58,59,60,61,62,63,64,65,66,67,68,69,70,71,72,73,74,75,76,77,78,79,80,81,83,84,85,86,87,88,89,90,91,92,93,94,95,96,97,99,100,102,103,104,105,106,107,108,110,111,112,113,115,116,117,118,119,120,121,122,123,124,125,126,127,128
54,55,56,57,58,60,61,62,63,64,65,66,67,68,70,71,72,73,75,76,78,79,81,82,83,84,85,86,87,88,89,92,93,95,96,97,98,99,101,102,103,104,105,106,107,108,109,110,111,112,113,114,115,116,117,118,119,120,122,123,124,126,127,128
55,56,57,58,60,61,62,63,64,66,67,69,70,71,72,74,75,76,77,78,80,81,82,83,84,85,86,88,89,90,91,92,93,94,96,97,98,99,100,101,102,103,104,105,107,108,109,110,111,112,113,114,115,116,117,118,120,122,123,124,125,126,127
56,58,59,61,62,63,64,65,66,68,70,71,73,75,77,78,79,80,82,83,84,85,86,87,88,89,90,91,92,93,94,98,99,100,101,102,103,104,105,106,107,108,109,110,111,112,113,114,116,117,119,120,121,122,123,124,125,127
57,58,59,60,62,63,65,66,67,68,70,71,73,74,75,76,77,78,79,80,81,83,84,85,86,87,89,91,92,93,94,95,96,97,98,99,100,102,103,105,106,107,108,109,110,111,112,113,114,115,117,120,121,122,124,125,126,128
58,59,60,61,63,64,65,66,67,68,70,71,72,73,74,76,77,78,79,80,81,82,83,84,86,87,88,89,90,91,92,93,94,95,96,97,99,100,101,102,103,104,105,106,107,109,110,111,112,113,114,115,116,117,118,119,120,121,122,125,127,128
59,60,62,64,65,66,67,69,70,71,72,73,74,75,77,78,79,80,82,84,86,87,88,90,91,92,93,94,95,96,97,98,99,100,101,102,103,105,106,107,109,110,111,112,113,114,115,116,118,119,120,121,122,123,124,125,126,127,128
60,61,62,63,64,65,66,67,68,69,71,72,73,74,75,77,78,79,80,81,82,83,84,86,87,88,89,90,91,92,93,94,96,97,98,99,100,101,102,103,104,106,107,108,109,111,112,113,115,116,118,119,120,122,123,125,126,127,128
61,62,63,64,65,67,68,70,71,72,73,74,75,76,78,79,81,82,83,84,85,86,87,88,89,90,91,92,93,94,95,96,97,98,99,100,101,102,103,104,105,106,108,109,110,111,112,114,116,117,118,119,120,121,123,124,125,126,127,128
62,63,66,67,68,69,70,72,73,74,75,76,77,78,79,80,81,82,84,85,86,88,89,90,91,92,93,94,95,96,97,98,99,100,101,103,104,105,106,107,108,109,110,111,112,113,115,116,117,118,120,121,122,123,124,128
63,64,65,66,67,68,69,70,71,72,73,74,75,76,77,78,79,80,81,82,84,85,86,87,88,91,92,93,94,95,96,97,99,100,101,102,103,104,106,107,108,109,111,112,113,114,115,116,117,118,119,120,121,122,124,125,126,127,128
64,65,66,67,68,70,73,74,75,76,77,78,79,80,81,84,85,87,88,89,90,91,93,94,95,96,97,98,100,103,104,105,106,108,109,110,111,113,114,115,116,117,118,120,121,122,123,124,125,126,127
65,66,67,68,69,71,72,73,74,75,76,77,78,80,81,82,83,84,85,87,88,89,90,91,92,93,94,95,96,97,98,99,100,101,102,103,104,105,106,107,108,109,110,111,112,113,114,115,116,118,119,120,121,122,123,124,125,126,128
66,67,68,69,70,71,72,73,74,75,76,77,78,79,80,81,82,83,84,85,86,87,88,89,90,91,92,93,94,97,98,100,101,102,104,105,106,108,109,111,112,113,114,115,116,118,119,120,121,122,123,126,128
67,68,69,70,71,72,74,75,76,77,78,79,80,81,83,84,85,86,87,88,89,90,91,92,93,94,95,96,97,98,99,101,102,103,104,106,107,108,109,110,111,112,113,114,117,118,119,120,121,122,123,124,125,127,128
68,69,70,71,72,73,74,75,76,77,78,79,80,81,82,83,84,85,86,87,88,89,90,91,92,93,94,95,96,97,98,99,100,101,102,103,104,105,106,107,108,110,111,112,113,114,115,116,117,118,120,121,122,123,125,126,127,128
69,71,72,74,76,77,78,79,80,81,82,83,84,85,86,87,88,89,90,91,92,93,94,95,96,97,98,99,100,101,102,104,105,106,107,108,109,110,111,112,113,114,116,117,118,119,120,121,123,124,125,126,127,128
70,73,74,75,76,77,78,80,81,82,83,84,85,86,88,89,90,91,92,93,94,96,97,98,100,101,103,104,105,106,107,109,110,111,112,113,114,115,116,117,119,120,121,122,123,124,125,126,127,128
71,72,73,74,75,76,77,78,79,80,81,82,83,84,85,86,87,88,90,91,92,93,94,95,96,97,98,99,100,101,103,104,105,106,107,108,109,111,112,113,114,115,117,118,119,120,121,122,123,124,125,126,127,128
72,73,74,75,76,78,79,80,81,82,83,84,85,86,87,89,90,91,92,93,94,95,96,97,98,99,100,101,102,103,104,105,108,109,110,111,112,113,114,115,116,117,118,119,121,122,123,124,125,126,127,128
73,75,76,77,78,79,80,81,82,84,85,88,89,90,93,94,95,96,97,98,99,100,101,102,103,104,105,106,107,108,110,112,113,114,116,117,118,119,120,121,122,123,124,125,126,127,128
74,75,76,77,78,79,80,81,82,83,84,86,87,88,91,92,93,94,95,96,97,98,99,100,101,102,103,104,105,106,107,108,109,110,111,112,114,115,116,117,118,119,121,122,123,124,125,126,127,128
75,76,77,78,79,81,82,83,84,85,86,87,89,90,91,92,93,94,95,96,97,98,99,100,101,102,103,104,105,106,107,108,109,110,111,112,113,114,115,117,118,120,121,122,123,125,128
76,77,78,79,80,81,82,83,84,85,86,87,88,89,91,92,93,94,96,97,98,99,100,101,102,103,104,105,107,109,110,111,113,114,115,117,118,119,123,124,125,126,127,128
77,78,79,80,81,82,83,84,86,87,88,89,92,93,94,95,96,97,98,99,100,101,102,103,104,105,106,107,108,109,110,111,112,113,114,115,116,117,118,119,120,121,122,123,125,126,127,128
78,79,80,82,83,84,85,88,89,90,91,92,93,94,95,96,97,98,99,100,101,102,103,104,105,106,107,108,109,110,111,112,113,115,116,117,118,119,120,121,122,123,124,125,126,127,128
79,80,81,82,83,84,85,86,87,88,89,90,91,92,94,97,99,100,101,102,103,104,105,107,108,109,110,112,113,114,115,116,118,119,120,121,122,123,124,125,126,127,128
80,81,82,83,84,85,86,88,89,91,92,93,94,96,97,98,99,100,101,103,105,106,107,108,109,110,111,112,113,114,115,116,117,118,119,121,122,123,124,126,128
81,82,85,87,88,89,91,92,93,94,95,96,97,98,99,100,101,102,103,104,105,106,107,108,109,110,111,112,114,115,116,117,118,120,121,122,123,125,126,127,128
82,83,84,86,88,90,91,92,93,95,96,97,98,99,100,101,102,103,104,105,107,108,110,111,113,114,115,116,117,118,119,120,121,122,123,124,125,126,127,128
83,84,87,88,89,90,91,92,93,94,95,96,97,98,99,100,101,102,103,104,105,106,107,108,109,111,112,114,115,116,117,118,119,120,121,122,123,124,125,126,127,128
84,86,87,88,89,90,91,92,93,95,96,97,98,99,100,103,104,105,107,108,109,111,112,113,114,115,116,118,119,120,121,123,124,125,126,128
85,86,87,88,89,90,91,92,93,94,96,97,98,99,100,101,102,103,104,105,106,107,108,109,111,112,113,115,117,118,119,121,122,123,124,125,126,127,128
86,87,88,89,90,91,92,93,94,95,96,97,98,100,102,103,105,106,107,109,110,111,112,114,115,116,117,118,119,120,121,122,123,124,126,127,128
87,89,90,92,93,94,95,96,97,98,99,101,102,103,104,106,107,109,110,112,113,114,115,116,118,119,120,121,122,123,124,126,127,128
88,89,91,92,93,94,95,96,97,98,99,100,101,102,103,105,106,107,108,109,110,111,112,113,114,115,116,117,118,119,120,121,122,123,124,125,126,128
89,90,91,92,93,94,95,96,97,98,99,100,101,102,103,104,105,106,108,109,110,111,112,113,114,115,116,117,118,119,120,121,122,123,124,126,127,128
90,92,93,94,95,96,97,98,99,100,101,102,103,104,105,106,107,108,109,110,111,113,114,116,117,118,119,120,121,122,124,125,126,127,128
91,92,93,94,95,96,98,99,100,101,102,103,104,105,106,107,108,109,110,111,112,114,116,117,118,119,120,121,122,124,125,126,127
92,93,94,95,96,97,98,99,100,101,102,103,104,105,106,107,108,109,110,111,112,113,115,116,117,118,119,120,121,122,123,124,125,127,128
93,94,95,96,97,98,99,100,101,102,103,104,105,106,107,108,109,110,112,113,114,115,116,117,118,119,120,121,122,123,124,126,127,128
94,96,98,99,100,101,102,103,104,108,109,110,111,112,113,114,115,116,117,118,119,120,121,122,123,124,126,127
95,96,98,99,100,101,102,103,104,105,107,108,109,110,111,112,113,114,115,116,117,118,119,121,122,123,124,125,126,128
96,97,98,99,101,102,103,104,105,107,108,109,110,111,112,114,115,116,117,118,119,120,121,122,123,124,125,126,127,128
97,98,99,100,101,102,103,104,105,106,107,109,110,111,112,113,114,115,116,117,118,120,121,122,123,124,125,126,127,128
98,99,100,102,103,104,105,106,107,108,109,110,111,112,114,115,116,117,118,119,120,121,123,124,125,126
99,100,101,102,103,104,105,106,107,108,109,110,111,112,113,114,115,116,117,118,119,121,122,123,124,125,126,127
100,101,102,103,104,106,107,108,109,110,111,112,113,114,116,117,118,119,120,121,122,123,124,125,126,127,128
101,102,103,105,107,108,109,110,112,113,115,116,117,118,119,120,121,122,123,124,125,126,127,128
102,104,105,106,109,110,111,112,113,114,115,116,117,118,119,120,121,122,123,124,125,126,127,128
103,104,105,106,107,108,109,111,112,113,114,115,116,118,119,120,121,122,123,125,126,128
104,105,106,107,108,109,110,111,112,113,114,115,116,117,118,119,120,121,122,123,124,125,126,127,128
105,106,107,109,110,111,112,113,114,115,116,117,118,119,120,121,122,123,124,125,126,127,128
106,107,108,109,111,112,113,114,115,116,117,118,119,120,121,122,123,124,125,126,127
107,108,109,110,111,112,113,114,116,117,118,119,120,121,122,123,124,125,126,128
108,109,110,111,112,113,114,115,116,117,118,120,121,122,123,124,125,126,128
109,110,111,113,114,115,116,117,118,119,120,121,122,123,124,125,126,127,128
110,111,112,113,114,115,118,120,121,122,123,124,125,126,127,128
111,112,113,114,115,116,117,118,119,120,121,122,123,124,125,126,128
112,113,114,115,116,117,118,119,120,121,122,123,124,125,126,127,128
113,114,115,116,117,118,119,120,121,122,123,124,125,126,127
114,115,116,117,118,119,121,122,123,125,126,127,128
115,116,117,118,119,120,121,122,123,124,125,127,128
116,117,118,119,121,122,123,124,125,126,127
117,118,119,120,121,122,123,124,125,126,127,128
118,120,121,122,123,124,126,127,128
119,120,121,122,123,125,126,127,128
120,121,122,123,124,125,126,127,128
121,122,123,124,125,126,128
122,123,124,125,126,127,128
123,124,125,126,127,128
124,125,126,127,128
125,127,128
126,127,128
127,128
128
