n_nodes:178
n_edges:2625
density:0.16663
0,131,4,7,137,10,151,76,15,147,148,21,150,23,25,94,31,99,36,167,104,171,44,110,111,112,113,114,51,126,138,62
1,131,68,6,7,137,139,143,77,13,16,148,149,150,153,90,27,159,37,166,168,170,44,45,46,174,114,172,52,53,54,134,63
2,128,3,86,70,33,74,11,13,16,145,149,22,151,91,156,29,95,97,98,27,6,112,144,171,44,174,48,114,55,120,123
3,65,164,132,8,160,66,152,18,147,148,150,151,88,100,26,156,29,32,97,35,36,41,106,43,109,175,177,50,19
4,128,6,7,73,10,160,142,143,81,85,90,91,159,32,168,105,172,173,46,114,51,53,125,62
5,19,130,11,69,135,9,75,142,79,18,99,84,171,153,27,28,30,95,96,35,165,104,124,42,43,109,110,51,116,54,120,60
6,64,150,72,9,11,66,143,81,19,149,86,25,89,30,97,35,44,173,112,136,114,51,52,54,55,58,119,151
7,130,70,8,9,74,12,13,143,80,145,84,86,23,28,33,36,134,140,106,176,111,48,136,114,115,119,57,123,60,63
8,69,134,141,14,80,152,20,86,88,133,32,161,102,177,40,41,49,50,53,54,119,120,84,58,168
9,64,129,130,72,44,138,17,156,22,88,152,91,81,94,133,160,161,35,103,145,108,174,118,137,120,63
10,64,133,68,75,12,77,16,147,84,149,89,91,156,96,100,134,104,42,110,125,114,115,119,121,127,106,62,63
11,128,65,131,68,71,73,74,23,14,15,17,84,149,87,88,153,175,28,29,94,96,35,36,145,40,156,167,111,113,56
12,131,72,139,77,144,17,83,20,153,27,28,158,95,32,161,155,163,165,41,171,44,48,136,19,125
13,67,69,72,78,83,148,87,90,94,34,131,101,166,103,105,170,71,110,112,115,121,58,124,61,126
14,65,139,135,74,79,17,84,150,57,89,15,92,122,96,162,164,168,110,113,117,121,87,126,127
15,132,134,73,74,77,21,151,88,26,27,28,96,48,36,41,170,107,173,175,112,52,118,137,60,61
16,64,131,134,136,77,80,147,84,152,154,29,161,39,172,110,176,49,19,116,120,57,122,63
17,68,118,70,71,74,75,19,85,22,150,26,30,159,98,131,165,102,119,106,113,50,54,55,121,59
18,71,136,137,75,162,79,56,163,148,86,23,27,95,96,33,34,35,37,38,172,174,48,54,119,120,122
19,129,132,135,136,138,139,142,131,148,151,24,153,155,31,161,165,168,43,50,57,134,65,66,68,74,75,83,86,88,89,100,101,104,109,111,117,120,123
20,65,69,70,71,172,74,78,81,99,25,90,91,94,95,96,35,103,105,167,44,177,47,48,49,27,57,123,60,138,63
21,129,130,68,69,113,175,79,80,145,156,84,28,95,148,99,36,165,39,92,108,173,47,49,51,120,121,122,60,63
22,72,143,83,148,24,88,26,157,31,35,165,38,177,40,169,111,176,113,57,123,125
23,129,130,133,138,162,81,82,147,86,28,93,150,165,98,99,100,101,166,39,170,107,172,109,47,114,52,56,59,127
24,64,130,147,145,82,88,27,28,158,95,96,162,123,100,101,104,107,44,109,47,49,114,115,155,53,118,119,56,122,59,125,117
25,68,71,72,44,75,142,83,150,89,90,155,93,158,95,160,162,37,167,40,171,108,174,48,49,116,58,124,125,127
26,51,73,81,84,85,89,143,161,34,155,49,105,42,44,177,113,114,115,53,169,123,60,170
27,71,76,74,151,80,82,85,87,88,155,92,95,161,148,99,36,145,41,174,111,113,117,105,120,57,59,124,61,127
28,128,79,152,82,163,90,91,159,31,162,99,164,102,38,104,41,107,44,49,87,59,151,63
29,64,128,130,97,74,140,77,142,45,115,75,67,139,86,175,158,33,34,100,166,104,170,43,141,109,47,112,51,117,118,83,148,127
30,64,128,66,67,68,72,73,138,76,141,142,143,81,146,131,88,154,33,134,38,106,108,174,47,136,51,117,119,56,61
31,128,130,129,136,78,80,84,89,154,96,99,36,104,135,173,46,112,114,52,62,61,126,127
32,64,65,34,134,41,147,173,110,79,48,108,83,53,88,91
33,136,76,83,85,86,152,91,95,34,100,37,43,50,177,114,52,120,121,58,59,149
34,128,96,67,68,70,76,78,145,149,87,164,92,159,100,102,38,39,104,171,177,116,53,57,122,123,124,61,165
35,129,130,81,85,151,169,154,91,158,133,101,41,109,175,112,177,114,53,54,55,56,125,149
36,129,68,70,77,81,82,156,96,165,162,164,134,166,169,42,53,115,106,125,62,85
37,64,66,67,69,136,74,151,143,80,82,131,86,89,155,91,94,99,100,101,146,114,52,117,55,120,121,58,124
38,67,68,133,134,72,74,139,77,80,81,147,151,159,112,99,114,165,105,42,109,174,48,50,54,58,59,125
39,67,133,78,79,144,81,149,86,87,93,150,69,164,50,57,55,121,58,127
40,66,107,70,105,109,78,93,176,139,149,175,89,155,151,61
41,128,65,66,67,129,73,175,130,80,84,144,166,102,113,44,174,111,176,49,147,56,57,61
42,64,131,77,144,57,111,133,160,161,98,99,166,171,172,47,48,114,115,53,138,121,58,159,125
43,128,65,71,75,79,80,120,82,95,133,163,100,102,103,112,170,110,47,48,113,114,56,159
44,69,71,136,152,82,83,174,87,156,157,101,102,135,108,45,110,112,73,153,137,59,166,146
45,123,112,106,151,48,116,55,90,79,92,58,95
46,98,68,165,65,170,130,110,177,146,115,119,122,159,93,94
47,64,65,134,135,136,74,145,146,83,154,92,98,164,103,169,107,177,115,116,118,58,123,125,127
48,67,68,152,83,151,88,90,156,98,99,100,101,175,113,52,131,120,57,59,127
49,64,75,140,143,80,81,91,157,158,165,168,144,51,52,105,56,124,120,127
50,128,129,135,74,76,115,146,89,155,160,164,102,161,166,112,51,57,60,65
51,67,135,138,76,77,141,81,82,147,86,151,88,68,159,171,163,134,166,167,169,122,107,109,175,117,58
52,150,136,83,86,160,97,98,164,165,71,159,114,118,56,58,59,60,61
53,128,96,74,55,76,78,173,83,142,89,158,163,168,109,177,73,56,123,170
54,64,115,71,138,75,76,78,99,91,161,98,164,113,168,105,170,167,172,109,175,72,114,83,116,117,59,146,127
55,64,128,68,83,142,173,82,99,85,87,152,90,157,161,162,147,127,114,115,116,163,63,117
56,64,131,127,71,137,144,120,163,85,87,133,96,98,166,113,104,105,170,177,121,58,119,61,117
57,128,147,150,75,85,91,92,96,97,101,108,114,115,116,119,122,60,126,127
58,75,78,120,156,85,86,153,91,101,95,98,163,145,107,110,72,123,166,63
59,132,69,134,73,75,79,144,81,146,85,86,160,162,101,104,177,168,114,137,122,124
60,131,135,137,139,78,83,91,92,161,148,101,176,119,63,61,126,127
61,131,132,69,161,72,74,143,144,124,84,98,92,94,97,99,103,176,177,63
62,171,69,70,72,76,77,78,145,83,142,87,152,157,95,133,162,167,107,113,114,118,63
63,66,70,95,100,102,129,124,71,159,174,176,116,126,123
64,66,132,133,72,74,76,162,142,138,120,83,154,89,90,155,101,98,145,176,115,124,127
65,68,72,73,77,81,82,149,150,88,89,111,157,94,131,165,168,105,124,126
66,133,138,75,143,149,151,153,79,93,94,69,160,91,177,174,113,147,119,124
67,161,177,74,75,76,157,80,81,150,90,95,97,99,171,110,154,113,118,122,124,138
68,149,130,132,70,136,75,98,142,143,80,146,164,88,152,81,171,135,109,83,122,159,125,85
69,149,160,130,137,138,126,142,80,145,86,87,89,91,167,96,153,164,103,112,155,117,118,119,120,122,127
70,131,133,134,138,80,83,84,121,88,91,93,95,97,100,167,161,106,148,172,173,110,175,119
71,134,136,172,74,144,149,89,95,162,99,164,101,106,112,119,124,125
72,129,78,144,147,142,165,104,107,168,116,119,127
73,128,129,136,158,78,144,81,83,148,149,152,159,99,100,103,116,169,117
74,129,75,140,149,87,164,154,96,80,98,100,104,106,174,176,177,119,111
75,128,136,76,162,82,88,158,133,97,98,125,116,127
76,97,138,77,78,143,80,147,85,157,158,165,103,144,171,109,124
77,134,139,141,79,81,149,88,93,95,160,162,99,166,103,167,114,155,120,138,127
78,82,93,99,105,172,109,104,114,123
79,149,129,137,138,142,173,150,90,162,163,172,174,114
80,128,160,140,139,142,173,146,163,150,87,101,133,99,100,108,109,136,125
81,150,113,119,86,152,95,162,101,104,169,159,110,158,89,120,84,122,134,127
82,128,171,133,135,140,141,96,168,173
83,160,126,118,132,144,90,155,92,150,165,167,168,156,113,147
84,139,142,90,97,161,101,168,121,123
85,144,90,155,93,94,159,160,173,124
86,129,131,139,122,158,159,100,104,106,112,120,124
87,134,136,90,91,159,96,161,166,168,107,109,174,175,115,155,117,119,125
88,164,145,134,89,152,98,99,131,101,169,111,114,119,126
89,130,131,136,172,140,144,142,153,101,96,165,98,99,166,145,108,114,174,176,116,149
90,130,135,137,128,109,146,92,157,112,99,163,107,108,174,126
91,161,151,163,149,132,92,95,102,107,108,169,117,134,153,126
92,151,142,144,150,99,164,166,102,104,108,110,112,121,122,168
93,133,137,138,139,145,146,161,162,99,101,106,167,175,170,151,125
94,171,129,130,173,152,143,160,164,106,135,110,174,117,175,148
95,149,145,139,155,147,152,130,164,163,146,97,161,171,177,116,118,127,165
96,130,120,173,156,161,102,106,110,114,119,153
97,150,156,158,161,162,169,172,109,176,118,134
98,139,118,136,146,147,110,154,111,159,162,101,167,169,107,125,113,115,132
99,156,119,145,146,171,154,158,161,164,104,135,142,174,115
100,150,136,159,170,108,109,110,111,120
101,128,171,147,136,138,151,143,156,161,164,105,135,163,115,118
102,163,151,153,155,170,110,114,118,122,126,127
103,128,174,141,113,157,153,122,133
104,134,139,143,153,154,175,160,164,170,109,125,121,123
105,131,132,135,120,163,155,158,162,164,114,122,166
106,130,133,137,142,146,152,153,163,109,157,112,119,122,126
107,128,130,136,144,152,146,150,159,160,163,169,170,173,124
108,140,147,171,110,112,172,119,125,126,149
109,140,141,132,155,159,165,167,175,119,122,168,124,170
110,130,172,152,122,128,173,175,115
111,141,142,149,151,160,165,172,112,115,119,120
112,140,173,149,152,150,114,168,157,158
113,118,138,143,144,151,120,154,163,157,114,115,169,127
114,133,145,150,155,162,129,174,175,161,165,118,120,122
115,129,130,133,167,171,116,126
116,139,146,118,157,163,174,177,123
117,128,148,149,157,121,126
118,132,135,162,153,160,145,168,123,124,125
119,131,132,172,143,161,164,146,121,166
120,129,171,148,153,150,159,173,158,123
121,128,130,138,139,146,152,165,164,166,169,172,122,126
122,130,139,142,152,123,164,174,177
123,128,134,137,162,156,170,135,126
124,132,134,136,173,155,177,129,169,171,175
125,129,130,134,155,165,167,169,171,174,132
126,131,137,138,139,141,150,160,161,166,151
127,130,134,173,144,146,150,170,159,151,175
128,135,140,162,171,153,161,164,146
129,173,155
130,134,154,156,161,164,159,176
131,132,136,138,142,169,154,161,163,158,170
132,135,162,149,152,154,172
133,140,141,149,150,175,161,162,134,157
134,171,137,175,142,149,162,174,138
135,173,146,151,175,159,161
136,141,139,157,167,173,140
137,146,177,138
138,159,161,176,158
139,143,149,144,173
140,166,161,175,172,148,154,165
141,176,163,172,157,173,143
142,146,150,154,144,174,153
143,150,147,149,156,169,175
144,155,160,164,176,147,169
145,175,151,154,158,160,176,166,169,170,171,157,155,153
146,162,150,155,166,169,173,176,177
147,160,162,148,163,174,159
148,171,176,177
149,163,157,162
150,151,164,167,160,156
151,153,157
152,156,169,163,175,158,170
153,177
154,177,163,167,170,168
155,162,176
156,161,165,168,174
157,158,159,176,164,168,167
158,170,172,173
159,164,166
160,161,175,164,168,170
161,168,176
162,169,173,165,163,166
163,176,166
164,166,168
165,173
166,169,171
167,169,170
168
169
170
171,172,174
172
173,176
174
175
176
177
