n_nodes:73
n_edges:1482
density:0.56393
0,64,65,2,67,4,6,71,8,9,12,66,14,15,18,20,21,24,26,27,28,29,30,32,34,35,38,41,42,43,46,48,49,50,55,56,58,60,63
1,64,65,66,5,6,8,9,12,13,17,20,23,26,30,31,33,34,36,70,38,40,41,42,43,44,45,48,49,50,52,53,54,55,56,57,61,63
2,4,5,6,8,9,10,11,12,13,14,16,20,21,23,24,25,26,27,28,29,30,31,32,34,36,37,39,40,41,42,43,44,45,48,50,51,52,55,57,60,63,65,67,69,70,71
3,64,65,66,67,4,69,6,7,72,10,12,14,16,17,18,20,22,23,25,26,27,28,33,34,36,70,39,71,46,47,49,50,52,55,57,59,60,63
4,5,6,7,10,11,12,13,14,15,17,20,22,23,25,26,27,28,30,31,33,35,36,37,38,39,40,42,46,47,51,53,54,56,58,60,64,65,66,68,70,71,72
5,67,6,7,9,10,11,15,16,18,20,23,24,30,36,70,39,40,42,71,45,50,52,53,54,56,57,58
6,70,64,8,10,12,13,14,15,16,18,19,66,68,26,27,28,69,32,36,37,38,40,41,48,72,55,56,61,62,65
7,8,9,11,13,14,15,17,20,22,23,24,26,27,28,29,30,31,32,33,36,37,38,39,41,42,45,46,47,48,49,50,51,52,54,55,59,60,64,65,66,70,71
8,67,66,69,64,9,10,13,14,15,16,71,18,19,21,22,23,68,26,28,29,31,32,35,36,65,41,43,45,48,72,51,54,55,56,58,60,61
9,67,66,10,11,13,15,16,17,18,19,20,21,23,24,25,26,27,28,29,31,32,35,37,64,71,48,52,56,58,61
10,11,12,13,15,16,17,18,19,23,24,25,26,29,30,31,32,33,38,40,41,42,44,46,47,49,50,53,54,57,58,60,61,62,65,67,68,69
11,64,68,67,70,66,15,18,19,21,22,23,25,27,30,69,35,36,39,41,42,44,45,46,47,48,49,53,54,55,59,61,63
12,65,64,66,15,16,17,18,23,25,26,27,28,30,31,33,35,36,37,38,39,41,43,46,47,49,50,51,54,56,57,58,70,63
13,68,67,69,14,15,16,17,20,21,23,24,25,27,29,30,31,32,70,35,36,37,42,43,45,46,48,49,50,51,53,55,60,61,62
14,15,16,17,18,21,22,24,25,26,28,29,30,32,33,34,35,40,41,42,43,46,50,52,53,56,57,58,59,60,61,62,64,65,66,68,71,72
15,16,17,18,19,20,21,23,25,26,28,29,30,31,32,34,35,36,37,38,40,41,42,43,44,45,48,52,55,58,59,60,61,62,63,64,65,66,67,68,69,70,71,72
16,17,18,20,23,24,25,26,28,31,32,33,34,35,37,39,40,42,47,48,50,54,56,60,61,62,63,64,65,66,67,68,69,71
17,66,70,72,67,25,27,29,32,34,35,37,65,40,41,42,44,45,47,49,51,52,54,55,56,59,63
18,19,20,23,25,29,30,32,33,36,37,38,39,40,41,42,46,47,48,49,50,57,58,59,61,62,64,65,66,67,68,71,72
19,64,65,66,67,68,71,21,23,24,26,27,28,32,33,34,36,70,40,46,48,72,51,52,53,55,58,59,60,61,62,63
20,68,72,67,22,23,24,25,26,27,29,32,34,35,36,70,39,40,43,44,46,48,49,52,58,59,60,61,62,63
21,67,69,70,23,24,25,27,31,32,33,34,35,36,40,41,42,44,48,49,51,53,72,57,60,62,63
22,64,65,66,69,68,67,24,25,26,27,29,30,32,35,37,40,41,71,70,48,51,52,53,54,55,56,58,60,62,63
23,24,27,28,31,32,33,34,35,42,43,44,47,48,49,50,51,52,54,55,58,60,62,66,67,70,71
24,64,66,70,26,27,30,31,32,35,36,37,65,39,40,41,42,43,44,45,46,48,50,51,69,54,56,58,60,62
25,26,28,29,30,32,35,36,39,40,41,42,43,44,45,46,47,48,50,51,53,56,57,60,62,64,65,66,67,70,71
26,71,68,32,34,36,37,38,40,67,44,45,50,52,53,54,55,56,58,60
27,65,72,68,28,29,30,31,32,33,34,35,36,37,38,39,67,44,47,49,50,52,53,55,58,60,63
28,64,69,72,68,29,31,32,33,67,35,65,41,71,45,48,49,51,53,55,56,58,60,61,62,63
29,65,67,68,30,31,32,33,34,35,36,37,38,39,41,42,47,49,51,52,55,56,58,59,61,72,63
30,68,72,71,69,31,32,33,34,37,65,39,40,70,44,45,47,48,49,51,55,56,60,61
31,67,69,70,71,32,33,36,37,38,39,40,41,42,43,44,45,47,48,50,56,58,59,60,65
32,33,34,35,36,38,39,40,41,43,44,45,46,47,48,49,50,51,54,56,58,64,66,72
33,70,67,71,34,35,36,65,39,40,41,42,43,46,48,50,51,52,59,60,61
34,36,37,38,39,41,43,45,47,48,49,51,53,54,55,56,57,60,61,62,63,64,65,66,67,68,69,70,71,72
35,66,70,36,37,39,42,43,46,48,51,53,54,56,57,59,61,62,63
36,38,40,41,45,47,48,49,50,53,55,56,58,59,60,62,63,65,66,67,70,71,72
37,64,65,67,69,71,66,68,70,39,42,43,44,47,48,49,51,52,53,54,56,60,72,63
38,67,64,68,70,43,45,47,72,50,51,53,54,55,56,57,60,62,63
39,64,68,66,67,69,71,43,44,47,49,51,52,53,54,55,59
40,64,67,71,72,68,42,45,47,48,49,51,52,54,55,57,60,61,62
41,43,45,46,47,51,52,53,54,55,57,58,59,60,61,62,64,66,68,69,70
42,67,70,72,65,66,43,44,46,47,48,50,53,54,56,59,60,61,62
43,66,68,64,70,44,45,46,47,48,49,50,53,55,72,57,58,59,60,61,62,65
44,64,67,70,65,72,71,46,50,52,53,55,57,59,62,63
45,68,67,66,70,71,69,47,72,50,51,52,55,56,57,58,62
46,66,70,71,67,47,48,49,54,56,58,59,60,63
47,64,65,69,67,71,53,54,55,57,60,61,62
48,49,50,51,52,54,56,58,61,63,64,67,68,71,72
49,66,68,69,72,67,65,51,52,53,54,56,57,58,59,62,63
50,66,68,67,69,70,51,53,65,62,63
51,68,67,53,55,72,57,59,63
52,68,66,65,53,54,58,61,62,63
53,68,65,72,69,62
54,64,66,67,68,69,55,57,58,59,65,62,63
55,66,69,68,70,72,56,57,58,59,60,61,63
56,65,68,64,71,57,62
57,72,66,67,69,58,60,61
58,65,66,67,70,71,69,59,60,61,62
59,69,72,67,61,63
60,61,62,64,65,66,70,71
61,67,69,71,70,62,63
62,65,66,67,68,69,72,70,63
63,69,70,65,64,66,71,67,72
64,66,69,71,72
65,69,70,72
66,67,70,71,72
67,69,70,72
68,72,70
69,72,70
70,71
71
72
