n_nodes:38
n_edges:516
density:0.734
0,1,2,3,4,5,6,9,10,11,12,13,14,15,16,17,18,20,21,22,23,24,26,28,29,31,32,34,35,36,37
1,3,4,6,7,13,15,20,21,22,23,24,25,26,27,28,29,30,31,33,34,35,36,37
2,3,5,6,7,8,10,11,13,14,17,18,19,20,21,22,24,25,26,27,32,33,34,36,37
3,4,5,6,7,8,9,10,11,12,13,14,15,17,18,20,22,23,24,25,27,29,30,32,33,34,35,36,37
4,7,8,9,10,11,12,13,14,15,17,19,21,22,23,26,28,29,30,31,33,34,36,37
5,6,7,8,9,11,12,13,15,18,19,20,21,22,23,25,28,32,34,35,36
6,7,8,9,12,13,14,15,16,17,18,19,22,24,25,27,28,30,31,32,33,34,35,36,37
7,8,10,11,12,13,15,16,17,18,20,21,22,23,24,25,26,27,30,31,33,34,36,37
8,9,10,13,14,15,16,17,18,19,20,21,22,24,26,27,30,31,32,34,35,36,37
9,10,11,14,16,17,18,19,20,21,22,23,24,25,26,27,28,29,32,33,34,35,37
10,11,13,14,15,16,17,18,19,21,22,23,27,28,29,30,31,32,33,35,36
11,12,13,14,15,16,17,19,20,21,22,24,27,28,31,32,33,35,36,37
12,13,14,16,18,19,20,21,22,23,25,26,27,28,29,31,32,33,34,36,37
13,14,15,17,18,20,21,22,26,27,28,30,31,32,34,35,36
14,15,16,17,18,20,22,24,25,28,29,30,32,33,34,35,36
15,16,17,18,19,20,22,23,24,25,26,29,30,31,32,33,34,36,37
16,19,20,22,23,25,26,27,29,31,32,35,37
17,18,20,21,22,23,24,25,27,28,30,32,34,36
18,19,21,22,23,26,30,31,33,34,35,36,37
19,20,21,22,24,25,26,28,29,30,32,35,36,37
20,21,22,23,24,25,27,29,30,32,33,34,35,36,37
21,22,23,24,26,27,28,29,30,32,33,34,35,36,37
22,24,26,27,29,30,31,32,33,35,37
23,24,25,27,29,32,33,34
24,25,27,29,31,32,33,35,36,37
25,26,27,28,29,30,31,32,33,35,36,37
26,27,28,29,30,31,32,35,36,37
27,28,29,30,32,33,34,35,36,37
28,30,31,32,33,34,35,37
29,32,33,37
30,31,32,33,34,35,37
31,32,33,34,35,36,37
32,33,34,35,36,37
33,34,36,37
34,35,36,37
35,37
36,37
37
