n_nodes:24
n_edges:159
density:0.57609
0,2,3,4,6,7,8,10,11,12,15,16,18,23
1,16,17,2,3,4,19,23,9,11,12,13
2,4,6,8,10,12,18,19,20,21,22
3,18,19,22,17,8,12,13,15
4,5,6,7,8,9,10,11,12,13,15,16,18,19,21,22,23
5,6,7,9,10,12,14,15,16,18,20,21,22
6,7,8,10,13,15,17,18,19,20,21,23
7,8,9,11,12,14,15,16,17,19,20,21,23
8,9,12,13,16,17,18,19,20,23
9,11,12,14,18,19,20,21,22,23
10,11,12,13,14,16,18,20,21
11,13,14,15,16,20,21
12,13,14,17,18,19,20,23
13,14,17,18,20,22,23
14,16,17,22,15
15,16,23,21
16,17,18,19,20,21,22,23
17,22,23
18,20,22,23
19
20,22
21,23
22
23
